Fitness funtion: -1 * (train_validation_error[:, 1] + train_validation_error[:, 0])
Starting all over again with new root population
No of generations: 4
Population size: 10
Mutation coefficient: 0.2
Split point: 7
Two offspring per pair
Population:
[[ 0.00000000e+00  0.00000000e+00  0.00000000e+00 -6.97645428e+00
   0.00000000e+00  0.00000000e+00  0.00000000e+00  0.00000000e+00
   9.97584735e+00  0.00000000e+00]
 [-1.45799022e-12 -1.45799022e-12 -1.45799022e-12  9.17388957e+00
  -1.45799022e-12 -1.45799022e-12 -1.45799022e-12 -1.45799022e-12
  -8.10262434e+00 -1.45799022e-12]
 [-2.28980078e-13 -2.28980078e-13 -7.95159512e+00 -2.28980078e-13
  -2.28980078e-13 -2.28980078e-13  5.11075891e+00 -2.28980078e-13
  -2.28980078e-13 -8.16509227e+00]
 [ 4.62010753e-11  4.62010753e-11  4.62010753e-11  4.62010753e-11
  -3.79983720e+00  4.62010753e-11  5.24436467e+00  4.62010753e-11
   4.62010753e-11  4.62010753e-11]
 [-1.75214813e-10 -1.75214813e-10 -1.75214813e-10 -1.75214813e-10
  -1.75214813e-10 -1.75214813e-10 -1.75214813e-10 -1.75214813e-10
  -1.75214813e-10 -1.75214813e-10]
 [-1.83669770e-15 -1.83669770e-15 -1.83669770e-15 -1.62597588e-01
  -1.83669770e-15 -1.83669770e-15 -1.83669770e-15  1.28888585e+00
  -1.83669770e-15 -1.83669770e-15]
 [ 8.52944060e-16  5.82895597e+00 -8.28591089e+00  8.52944060e-16
   8.52944060e-16 -4.73220725e+00 -7.95843573e+00  5.61612524e+00
   8.52944060e-16  8.52944060e-16]
 [-4.36617211e+00  1.66927218e+00  2.29423303e-05  9.79555249e+00
   2.29423303e-05  2.29423303e-05  2.29423303e-05  2.29423303e-05
   2.29423303e-05  2.29423303e-05]
 [-2.04721003e-06 -1.71404046e+00  9.73410721e+00 -6.37112394e+00
  -2.04721003e-06 -2.04721003e-06 -2.04721003e-06 -2.04721003e-06
   3.51231029e+00 -2.04721003e-06]
 [ 6.49488335e+00 -1.59792834e-08 -1.59792834e-08 -1.59792834e-08
  -1.59792834e-08 -9.51334575e+00 -1.59792834e-08  3.65286216e+00
  -1.59792834e-08 -1.59792834e-08]
 [ 3.13141726e+00  9.98214034e-10  9.98214034e-10  9.98214034e-10
   9.98214034e-10  9.98214034e-10  9.98214034e-10  1.48831172e-01
   9.98214034e-10 -5.96524134e+00]]
Train validation errors
[[4.831896876540929e+33, 9.15901577603045e+33], [2.3338422162122807e+26, 4.514476654484698e+26], [7.82461932790123e+27, 1.5170116536475186e+28], [9.692690214640362e+39, 9.863348076698743e+39], [38053871498.847206, 308399085053.73004], [1.7455159025824293e+31, 3.3462969593037764e+31], [61598897005.092, 599542626519.0931], [6.09045069317658e+41, 6.19770584947138e+41], [1.0187251853451363e+27, 1.9750711574935635e+27], [1.6149482182261329e+34, 3.0552807528611755e+34]]
Selected parents:
[[ 0.00000000e+00 -1.45799022e-12 -2.28980078e-13  4.62010753e-11
  -1.75214813e-10 -1.83669770e-15  5.82895597e+00  1.66927218e+00
  -1.71404046e+00 -1.59792834e-08  9.98214034e-10]
 [ 0.00000000e+00 -1.45799022e-12 -7.95159512e+00  4.62010753e-11
  -1.75214813e-10 -1.83669770e-15 -8.28591089e+00  2.29423303e-05
   9.73410721e+00 -1.59792834e-08  9.98214034e-10]
 [ 0.00000000e+00 -1.45799022e-12 -2.28980078e-13 -3.79983720e+00
  -1.75214813e-10 -1.83669770e-15  8.52944060e-16  2.29423303e-05
  -2.04721003e-06 -1.59792834e-08  9.98214034e-10]
 [ 0.00000000e+00 -1.45799022e-12 -2.28980078e-13  4.62010753e-11
  -1.75214813e-10 -1.83669770e-15 -4.73220725e+00  2.29423303e-05
  -2.04721003e-06 -9.51334575e+00  9.98214034e-10]
 [ 0.00000000e+00 -1.45799022e-12  5.11075891e+00  5.24436467e+00
  -1.75214813e-10 -1.83669770e-15 -7.95843573e+00  2.29423303e-05
  -2.04721003e-06 -1.59792834e-08  9.98214034e-10]
 [ 9.97584735e+00 -8.10262434e+00 -2.28980078e-13  4.62010753e-11
  -1.75214813e-10 -1.83669770e-15  8.52944060e-16  2.29423303e-05
   3.51231029e+00 -1.59792834e-08  9.98214034e-10]]Population:
[[ 0.00000000e+00  0.00000000e+00  0.00000000e+00  9.97584735e+00
   0.00000000e+00  0.00000000e+00  0.00000000e+00  0.00000000e+00
   0.00000000e+00  8.27033627e+00]
 [-1.45799022e-12 -1.45799022e-12  3.25339488e+00 -8.10262434e+00
  -1.45799022e-12  5.75103845e+00 -1.45799022e-12 -9.42540399e+00
   7.06936206e+00 -1.45799022e-12]
 [-2.28980078e-13  5.11075891e+00  5.11075891e+00 -8.75506209e+00
  -2.28980078e-13 -5.45444803e+00 -2.28980078e-13 -2.28980078e-13
   4.96616921e+00 -7.95159512e+00]
 [-3.79983720e+00  5.24436467e+00 -5.47125667e+00  5.24436467e+00
   4.62010753e-11  9.42817298e+00  4.62010753e-11  4.62010753e-11
   4.62010753e-11  6.28461359e+00]
 [-1.75214813e-10 -1.75214813e-10 -1.75214813e-10 -1.75214813e-10
   4.54914375e+00 -1.75214813e-10 -1.75214813e-10  4.71011221e+00
  -1.75214813e-10 -1.75214813e-10]
 [-1.83669770e-15 -1.83669770e-15 -1.83669770e-15 -1.83669770e-15
  -1.83669770e-15 -1.83669770e-15 -1.83669770e-15  1.31621054e+00
  -1.83669770e-15 -1.83669770e-15]
 [ 8.52944060e-16 -7.95843573e+00 -7.95843573e+00  8.52944060e-16
   5.82895597e+00  6.18587027e-01 -4.58904564e+00 -4.73220725e+00
  -8.28591089e+00 -8.28591089e+00]
 [ 2.29423303e-05  2.29423303e-05 -4.58067824e-01  2.29423303e-05
   1.66927218e+00  2.29423303e-05  2.29423303e-05  2.29423303e-05
   1.66927218e+00  2.29423303e-05]
 [-2.04721003e-06 -2.04721003e-06 -1.30159000e+00  3.51231029e+00
  -1.71404046e+00 -1.71404046e+00 -2.04721003e-06 -6.63007838e+00
   9.73410721e+00  9.73410721e+00]
 [-1.59792834e-08 -1.59792834e-08 -1.59792834e-08 -1.59792834e-08
  -1.59792834e-08 -7.61254990e+00 -9.51334575e+00 -1.59792834e-08
  -1.59792834e-08  6.27690544e+00]
 [ 9.98214034e-10  9.98214034e-10  9.98214034e-10  9.98214034e-10
   9.98214034e-10  9.98214034e-10  7.87733408e+00  2.48333753e+00
   9.98214034e-10  9.98214034e-10]]
Train validation errors
[[38053871498.847206, 308399085053.73004], [61598897005.092, 599542626519.0931], [1.4185125214605841e+26, 2.7523165204096156e+26], [1.0187251954836945e+27, 1.9750711805946305e+27], [2.3338398075881264e+26, 4.514471950708842e+26], [1.1278006423011047e+31, 2.1627939201355355e+31], [2.680262335400074e+34, 5.064327552534207e+34], [6.352123454605185e+41, 6.46422832020767e+41], [7.87768825926127e+27, 1.5278864722550387e+28], [8.079453092371578e+30, 1.5522258018379045e+31]]
Selected parents:
[[ 0.00000000e+00 -1.45799022e-12 -2.28980078e-13 -3.79983720e+00
  -1.75214813e-10 -1.83669770e-15  8.52944060e-16  2.29423303e-05
  -2.04721003e-06 -1.59792834e-08  9.98214034e-10]
 [ 0.00000000e+00 -1.45799022e-12  5.11075891e+00  5.24436467e+00
  -1.75214813e-10 -1.83669770e-15 -7.95843573e+00  2.29423303e-05
  -2.04721003e-06 -1.59792834e-08  9.98214034e-10]
 [ 0.00000000e+00  3.25339488e+00  5.11075891e+00 -5.47125667e+00
  -1.75214813e-10 -1.83669770e-15 -7.95843573e+00 -4.58067824e-01
  -1.30159000e+00 -1.59792834e-08  9.98214034e-10]
 [ 9.97584735e+00 -8.10262434e+00 -8.75506209e+00  5.24436467e+00
  -1.75214813e-10 -1.83669770e-15  8.52944060e-16  2.29423303e-05
   3.51231029e+00 -1.59792834e-08  9.98214034e-10]
 [ 0.00000000e+00 -1.45799022e-12 -2.28980078e-13  4.62010753e-11
   4.54914375e+00 -1.83669770e-15  5.82895597e+00  1.66927218e+00
  -1.71404046e+00 -1.59792834e-08  9.98214034e-10]
 [ 0.00000000e+00  7.06936206e+00  4.96616921e+00  4.62010753e-11
  -1.75214813e-10 -1.83669770e-15 -8.28591089e+00  1.66927218e+00
   9.73410721e+00 -1.59792834e-08  9.98214034e-10]]Population:
[[ 0.00000000e+00  0.00000000e+00  2.62383747e+00  0.00000000e+00
   0.00000000e+00  0.00000000e+00  0.00000000e+00  0.00000000e+00
   2.65727278e+00  6.83069538e-01]
 [-1.45799022e-12 -1.45799022e-12 -1.45799022e-12 -1.45799022e-12
   1.25007976e+00  7.06936206e+00  7.06936206e+00 -9.58049365e-01
   3.25339488e+00  3.25339488e+00]
 [-2.28980078e-13  5.11075891e+00  5.11075891e+00 -2.28980078e-13
   5.11075891e+00 -8.35042001e+00 -4.14757035e+00 -4.24060890e+00
  -2.28980078e-13  5.11075891e+00]
 [-3.79983720e+00  5.24436467e+00  1.98214176e+00 -3.79983720e+00
  -5.47125667e+00  4.62010753e-11  4.62010753e-11  4.62010753e-11
  -9.97884694e+00 -2.52485430e+00]
 [-1.75214813e-10 -1.75214813e-10 -1.75214813e-10 -1.75214813e-10
  -1.75214813e-10  1.98656831e+00 -1.75214813e-10  7.15986053e+00
  -1.75214813e-10 -1.75214813e-10]
 [-1.83669770e-15 -1.83669770e-15 -1.83669770e-15 -1.83669770e-15
  -1.83669770e-15  6.96589493e+00 -1.83669770e-15 -8.50247069e+00
  -1.83669770e-15 -5.40756185e+00]
 [ 8.52944060e-16 -7.95843573e+00 -4.66247904e+00 -7.95843573e+00
  -7.95843573e+00 -8.28591089e+00 -8.28591089e+00  8.32012713e-01
   8.52944060e-16  1.68313522e+00]
 [ 2.29423303e-05  2.29423303e-05 -4.58067824e-01  4.69770668e-01
   1.66927218e+00 -4.58067824e-01  2.54096519e+00  1.66927218e+00
   2.29423303e-05  8.13349023e+00]
 [-2.04721003e-06 -2.04721003e-06 -1.30159000e+00 -2.04721003e-06
  -1.30159000e+00  9.73410721e+00 -6.56724136e+00 -2.04721003e-06
  -2.04721003e-06 -2.04721003e-06]
 [-1.59792834e-08 -1.59792834e-08  3.48468176e+00  5.75962027e+00
  -1.59792834e-08  3.57807076e-01 -1.59792834e-08 -1.59792834e-08
  -1.59792834e-08 -1.59792834e-08]
 [ 9.98214034e-10  9.98214034e-10  9.98214034e-10 -5.85221671e+00
   9.98214034e-10  9.98214034e-10  9.98214034e-10  9.98214034e-10
   9.98214034e-10  9.98214034e-10]]
Train validation errors
[[38053871498.847206, 308399085053.73004], [61598897005.092, 599542626519.0931], [2.306765041214978e+30, 4.4197968945148646e+30], [1.4930478393872618e+34, 2.8217803308628634e+34], [1.3291687771530349e+26, 2.5691309250493364e+26], [1.7789739275575287e+43, 1.8102954859896315e+43], [3.507361397680772e+27, 6.793944892129297e+27], [2.6503668153286847e+43, 2.6970304795333483e+43], [182714793094.34912, 396086634271.1012], [1.072059005324736e+43, 1.090934204178542e+43]]
Selected parents:
[[ 0.00000000e+00 -1.45799022e-12 -2.28980078e-13 -3.79983720e+00
  -1.75214813e-10 -1.83669770e-15  8.52944060e-16  2.29423303e-05
  -2.04721003e-06 -1.59792834e-08  9.98214034e-10]
 [ 0.00000000e+00 -1.45799022e-12  5.11075891e+00  5.24436467e+00
  -1.75214813e-10 -1.83669770e-15 -7.95843573e+00  2.29423303e-05
  -2.04721003e-06 -1.59792834e-08  9.98214034e-10]
 [ 2.62383747e+00 -1.45799022e-12  5.11075891e+00  1.98214176e+00
  -1.75214813e-10 -1.83669770e-15 -4.66247904e+00 -4.58067824e-01
  -1.30159000e+00  3.48468176e+00  9.98214034e-10]
 [ 0.00000000e+00  1.25007976e+00  5.11075891e+00 -5.47125667e+00
  -1.75214813e-10 -1.83669770e-15 -7.95843573e+00  1.66927218e+00
  -1.30159000e+00 -1.59792834e-08  9.98214034e-10]
 [ 0.00000000e+00  7.06936206e+00 -4.14757035e+00  4.62010753e-11
  -1.75214813e-10 -1.83669770e-15 -8.28591089e+00  2.54096519e+00
  -6.56724136e+00 -1.59792834e-08  9.98214034e-10]
 [ 2.65727278e+00  3.25339488e+00 -2.28980078e-13 -9.97884694e+00
  -1.75214813e-10 -1.83669770e-15  8.52944060e-16  2.29423303e-05
  -2.04721003e-06 -1.59792834e-08  9.98214034e-10]]Population:
[[ 0.00000000e+00  2.65727278e+00  0.00000000e+00  0.00000000e+00
   0.00000000e+00  0.00000000e+00  3.55395136e+00  7.06239656e+00
   2.65727278e+00  2.62383747e+00]
 [-1.45799022e-12  3.25339488e+00 -1.45799022e-12 -2.55227391e+00
   7.06936206e+00 -7.13867748e+00 -1.45799022e-12  7.06936206e+00
   3.25339488e+00  3.25339488e+00]
 [-2.28980078e-13 -2.28980078e-13 -4.14757035e+00 -2.28980078e-13
  -4.14757035e+00  5.11075891e+00  5.80344438e+00 -4.14757035e+00
  -3.92780317e+00  5.11075891e+00]
 [-3.79983720e+00 -9.97884694e+00 -3.79983720e+00  4.62010753e-11
   1.20191106e+00  4.62010753e-11  4.62010753e-11  4.62010753e-11
  -9.97884694e+00  1.98214176e+00]
 [-1.75214813e-10 -1.75214813e-10 -1.75214813e-10 -1.75214813e-10
  -2.03073170e+00 -1.75214813e-10  1.15957856e+00 -4.97133486e+00
  -1.75214813e-10 -1.75214813e-10]
 [-1.83669770e-15 -1.83669770e-15 -1.83669770e-15 -1.83669770e-15
  -3.56403704e+00 -1.83669770e-15 -1.83669770e-15 -1.83669770e-15
  -1.83669770e-15 -1.83669770e-15]
 [ 8.52944060e-16  8.52944060e-16  7.92326505e-01  4.47915130e-01
  -8.28591089e+00 -4.66247904e+00  9.36127870e+00  3.29818584e+00
   3.14192435e+00 -4.66247904e+00]
 [ 2.29423303e-05  2.29423303e-05  2.54096519e+00  2.54096519e+00
  -4.58067824e-01 -7.83672395e+00  2.29423303e-05  2.54096519e+00
  -7.62444911e+00 -2.21647465e+00]
 [-2.04721003e-06 -2.04721003e-06 -2.04721003e-06  6.35410459e+00
  -6.56724136e+00 -1.30159000e+00  1.89205053e+00 -6.56724136e+00
  -2.04721003e-06 -1.30159000e+00]
 [-1.59792834e-08 -1.59792834e-08 -1.59792834e-08  3.13366035e-01
   9.79752449e+00  5.92741029e+00  5.95974046e+00 -1.59792834e-08
  -1.59792834e-08 -1.59792834e-08]
 [ 9.98214034e-10  9.98214034e-10  9.98214034e-10  9.98214034e-10
   9.98214034e-10  9.98214034e-10  9.98214034e-10 -8.65812684e+00
   9.98214034e-10  9.98214034e-10]]
Train validation errors
[[38053871498.847206, 308399085053.73004], [182714793094.34912, 396086634271.1012], [2.3075787038374256e+23, 4.50962061384098e+23], [3.786449359450028e+28, 7.375062827253419e+28], [4.6569179150943834e+42, 4.7389040297077885e+42], [6.709023278499082e+30, 1.2857406913308542e+31], [6.937883202919084e+30, 1.3306608229169036e+31], [3.4043030556860126e+34, 6.440570771922809e+34], [2.0777197273614597e+24, 4.060409184064796e+24], [1.4948038874539438e+26, 2.908505568181097e+26]]
Selected parents:
[[ 0.00000000e+00 -1.45799022e-12 -2.28980078e-13 -3.79983720e+00
  -1.75214813e-10 -1.83669770e-15  8.52944060e-16  2.29423303e-05
  -2.04721003e-06 -1.59792834e-08  9.98214034e-10]
 [ 2.65727278e+00  3.25339488e+00 -2.28980078e-13 -9.97884694e+00
  -1.75214813e-10 -1.83669770e-15  8.52944060e-16  2.29423303e-05
  -2.04721003e-06 -1.59792834e-08  9.98214034e-10]
 [ 0.00000000e+00 -1.45799022e-12 -4.14757035e+00 -3.79983720e+00
  -1.75214813e-10 -1.83669770e-15  7.92326505e-01  2.54096519e+00
  -2.04721003e-06 -1.59792834e-08  9.98214034e-10]
 [ 0.00000000e+00 -2.55227391e+00 -2.28980078e-13  4.62010753e-11
  -1.75214813e-10 -1.83669770e-15  4.47915130e-01  2.54096519e+00
   6.35410459e+00  3.13366035e-01  9.98214034e-10]
 [ 2.65727278e+00  3.25339488e+00 -3.92780317e+00 -9.97884694e+00
  -1.75214813e-10 -1.83669770e-15  3.14192435e+00 -7.62444911e+00
  -2.04721003e-06 -1.59792834e-08  9.98214034e-10]
 [ 2.62383747e+00  3.25339488e+00  5.11075891e+00  1.98214176e+00
  -1.75214813e-10 -1.83669770e-15 -4.66247904e+00 -2.21647465e+00
  -1.30159000e+00 -1.59792834e-08  9.98214034e-10]]Best offspring gen errors:
[[3.80538715e+10 3.08399085e+11]
 [3.80538715e+10 3.08399085e+11]
 [3.80538715e+10 3.08399085e+11]
 [3.80538715e+10 3.08399085e+11]]