Starting all over again with new root population
No of generations: 4
Population size: 10
Mutation coefficient: 0.2
Split point: 7
Two offspring per pair
Population:
[[ 0.00000000e+00  0.00000000e+00  0.00000000e+00 -7.41094540e+00
   0.00000000e+00 -1.51337115e-01  0.00000000e+00  0.00000000e+00
   0.00000000e+00  8.83333229e+00]
 [-6.61726765e+00 -1.01521951e-01 -6.61726765e+00 -7.55657315e+00
  -6.61726765e+00 -6.61726765e+00 -6.61726765e+00  3.84565414e+00
   9.25924570e-01 -6.61726765e+00]
 [ 7.55829596e+00 -2.28980078e-13  7.55829596e+00  7.55829596e+00
   7.55829596e+00  7.55829596e+00  7.55829596e+00 -2.28980078e-13
   2.97786417e+00 -2.28980078e-13]
 [-9.04192680e+00 -8.09349783e+00 -9.04192680e+00 -9.04192680e+00
  -9.04192680e+00 -9.04192680e+00 -9.04192680e+00 -3.72370557e+00
  -1.99509879e+00 -3.72370557e+00]
 [-1.75214813e-10 -1.75214813e-10 -1.75214813e-10 -1.75214813e-10
  -1.75214813e-10  7.63729175e+00 -1.75214813e-10 -1.75214813e-10
  -1.75214813e-10 -1.75214813e-10]
 [-1.83669770e-15 -1.83669770e-15 -1.83669770e-15 -1.83669770e-15
  -1.83669770e-15 -1.83669770e-15 -1.83669770e-15 -1.83669770e-15
  -1.83669770e-15 -1.83669770e-15]
 [-7.58848480e+00 -5.57147756e+00 -7.58848480e+00 -7.58848480e+00
  -7.58848480e+00 -7.58848480e+00 -7.58848480e+00 -5.57147756e+00
  -7.58848480e+00 -5.57147756e+00]
 [ 2.29423303e-05  2.29423303e-05  9.43322160e+00  2.29423303e-05
   2.29423303e-05  2.29423303e-05  2.29423303e-05  2.29423303e-05
   2.29423303e-05  2.29423303e-05]
 [-2.04721003e-06 -2.04721003e-06  7.25442647e-01 -2.04721003e-06
  -2.04721003e-06 -2.04721003e-06 -2.04721003e-06 -2.04721003e-06
  -4.51727882e+00 -2.04721003e-06]
 [-1.59792834e-08 -1.59792834e-08 -1.59792834e-08 -1.59792834e-08
  -1.59792834e-08 -1.59792834e-08 -1.59792834e-08 -1.59792834e-08
   1.06836343e+00 -5.46288266e+00]
 [ 9.98214034e-10  9.98214034e-10  9.98214034e-10  9.98214034e-10
   9.98214034e-10  9.98214034e-10  9.98214034e-10  9.98214034e-10
   9.98214034e-10  9.98214034e-10]]
Train validation errors
[[150440244719.0558, 363003852363.6715], [124862866252.078, 345076524367.2138], [6.894789189529946e+25, 1.3619049957813203e+26], [150458293131.48248, 363025369378.3856], [150440244719.0558, 363003852363.6715], [189372437795004.03, 361599904076054.75], [150440244719.0558, 363003852363.6715], [37048490264.83297, 308734052262.7828], [1.844807872198451e+29, 3.5108568030270214e+29], [5.755737675441456e+30, 1.1034220571371077e+31]]
Selected parents:
[[ 0.00000000e+00 -6.61726765e+00  7.55829596e+00 -9.04192680e+00
  -1.75214813e-10 -1.83669770e-15 -7.58848480e+00  2.29423303e-05
  -2.04721003e-06 -1.59792834e-08  9.98214034e-10]
 [ 0.00000000e+00 -1.01521951e-01 -2.28980078e-13 -8.09349783e+00
  -1.75214813e-10 -1.83669770e-15 -5.57147756e+00  2.29423303e-05
  -2.04721003e-06 -1.59792834e-08  9.98214034e-10]
 [-7.41094540e+00 -7.55657315e+00  7.55829596e+00 -9.04192680e+00
  -1.75214813e-10 -1.83669770e-15 -7.58848480e+00  2.29423303e-05
  -2.04721003e-06 -1.59792834e-08  9.98214034e-10]
 [ 0.00000000e+00 -6.61726765e+00  7.55829596e+00 -9.04192680e+00
  -1.75214813e-10 -1.83669770e-15 -7.58848480e+00  2.29423303e-05
  -2.04721003e-06 -1.59792834e-08  9.98214034e-10]
 [ 0.00000000e+00 -6.61726765e+00  7.55829596e+00 -9.04192680e+00
  -1.75214813e-10 -1.83669770e-15 -7.58848480e+00  2.29423303e-05
  -2.04721003e-06 -1.59792834e-08  9.98214034e-10]
 [ 0.00000000e+00  3.84565414e+00 -2.28980078e-13 -3.72370557e+00
  -1.75214813e-10 -1.83669770e-15 -5.57147756e+00  2.29423303e-05
  -2.04721003e-06 -1.59792834e-08  9.98214034e-10]]Population:
[[ 0.00000000e+00  0.00000000e+00 -1.10832361e+00  0.00000000e+00
   0.00000000e+00  0.00000000e+00  1.21512337e-01  0.00000000e+00
   6.95112820e-01  0.00000000e+00]
 [-6.61726765e+00 -1.01521951e-01 -7.55657315e+00 -6.61726765e+00
  -6.61726765e+00 -1.01521951e-01 -6.61726765e+00 -6.61726765e+00
  -6.61726765e+00 -6.61726765e+00]
 [ 7.55829596e+00 -2.28980078e-13  7.55829596e+00  3.19484293e+00
   7.55829596e+00 -2.28980078e-13  7.55829596e+00  7.55829596e+00
   7.55829596e+00  7.55829596e+00]
 [-9.04192680e+00 -8.09349783e+00 -9.04192680e+00 -9.04192680e+00
  -9.04192680e+00 -8.09349783e+00 -9.04192680e+00 -9.04192680e+00
  -9.04192680e+00 -9.04192680e+00]
 [-1.75214813e-10 -1.75214813e-10 -1.75214813e-10 -1.75214813e-10
  -1.75214813e-10 -1.75214813e-10 -1.75214813e-10 -1.75214813e-10
  -1.75214813e-10 -1.75214813e-10]
 [-1.83669770e-15 -1.83669770e-15 -1.83669770e-15 -1.83669770e-15
  -1.83669770e-15  3.05229103e+00 -1.83669770e-15 -1.83669770e-15
  -1.83669770e-15 -1.83669770e-15]
 [-7.58848480e+00 -5.57147756e+00 -7.58848480e+00 -7.58848480e+00
  -7.58848480e+00 -5.57147756e+00 -7.58848480e+00 -7.58848480e+00
   6.37250295e+00 -7.58848480e+00]
 [ 2.29423303e-05  2.29423303e-05  2.29423303e-05  2.29423303e-05
  -1.62384445e+00  2.29423303e-05  2.29423303e-05  2.29423303e-05
   2.29423303e-05  2.29423303e-05]
 [-2.04721003e-06 -2.04721003e-06 -2.04721003e-06 -2.04721003e-06
  -2.04721003e-06 -2.04721003e-06 -2.04721003e-06 -2.04721003e-06
  -2.04721003e-06 -2.04721003e-06]
 [-1.59792834e-08 -1.59792834e-08  7.67429840e+00 -1.59792834e-08
  -1.52415408e+00 -1.59792834e-08 -1.59792834e-08 -1.59792834e-08
  -1.59792834e-08 -1.59792834e-08]
 [ 9.98214034e-10  9.98214034e-10  9.98214034e-10  9.98214034e-10
   9.98214034e-10  9.98214034e-10  9.98214034e-10  9.98214034e-10
  -3.04301725e+00  9.98214034e-10]]
Train validation errors
[[150440244719.0558, 363003852363.6715], [124862866252.078, 345076524367.2138], [1.1358856557976172e+31, 2.177585842480626e+31], [151680048164.0483, 366004638220.42255], [4.4844700644847744e+29, 8.597185106297702e+29], [3.4156045095691793e+42, 3.4757413258509236e+42], [150440235021.31134, 363003799436.72266], [150440244719.0558, 363003852363.6715], [4.2025355232687466e+33, 7.950673434915686e+33], [150440244719.0558, 363003852363.6715]]
Selected parents:
[[ 0.00000000e+00 -6.61726765e+00  7.55829596e+00 -9.04192680e+00
  -1.75214813e-10 -1.83669770e-15 -7.58848480e+00  2.29423303e-05
  -2.04721003e-06 -1.59792834e-08  9.98214034e-10]
 [ 0.00000000e+00 -1.01521951e-01 -2.28980078e-13 -8.09349783e+00
  -1.75214813e-10 -1.83669770e-15 -5.57147756e+00  2.29423303e-05
  -2.04721003e-06 -1.59792834e-08  9.98214034e-10]
 [ 0.00000000e+00 -6.61726765e+00  3.19484293e+00 -9.04192680e+00
  -1.75214813e-10 -1.83669770e-15 -7.58848480e+00  2.29423303e-05
  -2.04721003e-06 -1.59792834e-08  9.98214034e-10]
 [ 1.21512337e-01 -6.61726765e+00  7.55829596e+00 -9.04192680e+00
  -1.75214813e-10 -1.83669770e-15 -7.58848480e+00  2.29423303e-05
  -2.04721003e-06 -1.59792834e-08  9.98214034e-10]
 [ 0.00000000e+00 -6.61726765e+00  7.55829596e+00 -9.04192680e+00
  -1.75214813e-10 -1.83669770e-15 -7.58848480e+00  2.29423303e-05
  -2.04721003e-06 -1.59792834e-08  9.98214034e-10]
 [ 0.00000000e+00 -6.61726765e+00  7.55829596e+00 -9.04192680e+00
  -1.75214813e-10 -1.83669770e-15 -7.58848480e+00  2.29423303e-05
  -2.04721003e-06 -1.59792834e-08  9.98214034e-10]]Population:
[[ 0.00000000e+00  1.21512337e-01  0.00000000e+00  0.00000000e+00
   0.00000000e+00 -9.60792816e+00  0.00000000e+00  0.00000000e+00
   1.21512337e-01  0.00000000e+00]
 [-1.01521951e-01 -6.61726765e+00 -6.61726765e+00 -6.61726765e+00
  -7.92313302e+00  8.71393833e+00 -1.01521951e-01 -6.61726765e+00
  -6.61726765e+00 -6.61726765e+00]
 [-2.28980078e-13  7.55829596e+00  7.55829596e+00 -9.31599109e+00
   7.55829596e+00 -2.28980078e-13 -2.28980078e-13  3.19484293e+00
   7.55829596e+00  7.55829596e+00]
 [-8.09349783e+00 -9.04192680e+00 -9.04192680e+00 -9.04192680e+00
  -9.04192680e+00 -8.09349783e+00 -8.09349783e+00 -9.04192680e+00
  -9.04192680e+00 -9.04192680e+00]
 [-1.75214813e-10 -1.75214813e-10 -1.75214813e-10 -1.75214813e-10
  -1.75214813e-10 -1.75214813e-10 -1.75214813e-10 -1.75214813e-10
  -1.75214813e-10 -1.75214813e-10]
 [-1.83669770e-15 -1.83669770e-15 -1.83669770e-15 -1.83669770e-15
  -1.83669770e-15 -6.05378235e+00 -1.83669770e-15 -1.83669770e-15
  -1.83669770e-15 -1.83669770e-15]
 [-5.57147756e+00 -7.58848480e+00 -7.58848480e+00 -7.58848480e+00
  -7.58848480e+00 -5.57147756e+00 -5.57147756e+00 -7.58848480e+00
  -7.58848480e+00 -7.58848480e+00]
 [ 2.29423303e-05  2.29423303e-05  2.29423303e-05  2.29423303e-05
   2.29423303e-05  2.29423303e-05  2.29423303e-05  2.29423303e-05
   2.29423303e-05  2.29423303e-05]
 [-2.04721003e-06 -2.04721003e-06 -2.04721003e-06 -2.04721003e-06
  -2.04721003e-06 -2.04721003e-06 -2.04721003e-06 -2.04721003e-06
  -2.04721003e-06 -2.04721003e-06]
 [-1.59792834e-08 -1.59792834e-08 -1.59792834e-08 -1.59792834e-08
  -1.59792834e-08 -1.59792834e-08 -1.59792834e-08 -1.59792834e-08
  -1.59792834e-08  9.08840957e+00]
 [ 9.98214034e-10  9.98214034e-10  9.98214034e-10  9.98214034e-10
   9.98214034e-10  9.98214034e-10  9.98214034e-10  9.98214034e-10
   9.98214034e-10  9.98214034e-10]]
Train validation errors
[[124862866252.078, 345076524367.2138], [150440235021.31134, 363003799436.72266], [150440244719.0558, 363003852363.6715], [155441931507.42627, 374930701977.3141], [150464514394.4093, 363029278598.42957], [1.3435978640220837e+43, 1.3672539101711236e+43], [124862866252.078, 345076524367.2138], [151680048164.0483, 366004638220.42255], [150440235021.31134, 363003799436.72266], [1.5930632969943835e+31, 3.0540328279636317e+31]]
Selected parents:
[[ 0.00000000e+00 -1.01521951e-01 -2.28980078e-13 -8.09349783e+00
  -1.75214813e-10 -1.83669770e-15 -5.57147756e+00  2.29423303e-05
  -2.04721003e-06 -1.59792834e-08  9.98214034e-10]
 [ 1.21512337e-01 -6.61726765e+00  7.55829596e+00 -9.04192680e+00
  -1.75214813e-10 -1.83669770e-15 -7.58848480e+00  2.29423303e-05
  -2.04721003e-06 -1.59792834e-08  9.98214034e-10]
 [ 0.00000000e+00 -6.61726765e+00  7.55829596e+00 -9.04192680e+00
  -1.75214813e-10 -1.83669770e-15 -7.58848480e+00  2.29423303e-05
  -2.04721003e-06 -1.59792834e-08  9.98214034e-10]
 [ 0.00000000e+00 -7.92313302e+00  7.55829596e+00 -9.04192680e+00
  -1.75214813e-10 -1.83669770e-15 -7.58848480e+00  2.29423303e-05
  -2.04721003e-06 -1.59792834e-08  9.98214034e-10]
 [ 0.00000000e+00 -1.01521951e-01 -2.28980078e-13 -8.09349783e+00
  -1.75214813e-10 -1.83669770e-15 -5.57147756e+00  2.29423303e-05
  -2.04721003e-06 -1.59792834e-08  9.98214034e-10]
 [ 1.21512337e-01 -6.61726765e+00  7.55829596e+00 -9.04192680e+00
  -1.75214813e-10 -1.83669770e-15 -7.58848480e+00  2.29423303e-05
  -2.04721003e-06 -1.59792834e-08  9.98214034e-10]]Population:
[[ 0.00000000e+00  0.00000000e+00  0.00000000e+00  1.21512337e-01
   1.21512337e-01  0.00000000e+00  0.00000000e+00 -9.59523663e+00
   0.00000000e+00  1.21512337e-01]
 [-1.01521951e-01 -1.01521951e-01 -1.34581960e+00 -6.61726765e+00
  -6.61726765e+00 -1.01521951e-01 -6.61726765e+00 -1.28889669e+00
  -1.01521951e-01 -6.61726765e+00]
 [-2.28980078e-13 -2.28980078e-13 -2.28980078e-13  7.55829596e+00
   7.55829596e+00 -2.28980078e-13  7.55829596e+00 -2.28980078e-13
  -2.28980078e-13  1.40838817e+00]
 [-8.09349783e+00 -8.09349783e+00 -8.09349783e+00 -9.04192680e+00
  -9.04192680e+00 -8.09349783e+00 -9.04192680e+00 -8.09349783e+00
   8.82784464e+00 -9.04192680e+00]
 [-1.75214813e-10 -1.75214813e-10 -1.75214813e-10 -1.75214813e-10
  -1.75214813e-10 -1.75214813e-10 -1.75214813e-10 -1.75214813e-10
  -1.75214813e-10 -1.75214813e-10]
 [-1.83669770e-15 -1.83669770e-15 -1.83669770e-15 -1.83669770e-15
  -1.83669770e-15 -1.83669770e-15 -1.83669770e-15 -1.83669770e-15
  -1.83669770e-15 -1.83669770e-15]
 [-5.57147756e+00 -5.57147756e+00 -5.57147756e+00 -7.58848480e+00
   5.21331279e+00 -5.57147756e+00 -7.58848480e+00 -5.57147756e+00
  -3.91291658e+00 -7.58848480e+00]
 [ 2.29423303e-05  2.29423303e-05  2.29423303e-05  2.29423303e-05
   2.29423303e-05  2.29423303e-05  3.31779532e+00  5.22138231e+00
   2.29423303e-05  2.29423303e-05]
 [-2.04721003e-06 -2.04721003e-06 -2.04721003e-06 -2.04721003e-06
  -2.04721003e-06 -2.04721003e-06 -2.04721003e-06 -2.04721003e-06
  -2.55926205e+00 -2.04721003e-06]
 [-1.59792834e-08 -1.59792834e-08 -1.59792834e-08 -1.59792834e-08
  -1.59792834e-08 -1.59792834e-08 -1.59792834e-08 -1.59792834e-08
   2.93114026e+00 -1.59792834e-08]
 [ 9.98214034e-10  9.98214034e-10  9.98214034e-10  9.98214034e-10
   9.98214034e-10  9.98214034e-10  9.98214034e-10  9.98214034e-10
   9.98214034e-10  5.76163982e+00]]
Train validation errors
[[124862866252.078, 345076524367.2138], [124862866252.078, 345076524367.2138], [124883800739.58731, 345097782046.7677], [150440235021.31134, 363003799436.72266], [150439946197.41037, 363002721690.7989], [124862866252.078, 345076524367.2138], [3.934231436034352e+23, 7.688529411628873e+23], [9.743928609480813e+23, 1.904220915407165e+24], [1.5995271101407334e+30, 3.0623705335858916e+30], [1.5065889389449497e+34, 2.8502785016410257e+34]]
Selected parents:
[[ 0.00000000e+00 -1.01521951e-01 -2.28980078e-13 -8.09349783e+00
  -1.75214813e-10 -1.83669770e-15 -5.57147756e+00  2.29423303e-05
  -2.04721003e-06 -1.59792834e-08  9.98214034e-10]
 [ 0.00000000e+00 -1.01521951e-01 -2.28980078e-13 -8.09349783e+00
  -1.75214813e-10 -1.83669770e-15 -5.57147756e+00  2.29423303e-05
  -2.04721003e-06 -1.59792834e-08  9.98214034e-10]
 [ 0.00000000e+00 -1.34581960e+00 -2.28980078e-13 -8.09349783e+00
  -1.75214813e-10 -1.83669770e-15 -5.57147756e+00  2.29423303e-05
  -2.04721003e-06 -1.59792834e-08  9.98214034e-10]
 [ 1.21512337e-01 -6.61726765e+00  7.55829596e+00 -9.04192680e+00
  -1.75214813e-10 -1.83669770e-15 -7.58848480e+00  2.29423303e-05
  -2.04721003e-06 -1.59792834e-08  9.98214034e-10]
 [ 1.21512337e-01 -6.61726765e+00  7.55829596e+00 -9.04192680e+00
  -1.75214813e-10 -1.83669770e-15  5.21331279e+00  2.29423303e-05
  -2.04721003e-06 -1.59792834e-08  9.98214034e-10]
 [ 0.00000000e+00 -1.01521951e-01 -2.28980078e-13 -8.09349783e+00
  -1.75214813e-10 -1.83669770e-15 -5.57147756e+00  2.29423303e-05
  -2.04721003e-06 -1.59792834e-08  9.98214034e-10]]Best offspring gen errors:
[[1.24862866e+11 3.45076524e+11]
 [1.24862866e+11 3.45076524e+11]
 [1.24862866e+11 3.45076524e+11]
 [1.24862866e+11 3.45076524e+11]]