Fitness funtion: -1 * (train_validation_error[:, 1] + train_validation_error[:, 0])
Initialed with the best that we have until now
Starting all over again with new root population
No of generations: 10
Population size: 10
Mutation coefficient: 0.2
Split point: 7
Two offspring per pair
Population:
[[ 0.00000000e+00  0.00000000e+00  0.00000000e+00  0.00000000e+00
   0.00000000e+00  2.76316484e+00  0.00000000e+00  0.00000000e+00
  -6.01366423e+00  0.00000000e+00]
 [ 2.09978851e+00 -1.45799022e-12 -1.45799022e-12 -1.45799022e-12
  -1.45799022e-12 -1.45799022e-12  1.11953407e+00 -1.45799022e-12
  -1.45799022e-12 -1.45799022e-12]
 [-2.28980078e-13  7.43884378e+00 -2.28980078e-13 -2.28980078e-13
  -2.28980078e-13 -2.28980078e-13 -2.28980078e-13 -2.28980078e-13
  -2.28980078e-13 -2.28980078e-13]
 [ 4.62010753e-11  4.62010753e-11  4.62010753e-11  4.62010753e-11
   4.62010753e-11  6.97269290e+00  8.78648543e+00  4.62010753e-11
   4.62010753e-11  4.62010753e-11]
 [-1.75214813e-10  1.56675537e+00 -1.75214813e-10 -1.75214813e-10
  -1.75214813e-10 -1.75214813e-10 -1.75214813e-10 -1.75214813e-10
  -1.75214813e-10 -1.75214813e-10]
 [-1.83669770e-15 -1.83669770e-15 -1.83669770e-15 -1.83669770e-15
  -7.05610402e+00 -1.83669770e-15 -1.83669770e-15 -1.83669770e-15
  -1.83669770e-15 -1.83669770e-15]
 [ 8.52944060e-16  8.52944060e-16  8.52944060e-16  8.52944060e-16
   8.52944060e-16  8.52944060e-16 -7.77035672e-01 -6.29904249e+00
   8.52944060e-16  8.52944060e-16]
 [ 2.29423303e-05  2.29423303e-05  2.29423303e-05  2.29423303e-05
   2.29423303e-05  2.29423303e-05  2.29423303e-05  2.29423303e-05
   2.29423303e-05  2.29423303e-05]
 [-2.04721003e-06 -2.04721003e-06 -2.04721003e-06 -2.04721003e-06
  -2.04721003e-06 -2.04721003e-06 -2.04721003e-06 -2.04721003e-06
  -2.04721003e-06 -2.04721003e-06]
 [-1.59792834e-08  4.65026547e+00 -1.59792834e-08 -1.59792834e-08
  -1.59792834e-08 -1.59792834e-08 -1.59792834e-08 -1.59792834e-08
  -1.59792834e-08  7.44857575e+00]
 [ 9.98214034e-10  9.98214034e-10  9.98214034e-10  9.98214034e-10
   9.98214034e-10  9.98214034e-10 -6.05451290e+00  9.98214034e-10
   9.98214034e-10  9.98214034e-10]]
Train validation errors
[[13508750316.253832, 368312609562.27997], [4.1707364438046554e+30, 7.99564339063228e+30], [13510723304.19212, 368296592820.6967], [13510723304.19212, 368296592820.6967], [1.8253478894413986e+43, 1.8574858639551551e+43], [96163582948.26974, 703777238187.5652], [1.663646234254751e+34, 3.1474113298004483e+34], [13510585341.321133, 368297371073.722], [13510478746.71451, 368295547658.2882], [1.070049157095882e+31, 2.051371881824463e+31]]
Selected parents:
[[ 0.00000000e+00  2.09978851e+00 -2.28980078e-13  4.62010753e-11
  -1.75214813e-10 -1.83669770e-15  8.52944060e-16  2.29423303e-05
  -2.04721003e-06 -1.59792834e-08  9.98214034e-10]
 [ 0.00000000e+00 -1.45799022e-12 -2.28980078e-13  4.62010753e-11
  -1.75214813e-10 -1.83669770e-15  8.52944060e-16  2.29423303e-05
  -2.04721003e-06 -1.59792834e-08  9.98214034e-10]
 [ 0.00000000e+00 -1.45799022e-12 -2.28980078e-13  4.62010753e-11
  -1.75214813e-10 -1.83669770e-15  8.52944060e-16  2.29423303e-05
  -2.04721003e-06 -1.59792834e-08  9.98214034e-10]
 [ 2.76316484e+00 -1.45799022e-12 -2.28980078e-13  6.97269290e+00
  -1.75214813e-10 -1.83669770e-15  8.52944060e-16  2.29423303e-05
  -2.04721003e-06 -1.59792834e-08  9.98214034e-10]
 [ 0.00000000e+00 -1.45799022e-12 -2.28980078e-13  4.62010753e-11
  -1.75214813e-10 -1.83669770e-15 -6.29904249e+00  2.29423303e-05
  -2.04721003e-06 -1.59792834e-08  9.98214034e-10]
 [-6.01366423e+00 -1.45799022e-12 -2.28980078e-13  4.62010753e-11
  -1.75214813e-10 -1.83669770e-15  8.52944060e-16  2.29423303e-05
  -2.04721003e-06 -1.59792834e-08  9.98214034e-10]]Population:
[[ 0.00000000e+00 -6.01366423e+00 -1.15173455e+00  0.00000000e+00
   0.00000000e+00  0.00000000e+00 -8.25672178e+00 -5.84603989e-01
   2.18206025e+00  2.76316484e+00]
 [-1.45799022e-12 -1.45799022e-12 -1.45799022e-12  2.09978851e+00
   2.09978851e+00  3.24313376e+00 -1.45799022e-12  8.94378709e+00
   5.35795846e+00 -1.72674129e-01]
 [-2.28980078e-13 -2.28980078e-13 -2.28980078e-13 -2.28980078e-13
  -2.28980078e-13 -2.28980078e-13  1.47871975e-01 -2.28980078e-13
  -2.28980078e-13 -2.28980078e-13]
 [ 4.62010753e-11  4.62010753e-11 -8.94739207e+00 -1.18789697e+00
   4.62010753e-11  4.62010753e-11  4.56715495e+00  6.97269290e+00
   4.62010753e-11  4.62010753e-11]
 [-1.75214813e-10 -1.75214813e-10 -1.75214813e-10 -1.75214813e-10
  -1.75214813e-10 -1.75214813e-10 -1.75214813e-10 -5.89441593e+00
  -1.75214813e-10 -1.75214813e-10]
 [-1.83669770e-15 -1.83669770e-15 -1.83669770e-15  3.88456287e+00
   5.15142774e+00  5.95534934e+00  2.44735024e-01 -1.83669770e-15
   4.27602190e+00 -1.83669770e-15]
 [ 8.52944060e-16  8.52944060e-16 -6.96274875e+00  8.52944060e-16
   8.52944060e-16 -6.29904249e+00 -8.52678297e+00  3.06439115e+00
   2.64478254e+00 -3.60315099e+00]
 [ 2.29423303e-05  2.29423303e-05  2.29423303e-05  2.70405342e+00
  -5.54512092e-01  5.76503529e+00 -3.37692054e+00  2.29423303e-05
   2.29423303e-05 -6.05704775e+00]
 [-2.04721003e-06 -2.04721003e-06 -6.83962997e+00 -8.51821820e+00
  -5.37685974e+00  8.99531012e+00  3.36261487e+00 -6.72588814e+00
  -2.04721003e-06 -2.04721003e-06]
 [-1.59792834e-08 -1.59792834e-08 -1.59792834e-08 -1.59792834e-08
  -1.59792834e-08 -1.59792834e-08 -1.59792834e-08 -1.59792834e-08
  -6.71780167e+00 -1.59792834e-08]
 [ 9.98214034e-10  9.98214034e-10  9.98214034e-10 -9.62223437e-01
   9.98214034e-10  9.98214034e-10  9.98214034e-10 -7.73714210e+00
   9.98214034e-10  6.46750109e+00]]
Train validation errors
[[13510723304.19212, 368296592820.6967], [13510478746.71451, 368295547658.2882], [3.863098148451497e+27, 7.489648485406832e+27], [5.532138984364286e+42, 5.629509952689592e+42], [9.729060650257828e+42, 9.900355187612043e+42], [1.300259993805277e+43, 1.3231530314452708e+43], [2.195877483681353e+40, 2.234539472621265e+40], [2.7188454928253764e+34, 5.143767429471993e+34], [6.703392563729789e+42, 6.821410893072574e+42], [1.8983166197076587e+34, 3.591375564218062e+34]]
Selected parents:
[[ 0.00000000e+00 -1.45799022e-12 -2.28980078e-13  4.62010753e-11
  -1.75214813e-10 -1.83669770e-15  8.52944060e-16  2.29423303e-05
  -2.04721003e-06 -1.59792834e-08  9.98214034e-10]
 [-6.01366423e+00 -1.45799022e-12 -2.28980078e-13  4.62010753e-11
  -1.75214813e-10 -1.83669770e-15  8.52944060e-16  2.29423303e-05
  -2.04721003e-06 -1.59792834e-08  9.98214034e-10]
 [-1.15173455e+00 -1.45799022e-12 -2.28980078e-13 -8.94739207e+00
  -1.75214813e-10 -1.83669770e-15 -6.96274875e+00  2.29423303e-05
  -6.83962997e+00 -1.59792834e-08  9.98214034e-10]
 [-8.25672178e+00 -1.45799022e-12  1.47871975e-01  4.56715495e+00
  -1.75214813e-10  2.44735024e-01 -8.52678297e+00 -3.37692054e+00
   3.36261487e+00 -1.59792834e-08  9.98214034e-10]
 [-5.84603989e-01  8.94378709e+00 -2.28980078e-13  6.97269290e+00
  -5.89441593e+00 -1.83669770e-15  3.06439115e+00  2.29423303e-05
  -6.72588814e+00 -1.59792834e-08 -7.73714210e+00]
 [ 2.76316484e+00 -1.72674129e-01 -2.28980078e-13  4.62010753e-11
  -1.75214813e-10 -1.83669770e-15 -3.60315099e+00 -6.05704775e+00
  -2.04721003e-06 -1.59792834e-08  6.46750109e+00]]Population:
[[ 0.00000000e+00 -6.01366423e+00 -5.73803325e+00  0.00000000e+00
  -9.37094143e-01  2.76316484e+00 -8.25672178e+00  0.00000000e+00
  -6.01366423e+00 -8.52385463e+00]
 [-1.45799022e-12 -1.45799022e-12 -1.45799022e-12 -2.38588898e+00
  -1.45799022e-12 -1.72674129e-01 -1.45799022e-12 -1.45799022e-12
  -8.10247668e-01  5.02618918e+00]
 [-2.28980078e-13 -2.28980078e-13 -2.28980078e-13 -2.28980078e-13
   1.98645152e+00 -2.28980078e-13  1.47871975e-01  5.75828219e+00
  -2.28980078e-13 -2.28980078e-13]
 [ 4.62010753e-11  4.62010753e-11 -8.64049848e+00  4.62010753e-11
   2.78228953e+00 -6.41067292e+00  5.04216529e+00  4.62010753e-11
   6.61383707e+00  3.80348506e+00]
 [-1.75214813e-10 -1.75214813e-10 -1.75214813e-10 -1.75214813e-10
  -1.75214813e-10 -1.75214813e-10  4.24954784e+00 -1.75214813e-10
  -1.75214813e-10 -1.26446628e+00]
 [-1.83669770e-15 -1.83669770e-15 -4.10351466e+00 -1.83669770e-15
  -1.85911602e+00  2.56904853e+00 -1.83669770e-15  5.33409167e+00
  -1.83669770e-15 -3.27791885e+00]
 [ 8.52944060e-16  8.52944060e-16  8.52944060e-16  4.78451111e+00
  -5.74422027e+00 -3.60315099e+00  6.21209421e+00  8.52944060e-16
  -7.13694572e+00  1.51451478e+00]
 [ 2.29423303e-05  2.29423303e-05  2.29423303e-05  4.49154199e+00
   2.29423303e-05  2.29423303e-05 -3.37692054e+00 -3.37692054e+00
   2.29423303e-05  2.29423303e-05]
 [-2.04721003e-06 -2.04721003e-06 -2.04721003e-06 -7.67683467e+00
  -2.04721003e-06  6.90273284e+00 -2.04721003e-06  6.57614331e-02
  -2.04721003e-06 -2.04721003e-06]
 [-1.59792834e-08 -1.59792834e-08 -2.85679996e+00 -1.71033110e+00
  -1.59792834e-08 -2.36282648e+00 -1.59792834e-08 -3.94750844e+00
  -1.59792834e-08 -1.59792834e-08]
 [ 9.98214034e-10  9.98214034e-10  9.98214034e-10  9.98214034e-10
   6.46750109e+00  6.46750109e+00 -3.26507540e+00  9.98214034e-10
   9.98214034e-10  9.98214034e-10]]
Train validation errors
[[13510723304.19212, 368296592820.6967], [13510478746.71451, 368295547658.2882], [6.173451933007866e+42, 6.282146771376434e+42], [6.692604851344966e+29, 1.2902064947942063e+30], [1.2668691630479495e+42, 1.2890762543617835e+42], [2.4200813125835213e+42, 2.462824989607077e+42], [4.838342988452105e+33, 9.153550042666702e+33], [1.0431247019391194e+43, 1.0614901100543609e+43], [87863756759.30782, 679357081272.3662], [3.9392368386785316e+42, 4.008592983804298e+42]]
Selected parents:
[[ 0.00000000e+00 -1.45799022e-12 -2.28980078e-13  4.62010753e-11
  -1.75214813e-10 -1.83669770e-15  8.52944060e-16  2.29423303e-05
  -2.04721003e-06 -1.59792834e-08  9.98214034e-10]
 [-6.01366423e+00 -1.45799022e-12 -2.28980078e-13  4.62010753e-11
  -1.75214813e-10 -1.83669770e-15  8.52944060e-16  2.29423303e-05
  -2.04721003e-06 -1.59792834e-08  9.98214034e-10]
 [ 0.00000000e+00 -2.38588898e+00 -2.28980078e-13  4.62010753e-11
  -1.75214813e-10 -1.83669770e-15  4.78451111e+00  4.49154199e+00
  -7.67683467e+00 -1.71033110e+00  9.98214034e-10]
 [-9.37094143e-01 -1.45799022e-12  1.98645152e+00  2.78228953e+00
  -1.75214813e-10 -1.85911602e+00 -5.74422027e+00  2.29423303e-05
  -2.04721003e-06 -1.59792834e-08  6.46750109e+00]
 [-8.25672178e+00 -1.45799022e-12  1.47871975e-01  5.04216529e+00
   4.24954784e+00 -1.83669770e-15  6.21209421e+00 -3.37692054e+00
  -2.04721003e-06 -1.59792834e-08 -3.26507540e+00]
 [-6.01366423e+00 -8.10247668e-01 -2.28980078e-13  6.61383707e+00
  -1.75214813e-10 -1.83669770e-15 -7.13694572e+00  2.29423303e-05
  -2.04721003e-06 -1.59792834e-08  9.98214034e-10]]Population:
[[ 0.00000000e+00 -6.01366423e+00  8.46720260e+00  4.45059111e+00
   0.00000000e+00  0.00000000e+00 -3.33579880e+00  0.00000000e+00
  -6.01366423e+00 -2.84664879e+00]
 [-1.45799022e-12 -1.45799022e-12 -1.45799022e-12 -1.45799022e-12
   3.35677625e+00  3.02539660e+00 -2.38588898e+00 -1.42532917e+00
  -8.10247668e-01 -1.45799022e-12]
 [-2.28980078e-13 -2.28980078e-13  1.47871975e-01 -2.28980078e-13
  -2.28980078e-13  4.64696029e+00  2.54666550e+00 -8.33288572e+00
   5.38768097e+00 -2.28980078e-13]
 [ 4.62010753e-11  4.62010753e-11  5.04216529e+00  5.04216529e+00
   1.64954725e+00  4.62010753e-11  8.55320356e+00  4.62010753e-11
   4.62010753e-11 -5.36460439e+00]
 [-1.75214813e-10 -1.75214813e-10  3.53455160e-01  4.24954784e+00
  -3.92926369e+00 -7.41952413e+00  1.17013039e-01  1.97471177e+00
  -1.75214813e-10 -1.75214813e-10]
 [-1.83669770e-15 -1.83669770e-15 -2.49679526e+00 -1.83669770e-15
  -8.69183336e+00 -1.83669770e-15 -1.83669770e-15  8.95527482e+00
  -1.01503386e+00 -1.83669770e-15]
 [ 8.52944060e-16  8.52944060e-16  8.52944060e-16  8.68146412e+00
   7.29117910e+00  8.52944060e-16  6.73147044e+00  4.78451111e+00
  -7.13694572e+00 -7.04101021e+00]
 [ 2.29423303e-05  2.29423303e-05 -3.37692054e+00 -3.37692054e+00
   2.29423303e-05  2.29423303e-05  4.49154199e+00  4.49154199e+00
  -3.26862390e+00  2.29423303e-05]
 [-2.04721003e-06 -2.04721003e-06 -2.69168937e+00 -3.29964766e+00
  -3.14493478e+00 -4.86149156e+00 -2.04721003e-06 -2.04721003e-06
   7.47675611e+00 -2.04721003e-06]
 [-1.59792834e-08 -1.59792834e-08 -1.59792834e-08  8.33005435e+00
  -7.31252181e+00  3.67721055e+00 -1.71033110e+00  5.51305571e+00
  -1.59792834e-08 -1.59792834e-08]
 [ 9.98214034e-10  9.98214034e-10  6.74437650e+00  9.98214034e-10
   9.98214034e-10 -5.63026470e+00  9.98214034e-10  9.98214034e-10
   9.98214034e-10 -2.59580761e+00]]
Train validation errors
[[13510723304.19212, 368296592820.6967], [13510478746.71451, 368295547658.2882], [2.2851058211433633e+42, 2.3252012471190955e+42], [1.316659499581255e+31, 2.522646769846153e+31], [2.769739733805519e+43, 2.8185062313330084e+43], [1.4019361388503115e+34, 2.650541492025732e+34], [5.62911899873849e+29, 1.0791207325597412e+30], [2.9401797509981205e+43, 2.991946847792556e+43], [3.777258247028234e+41, 3.843762248635455e+41], [3.058071022015501e+33, 5.785489236713369e+33]]
Selected parents:
[[ 0.00000000e+00 -1.45799022e-12 -2.28980078e-13  4.62010753e-11
  -1.75214813e-10 -1.83669770e-15  8.52944060e-16  2.29423303e-05
  -2.04721003e-06 -1.59792834e-08  9.98214034e-10]
 [-6.01366423e+00 -1.45799022e-12 -2.28980078e-13  4.62010753e-11
  -1.75214813e-10 -1.83669770e-15  8.52944060e-16  2.29423303e-05
  -2.04721003e-06 -1.59792834e-08  9.98214034e-10]
 [ 4.45059111e+00 -1.45799022e-12 -2.28980078e-13  5.04216529e+00
   4.24954784e+00 -1.83669770e-15  8.68146412e+00 -3.37692054e+00
  -3.29964766e+00  8.33005435e+00  9.98214034e-10]
 [ 0.00000000e+00  3.02539660e+00  4.64696029e+00  4.62010753e-11
  -7.41952413e+00 -1.83669770e-15  8.52944060e-16  2.29423303e-05
  -4.86149156e+00  3.67721055e+00 -5.63026470e+00]
 [-3.33579880e+00 -2.38588898e+00  2.54666550e+00  8.55320356e+00
   1.17013039e-01 -1.83669770e-15  6.73147044e+00  4.49154199e+00
  -2.04721003e-06 -1.71033110e+00  9.98214034e-10]
 [-2.84664879e+00 -1.45799022e-12 -2.28980078e-13 -5.36460439e+00
  -1.75214813e-10 -1.83669770e-15 -7.04101021e+00  2.29423303e-05
  -2.04721003e-06 -1.59792834e-08 -2.59580761e+00]]Population:
[[ 0.00000000e+00 -6.01366423e+00 -6.14033471e+00  4.07002399e+00
   5.52266638e+00 -8.91453320e+00  0.00000000e+00  0.00000000e+00
  -1.76245308e+00  0.00000000e+00]
 [-1.45799022e-12 -1.45799022e-12 -6.28374095e+00 -1.45799022e-12
  -1.45799022e-12  3.02539660e+00 -1.45799022e-12 -1.45799022e-12
  -1.45799022e-12 -1.45799022e-12]
 [-2.28980078e-13 -2.28980078e-13 -2.28980078e-13 -2.28980078e-13
   3.86474887e+00  4.64696029e+00  1.22437131e+00 -2.28980078e-13
  -2.28980078e-13 -6.63723091e+00]
 [ 4.62010753e-11  4.62010753e-11  6.04391067e+00 -4.67941181e+00
   4.62010753e-11  4.62010753e-11  4.62010753e-11 -6.30719366e+00
   4.62010753e-11 -7.95511898e+00]
 [-1.75214813e-10 -1.75214813e-10 -1.75214813e-10 -1.75214813e-10
  -7.41952413e+00 -1.75214813e-10 -1.75214813e-10 -1.75214813e-10
  -1.75214813e-10 -7.33201430e+00]
 [-1.83669770e-15 -1.83669770e-15 -1.99660098e+00 -1.83669770e-15
  -1.83669770e-15 -1.83669770e-15 -1.83669770e-15 -1.83669770e-15
  -1.83669770e-15  1.73082374e+00]
 [ 8.52944060e-16  8.52944060e-16  5.85031454e+00  8.52944060e-16
  -3.82310428e+00  8.52944060e-16  8.52944060e-16 -8.74643739e-01
   8.52944060e-16  8.52944060e-16]
 [ 2.29423303e-05  2.29423303e-05  4.49154199e+00  4.49154199e+00
   2.29423303e-05 -8.83628769e+00  2.29423303e-05  2.29423303e-05
  -5.39041168e+00  4.74374499e+00]
 [-2.04721003e-06 -2.04721003e-06 -2.04721003e-06  6.33768799e+00
  -4.86149156e+00  6.55720800e+00 -2.04721003e-06 -2.04721003e-06
   2.39152023e+00 -8.36929605e-01]
 [-1.59792834e-08 -1.59792834e-08 -7.52592383e+00 -1.59792834e-08
   3.67721055e+00  3.67721055e+00 -1.59792834e-08 -6.80552000e+00
  -1.59792834e-08 -1.59792834e-08]
 [ 9.98214034e-10  9.98214034e-10 -3.91029683e+00  1.64665937e+00
   3.86340862e+00 -5.63026470e+00  9.98214034e-10  9.98214034e-10
   9.98214034e-10  9.98214034e-10]]
Train validation errors
[[13510723304.19212, 368296592820.6967], [13510478746.71451, 368295547658.2882], [1.4616889019756732e+42, 1.4874903526592306e+42], [1.2346668730686106e+33, 2.3359429341455455e+33], [7.030186523925364e+33, 1.331231285177997e+34], [1.3995268362096797e+34, 2.64592762295226e+34], [13577799935.34637, 368907660222.88293], [8.932640933798122e+30, 1.712460433590628e+31], [4.3131559531151504e+26, 8.315888283014392e+26], [1.0983010011554315e+42, 1.1176382252881313e+42]]
Selected parents:
[[ 0.00000000e+00 -1.45799022e-12 -2.28980078e-13  4.62010753e-11
  -1.75214813e-10 -1.83669770e-15  8.52944060e-16  2.29423303e-05
  -2.04721003e-06 -1.59792834e-08  9.98214034e-10]
 [-6.01366423e+00 -1.45799022e-12 -2.28980078e-13  4.62010753e-11
  -1.75214813e-10 -1.83669770e-15  8.52944060e-16  2.29423303e-05
  -2.04721003e-06 -1.59792834e-08  9.98214034e-10]
 [ 4.07002399e+00 -1.45799022e-12 -2.28980078e-13 -4.67941181e+00
  -1.75214813e-10 -1.83669770e-15  8.52944060e-16  4.49154199e+00
   6.33768799e+00 -1.59792834e-08  1.64665937e+00]
 [ 0.00000000e+00 -1.45799022e-12  1.22437131e+00  4.62010753e-11
  -1.75214813e-10 -1.83669770e-15  8.52944060e-16  2.29423303e-05
  -2.04721003e-06 -1.59792834e-08  9.98214034e-10]
 [ 0.00000000e+00 -1.45799022e-12 -2.28980078e-13 -6.30719366e+00
  -1.75214813e-10 -1.83669770e-15 -8.74643739e-01  2.29423303e-05
  -2.04721003e-06 -6.80552000e+00  9.98214034e-10]
 [-1.76245308e+00 -1.45799022e-12 -2.28980078e-13  4.62010753e-11
  -1.75214813e-10 -1.83669770e-15  8.52944060e-16 -5.39041168e+00
   2.39152023e+00 -1.59792834e-08  9.98214034e-10]]Population:
[[ 0.00000000e+00 -6.01366423e+00  4.45675119e+00  4.07002399e+00
  -2.20723796e-01 -6.12897033e+00  4.07002399e+00  6.30895921e-01
  -6.01366423e+00  4.07002399e+00]
 [-1.45799022e-12 -1.45799022e-12 -1.45799022e-12 -1.45799022e-12
  -1.45799022e-12 -1.45799022e-12  1.79673368e+00 -1.45799022e-12
  -1.45799022e-12 -1.45799022e-12]
 [-2.28980078e-13 -2.28980078e-13  1.98540458e+00 -2.28980078e-13
  -2.28980078e-13 -6.96826606e+00 -2.28980078e-13 -8.72502545e+00
  -2.28980078e-13  7.78733644e+00]
 [ 4.62010753e-11  4.62010753e-11 -2.95610408e+00 -4.67941181e+00
  -2.46536133e+00  4.62010753e-11  4.62010753e-11 -4.67941181e+00
   4.62010753e-11 -1.57203953e+00]
 [-1.75214813e-10 -1.75214813e-10 -1.75214813e-10 -7.38292210e+00
  -1.75214813e-10  5.70577382e+00 -3.28421485e+00 -1.75214813e-10
  -1.75214813e-10  8.99138331e+00]
 [-1.83669770e-15 -1.83669770e-15  3.76449561e+00  8.16930478e+00
  -1.83669770e-15  6.50981033e+00 -1.83669770e-15 -6.98514830e+00
  -1.83669770e-15 -1.83669770e-15]
 [ 8.52944060e-16  8.52944060e-16  8.52944060e-16  4.42203705e+00
   1.54694658e+00  8.52944060e-16 -3.92710611e+00 -6.76398585e+00
   8.52944060e-16  8.52944060e-16]
 [ 2.29423303e-05  2.29423303e-05  2.29423303e-05  1.81644365e+00
   2.29423303e-05  2.29423303e-05  2.29423303e-05  4.49154199e+00
   4.49154199e+00  2.29423303e-05]
 [-2.04721003e-06 -2.04721003e-06 -7.62794060e+00  6.33768799e+00
   6.67652210e+00 -2.04721003e-06  6.33768799e+00 -2.04721003e-06
   6.33768799e+00  6.33768799e+00]
 [-1.59792834e-08 -1.59792834e-08 -1.59792834e-08 -1.59792834e-08
  -5.37047332e+00  3.28486560e+00 -1.59792834e-08 -1.59792834e-08
  -1.59792834e-08 -1.59792834e-08]
 [ 9.98214034e-10  9.98214034e-10  1.64665937e+00 -2.55409462e+00
   9.98214034e-10  9.98214034e-10 -5.89304705e+00  1.64665937e+00
   9.98214034e-10  6.90492079e-01]]
Train validation errors
[[13510723304.19212, 368296592820.6967], [13510478746.71451, 368295547658.2882], [5.1956687139200315e+42, 5.2871966646656186e+42], [2.4466801336090593e+43, 2.489740594218068e+43], [5.288898644229507e+30, 1.011989847906812e+31], [1.553648085086459e+43, 1.581002743988884e+43], [1.5746546462749167e+34, 2.9790140384270384e+34], [1.7887942606610467e+43, 1.8202792744331128e+43], [3.410420519444028e+27, 6.62228632439306e+27], [2.180727535064901e+32, 4.126091752153545e+32]]
Selected parents:
[[ 0.00000000e+00 -1.45799022e-12 -2.28980078e-13  4.62010753e-11
  -1.75214813e-10 -1.83669770e-15  8.52944060e-16  2.29423303e-05
  -2.04721003e-06 -1.59792834e-08  9.98214034e-10]
 [-6.01366423e+00 -1.45799022e-12 -2.28980078e-13  4.62010753e-11
  -1.75214813e-10 -1.83669770e-15  8.52944060e-16  2.29423303e-05
  -2.04721003e-06 -1.59792834e-08  9.98214034e-10]
 [-2.20723796e-01 -1.45799022e-12 -2.28980078e-13 -2.46536133e+00
  -1.75214813e-10 -1.83669770e-15  1.54694658e+00  2.29423303e-05
   6.67652210e+00 -5.37047332e+00  9.98214034e-10]
 [ 4.07002399e+00  1.79673368e+00 -2.28980078e-13  4.62010753e-11
  -3.28421485e+00 -1.83669770e-15 -3.92710611e+00  2.29423303e-05
   6.33768799e+00 -1.59792834e-08 -5.89304705e+00]
 [-6.01366423e+00 -1.45799022e-12 -2.28980078e-13  4.62010753e-11
  -1.75214813e-10 -1.83669770e-15  8.52944060e-16  4.49154199e+00
   6.33768799e+00 -1.59792834e-08  9.98214034e-10]
 [ 4.07002399e+00 -1.45799022e-12  7.78733644e+00 -1.57203953e+00
   8.99138331e+00 -1.83669770e-15  8.52944060e-16  2.29423303e-05
   6.33768799e+00 -1.59792834e-08  6.90492079e-01]]Population:
[[ 0.00000000e+00 -6.01366423e+00 -5.08810727e+00 -5.12614962e+00
  -2.20723796e-01 -5.71199543e+00 -6.01366423e+00 -6.01366423e+00
   4.07002399e+00 -6.88685647e+00]
 [-1.45799022e-12 -1.45799022e-12 -1.45799022e-12 -2.43569623e-01
  -8.63182181e+00  8.73451339e+00 -1.45799022e-12  2.92995174e-01
  -1.45799022e-12 -1.45799022e-12]
 [-2.28980078e-13 -2.28980078e-13 -2.28980078e-13  4.26013210e+00
  -2.28980078e-13 -2.28980078e-13 -2.28980078e-13 -2.28980078e-13
  -2.28980078e-13 -2.28980078e-13]
 [ 4.62010753e-11  4.62010753e-11  4.62010753e-11 -2.25827920e+00
  -3.66931174e+00  4.62010753e-11  4.62010753e-11  4.62010753e-11
   5.05729357e-01 -8.02746162e-01]
 [-1.75214813e-10 -1.75214813e-10  3.72485964e+00  8.91665979e+00
   6.39131618e+00 -1.75214813e-10 -1.75214813e-10 -1.75214813e-10
  -1.75811016e+00  8.99138331e+00]
 [-1.83669770e-15 -1.83669770e-15 -1.83669770e-15 -1.83669770e-15
  -1.83669770e-15 -9.57457605e-01 -1.83669770e-15 -1.83669770e-15
  -3.65084076e+00 -8.19532868e+00]
 [ 8.52944060e-16  8.52944060e-16  1.54694658e+00  1.54694658e+00
   7.65888610e+00 -3.92710611e+00  8.52944060e-16  1.72047520e+00
   5.02247998e+00  8.44915298e-01]
 [ 2.29423303e-05  2.29423303e-05  2.29423303e-05  1.01218635e+00
   2.29423303e-05  2.29423303e-05  4.49154199e+00  2.29423303e-05
   2.29423303e-05 -6.59907820e+00]
 [-2.04721003e-06 -2.04721003e-06 -2.04721003e-06 -1.30111379e+00
   6.33768799e+00  6.67652210e+00  6.33768799e+00  6.33768799e+00
   6.52285672e+00  6.33768799e+00]
 [-1.59792834e-08 -1.59792834e-08 -1.59792834e-08 -4.83043830e+00
  -1.58056194e+00 -1.59792834e-08  8.21421983e-01 -5.45702688e+00
  -1.68793065e+00 -5.37047332e+00]
 [ 9.98214034e-10  9.98214034e-10  9.98214034e-10  6.50762390e+00
   9.98214034e-10  6.04685356e-01  9.98214034e-10  9.98214034e-10
   9.98214034e-10  2.98233872e+00]]
Train validation errors
[[13510723304.19212, 368296592820.6967], [13510478746.71451, 368295547658.2882], [46670173841874.36, 93534017972971.36], [1.8643602312106506e+34, 3.524440424336787e+34], [4.076233171763819e+29, 7.760901463695698e+29], [3.3607571398243377e+41, 3.4198808481887142e+41], [1.7443488065904402e+29, 3.37324898263505e+29], [5.479116855728567e+30, 1.048524341126197e+31], [4.8865429544279123e+42, 4.972578804795291e+42], [2.4622870109472417e+43, 2.5056200524897276e+43]]
Selected parents:
[[ 0.00000000e+00 -1.45799022e-12 -2.28980078e-13  4.62010753e-11
  -1.75214813e-10 -1.83669770e-15  8.52944060e-16  2.29423303e-05
  -2.04721003e-06 -1.59792834e-08  9.98214034e-10]
 [-6.01366423e+00 -1.45799022e-12 -2.28980078e-13  4.62010753e-11
  -1.75214813e-10 -1.83669770e-15  8.52944060e-16  2.29423303e-05
  -2.04721003e-06 -1.59792834e-08  9.98214034e-10]
 [-5.08810727e+00 -1.45799022e-12 -2.28980078e-13  4.62010753e-11
   3.72485964e+00 -1.83669770e-15  1.54694658e+00  2.29423303e-05
  -2.04721003e-06 -1.59792834e-08  9.98214034e-10]
 [-2.20723796e-01 -8.63182181e+00 -2.28980078e-13 -3.66931174e+00
   6.39131618e+00 -1.83669770e-15  7.65888610e+00  2.29423303e-05
   6.33768799e+00 -1.58056194e+00  9.98214034e-10]
 [-6.01366423e+00 -1.45799022e-12 -2.28980078e-13  4.62010753e-11
  -1.75214813e-10 -1.83669770e-15  8.52944060e-16  4.49154199e+00
   6.33768799e+00  8.21421983e-01  9.98214034e-10]
 [-6.01366423e+00  2.92995174e-01 -2.28980078e-13  4.62010753e-11
  -1.75214813e-10 -1.83669770e-15  1.72047520e+00  2.29423303e-05
   6.33768799e+00 -5.45702688e+00  9.98214034e-10]]Population:
[[ 0.00000000e+00 -6.01366423e+00  0.00000000e+00  0.00000000e+00
   0.00000000e+00  1.63385750e+00  8.68132583e+00  5.19091426e-01
   1.89310861e+00  1.38698928e-01]
 [-1.45799022e-12 -1.45799022e-12 -1.45799022e-12 -3.32277223e+00
  -1.45799022e-12 -5.54303637e+00  2.92995174e-01  7.39445500e+00
  -2.24187591e+00 -1.45799022e-12]
 [-2.28980078e-13 -2.28980078e-13 -2.28980078e-13 -2.28980078e-13
  -2.28980078e-13 -2.28980078e-13 -8.82695858e+00 -2.28980078e-13
  -2.28980078e-13 -2.28980078e-13]
 [ 4.62010753e-11  4.62010753e-11  4.62010753e-11  4.62010753e-11
  -6.73453684e+00  4.62010753e-11  4.85488556e+00  4.62010753e-11
   4.62010753e-11  2.97810388e+00]
 [-1.75214813e-10 -1.75214813e-10 -1.75214813e-10 -8.21977331e+00
   7.20401918e+00 -1.75214813e-10 -1.75214813e-10 -4.91928051e+00
  -1.75214813e-10 -1.75214813e-10]
 [-1.83669770e-15 -1.83669770e-15 -5.49875651e+00 -1.83669770e-15
   1.51626636e-01 -3.17812682e+00 -1.83669770e-15 -7.91008800e+00
  -1.83669770e-15 -1.83669770e-15]
 [ 8.52944060e-16  8.52944060e-16  8.52944060e-16  8.52944060e-16
   8.52944060e-16  2.43120399e+00  1.72047520e+00  1.72047520e+00
  -1.00059062e+00  8.52944060e-16]
 [ 2.29423303e-05  2.29423303e-05  2.29423303e-05  6.66613856e+00
   4.74729421e+00  2.23878280e-01  2.29423303e-05  2.29423303e-05
  -4.47891761e+00  2.29423303e-05]
 [-2.04721003e-06 -2.04721003e-06 -2.04721003e-06 -2.04721003e-06
  -2.04721003e-06 -2.04721003e-06  6.33768799e+00  6.33768799e+00
   7.68267300e+00 -2.04721003e-06]
 [-1.59792834e-08 -1.59792834e-08 -1.59792834e-08 -1.59792834e-08
  -1.59792834e-08 -1.59792834e-08 -5.45702688e+00  5.32018763e+00
  -1.59792834e-08 -1.59792834e-08]
 [ 9.98214034e-10  9.98214034e-10  9.98214034e-10  9.98214034e-10
   9.98214034e-10  9.98214034e-10  9.98214034e-10 -2.88213955e+00
  -8.58522951e+00  9.98214034e-10]]
Train validation errors
[[13510723304.19212, 368296592820.6967], [13510478746.71451, 368295547658.2882], [1.1085229189875292e+43, 1.1280401198041026e+43], [1.5881966326829418e+24, 3.1037454050839864e+24], [8.428818529376155e+39, 8.577220516092029e+39], [3.703037792641582e+42, 3.7682353009054956e+42], [5.479116854939881e+30, 1.0485243409731265e+31], [2.2939718790600923e+43, 2.334378533041302e+43], [3.3425650567073023e+34, 6.323655217600205e+34], [28589306269.38407, 475858106769.9452]]
Selected parents:
[[ 0.00000000e+00 -1.45799022e-12 -2.28980078e-13  4.62010753e-11
  -1.75214813e-10 -1.83669770e-15  8.52944060e-16  2.29423303e-05
  -2.04721003e-06 -1.59792834e-08  9.98214034e-10]
 [-6.01366423e+00 -1.45799022e-12 -2.28980078e-13  4.62010753e-11
  -1.75214813e-10 -1.83669770e-15  8.52944060e-16  2.29423303e-05
  -2.04721003e-06 -1.59792834e-08  9.98214034e-10]
 [ 0.00000000e+00 -3.32277223e+00 -2.28980078e-13  4.62010753e-11
  -8.21977331e+00 -1.83669770e-15  8.52944060e-16  6.66613856e+00
  -2.04721003e-06 -1.59792834e-08  9.98214034e-10]
 [ 8.68132583e+00  2.92995174e-01 -8.82695858e+00  4.85488556e+00
  -1.75214813e-10 -1.83669770e-15  1.72047520e+00  2.29423303e-05
   6.33768799e+00 -5.45702688e+00  9.98214034e-10]
 [ 1.89310861e+00 -2.24187591e+00 -2.28980078e-13  4.62010753e-11
  -1.75214813e-10 -1.83669770e-15 -1.00059062e+00 -4.47891761e+00
   7.68267300e+00 -1.59792834e-08 -8.58522951e+00]
 [ 1.38698928e-01 -1.45799022e-12 -2.28980078e-13  2.97810388e+00
  -1.75214813e-10 -1.83669770e-15  8.52944060e-16  2.29423303e-05
  -2.04721003e-06 -1.59792834e-08  9.98214034e-10]]Population:
[[ 0.00000000e+00 -6.01366423e+00 -6.01366423e+00  4.05695310e+00
  -7.28322227e+00  1.89310861e+00  0.00000000e+00 -4.14537758e+00
  -6.37947430e+00  8.68132583e+00]
 [-1.45799022e-12 -1.45799022e-12 -1.45799022e-12 -1.45799022e-12
   5.98383850e+00 -2.24187591e+00 -1.45799022e-12 -1.45799022e-12
  -8.38824429e+00 -1.45799022e-12]
 [-2.28980078e-13 -2.28980078e-13 -2.28980078e-13 -2.28980078e-13
  -2.28980078e-13 -2.28980078e-13 -8.82695858e+00 -3.95263371e+00
  -2.28980078e-13 -8.82695858e+00]
 [ 4.62010753e-11  4.62010753e-11  3.27676229e-01  1.18996272e+00
  -5.66598373e+00  8.08291773e+00  4.85488556e+00  4.62010753e-11
   4.62010753e-11  4.85488556e+00]
 [-1.75214813e-10 -1.75214813e-10 -1.75214813e-10 -7.71200828e+00
  -1.75214813e-10 -1.75214813e-10 -1.75214813e-10 -1.75214813e-10
  -1.75214813e-10 -1.87268871e+00]
 [-1.83669770e-15 -1.83669770e-15 -1.83669770e-15 -1.83669770e-15
  -8.69613702e+00 -1.83669770e-15  2.44883438e+00 -1.83669770e-15
   6.77100907e+00  8.05130729e+00]
 [ 8.52944060e-16  8.52944060e-16  5.47685246e+00  8.52944060e-16
  -1.00059062e+00 -1.00059062e+00  8.52944060e-16  1.72047520e+00
   8.52944060e-16 -3.18663365e+00]
 [ 2.29423303e-05  2.29423303e-05  2.29423303e-05  2.11124070e+00
   5.17533964e+00 -4.47891761e+00  2.25161033e+00 -6.94476656e+00
   2.29423303e-05 -9.74396969e-01]
 [-2.04721003e-06 -2.04721003e-06 -2.04721003e-06 -2.04721003e-06
   7.68267300e+00  7.68267300e+00  2.14725197e+00 -2.04721003e-06
  -2.04721003e-06  6.71491404e+00]
 [-1.59792834e-08 -1.59792834e-08 -1.59792834e-08 -1.59792834e-08
  -2.86959561e+00 -1.59792834e-08 -4.63069522e-01  2.09853236e+00
  -1.59792834e-08 -1.59792834e-08]
 [ 9.98214034e-10  9.98214034e-10  9.98214034e-10  9.98214034e-10
   9.98214034e-10  8.13825236e+00  9.98214034e-10  9.98214034e-10
   2.98787724e+00 -6.24929641e+00]]
Train validation errors
[[13510723304.19212, 368296592820.6967], [13510478746.71451, 368295547658.2882], [13693277294.684912, 377521486839.8681], [1.59297100887553e+23, 3.113059395367081e+23], [2.7724812847159914e+43, 2.8212953583513207e+43], [3.0082171615479297e+34, 5.691230072518993e+34], [2.1985402902287825e+42, 2.2372486996811473e+42], [8.469484540927801e+29, 1.623617428054317e+30], [1.6808725446079454e+43, 1.710483312634792e+43], [2.3764401925912185e+43, 2.4182399613202943e+43]]
Selected parents:
[[ 0.00000000e+00 -1.45799022e-12 -2.28980078e-13  4.62010753e-11
  -1.75214813e-10 -1.83669770e-15  8.52944060e-16  2.29423303e-05
  -2.04721003e-06 -1.59792834e-08  9.98214034e-10]
 [-6.01366423e+00 -1.45799022e-12 -2.28980078e-13  4.62010753e-11
  -1.75214813e-10 -1.83669770e-15  8.52944060e-16  2.29423303e-05
  -2.04721003e-06 -1.59792834e-08  9.98214034e-10]
 [-6.01366423e+00 -1.45799022e-12 -2.28980078e-13  3.27676229e-01
  -1.75214813e-10 -1.83669770e-15  5.47685246e+00  2.29423303e-05
  -2.04721003e-06 -1.59792834e-08  9.98214034e-10]
 [ 4.05695310e+00 -1.45799022e-12 -2.28980078e-13  1.18996272e+00
  -7.71200828e+00 -1.83669770e-15  8.52944060e-16  2.11124070e+00
  -2.04721003e-06 -1.59792834e-08  9.98214034e-10]
 [ 1.89310861e+00 -2.24187591e+00 -2.28980078e-13  8.08291773e+00
  -1.75214813e-10 -1.83669770e-15 -1.00059062e+00 -4.47891761e+00
   7.68267300e+00 -1.59792834e-08  8.13825236e+00]
 [-4.14537758e+00 -1.45799022e-12 -3.95263371e+00  4.62010753e-11
  -1.75214813e-10 -1.83669770e-15  1.72047520e+00 -6.94476656e+00
  -2.04721003e-06  2.09853236e+00  9.98214034e-10]]Population:
[[ 0.00000000e+00 -6.01366423e+00  4.05695310e+00  4.05695310e+00
  -6.01366423e+00 -6.01366423e+00 -6.01366423e+00  4.05695310e+00
  -6.01366423e+00 -6.01366423e+00]
 [-1.45799022e-12 -1.45799022e-12 -1.45799022e-12 -1.45799022e-12
  -1.45799022e-12 -1.45799022e-12  7.12531962e+00 -5.67159551e+00
   6.04087266e+00 -1.45799022e-12]
 [-2.28980078e-13 -2.28980078e-13 -2.28980078e-13  2.91662319e+00
  -2.28980078e-13 -3.74764310e-01  7.71266365e+00 -2.28980078e-13
  -2.28980078e-13  6.74063061e+00]
 [ 4.62010753e-11  4.62010753e-11  3.27676229e-01  8.37569337e+00
   4.62010753e-11  4.62010753e-11  3.27676229e-01  3.27676229e-01
   1.18996272e+00  3.27676229e-01]
 [-1.75214813e-10 -1.75214813e-10 -7.71200828e+00 -1.75214813e-10
  -1.75214813e-10 -1.75214813e-10 -1.75214813e-10 -1.60257213e+00
  -7.71200828e+00 -1.75214813e-10]
 [-1.83669770e-15 -1.83669770e-15 -1.83669770e-15 -6.48615985e+00
  -1.83669770e-15 -1.83669770e-15  4.18355339e-01 -1.83669770e-15
  -1.83669770e-15 -1.83669770e-15]
 [ 8.52944060e-16  8.52944060e-16  4.80189317e+00  3.22778442e+00
   8.52944060e-16  5.47685246e+00  5.47685246e+00 -5.13324424e+00
   4.66925381e+00  5.47685246e+00]
 [ 2.29423303e-05  2.29423303e-05  1.24208269e+00  8.24804122e+00
   7.79345441e+00  2.29423303e-05  2.29423303e-05 -4.33862313e+00
   2.11124070e+00  2.29423303e-05]
 [-2.04721003e-06 -2.04721003e-06 -2.04721003e-06 -2.04721003e-06
   5.94202316e+00 -8.47662118e+00 -2.04721003e-06 -2.04721003e-06
  -2.04721003e-06 -2.04721003e-06]
 [-1.59792834e-08 -1.59792834e-08 -1.59792834e-08 -1.59792834e-08
  -1.59792834e-08 -1.59792834e-08 -1.59792834e-08 -3.02262224e+00
   4.35307240e+00 -1.59792834e-08]
 [ 9.98214034e-10  9.98214034e-10  9.98214034e-10  9.98214034e-10
   4.87967422e+00  9.98214034e-10  9.98214034e-10  9.98214034e-10
   9.98214034e-10  9.98214034e-10]]
Train validation errors
[[13510723304.19212, 368296592820.6967], [13510478746.71451, 368295547658.2882], [5.5132655143956695e+22, 1.0774224448231649e+23], [1.5423786100388147e+43, 1.5695344875661424e+43], [1.08179608761128e+34, 2.0466543810636523e+34], [5.933570747794286e+27, 1.1503813122419441e+28], [6.41662012952056e+40, 6.529594305774783e+40], [1.7642440265200215e+30, 3.382247300889771e+30], [3.6561952477976725e+30, 7.00925868084633e+30], [14184041753.558384, 381235680820.35455]]
Selected parents:
[[ 0.00000000e+00 -1.45799022e-12 -2.28980078e-13  4.62010753e-11
  -1.75214813e-10 -1.83669770e-15  8.52944060e-16  2.29423303e-05
  -2.04721003e-06 -1.59792834e-08  9.98214034e-10]
 [-6.01366423e+00 -1.45799022e-12 -2.28980078e-13  4.62010753e-11
  -1.75214813e-10 -1.83669770e-15  8.52944060e-16  2.29423303e-05
  -2.04721003e-06 -1.59792834e-08  9.98214034e-10]
 [ 4.05695310e+00 -1.45799022e-12 -2.28980078e-13  3.27676229e-01
  -7.71200828e+00 -1.83669770e-15  4.80189317e+00  1.24208269e+00
  -2.04721003e-06 -1.59792834e-08  9.98214034e-10]
 [-6.01366423e+00 -1.45799022e-12 -3.74764310e-01  4.62010753e-11
  -1.75214813e-10 -1.83669770e-15  5.47685246e+00  2.29423303e-05
  -8.47662118e+00 -1.59792834e-08  9.98214034e-10]
 [ 4.05695310e+00 -5.67159551e+00 -2.28980078e-13  3.27676229e-01
  -1.60257213e+00 -1.83669770e-15 -5.13324424e+00 -4.33862313e+00
  -2.04721003e-06 -3.02262224e+00  9.98214034e-10]
 [-6.01366423e+00 -1.45799022e-12  6.74063061e+00  3.27676229e-01
  -1.75214813e-10 -1.83669770e-15  5.47685246e+00  2.29423303e-05
  -2.04721003e-06 -1.59792834e-08  9.98214034e-10]]Best offspring gen errors:
[[1.35104787e+10 3.68295548e+11]
 [1.35104787e+10 3.68295548e+11]
 [1.35104787e+10 3.68295548e+11]
 [1.35104787e+10 3.68295548e+11]
 [1.35104787e+10 3.68295548e+11]
 [1.35104787e+10 3.68295548e+11]
 [1.35104787e+10 3.68295548e+11]
 [1.35104787e+10 3.68295548e+11]
 [1.35104787e+10 3.68295548e+11]
 [1.35104787e+10 3.68295548e+11]]