Fitness funtion: -1 * (train_validation_error[:, 1] + train_validation_error[:, 0])
Initialed with the best that we have until now
Starting all over again with new root population
No of generations: 5
Population size: 10
Mutation coefficient: 0.2
Split point: 7
Two offspring per pair
Population:
[[ 0.00000000e+00 -1.45799022e-12 -2.28980078e-13  4.62010753e-11
   6.48686589e-10  1.00854525e-15  7.73568295e-16  2.29423303e-05
  -2.64644024e-06 -1.59792834e-08  9.98214034e-10]
 [ 0.00000000e+00 -1.57214607e-12 -2.28980078e-13  4.07757662e-11
   4.11622714e-10 -1.83669770e-15  1.27660797e-15  5.93213331e-05
   5.02520082e-06  7.17835885e-08  1.00993243e-09]
 [ 7.27061089e+00  3.36268804e-13  6.24351818e-13  4.62010753e-11
  -1.75214813e-10  3.80713961e-15  1.51277163e-15  5.23375849e-05
   6.39184949e-06 -8.01707787e-09  1.21773967e-09]
 [ 0.00000000e+00 -6.97439858e-13 -2.28980078e-13  4.62010753e-11
   4.96751152e-10 -1.34795760e-15  8.52944060e-16  4.88013370e-05
   5.93362499e-06 -1.59792834e-08  9.98214034e-10]
 [ 0.00000000e+00 -6.94144225e-13  1.78842251e-13  7.60517087e-11
  -1.75214813e-10 -1.83669770e-15  1.44562662e-15  4.07299656e-05
  -2.04721003e-06 -1.59792834e-08  1.33078444e-09]
 [ 0.00000000e+00  6.58790686e-12 -2.28980078e-13  4.62010753e-11
  -1.75214813e-10 -1.83669770e-15  1.19176620e-15  2.29423303e-05
  -2.04721003e-06 -1.59792834e-08  1.47736941e-09]
 [-6.92564952e-01  3.28879271e-12  1.79580486e-13  4.62010753e-11
  -1.75214813e-10 -1.83669770e-15  8.52944060e-16  2.29423303e-05
  -9.48313326e-08  6.54824509e-08  9.98214034e-10]
 [ 0.00000000e+00  6.60051157e-12 -2.28980078e-13  6.62979237e-11
  -1.75214813e-10  8.28226929e-16  8.52944060e-16  1.11970067e-04
   1.38722784e-06 -1.59792834e-08  1.64236287e-09]
 [ 0.00000000e+00 -1.45799022e-12  2.76826604e-15  4.62010753e-11
  -1.75214813e-10  2.45679333e-15  1.31129436e-15  9.47274116e-05
  -2.04721003e-06 -1.59792834e-08  9.38280971e-10]
 [ 0.00000000e+00 -8.52790130e-13  3.75535185e-14  1.15581325e-10
   2.65301156e-11 -1.83669770e-15  1.31383447e-15  2.29423303e-05
  -2.04721003e-06 -1.65055991e-08  1.11104755e-09]]
Train validation errors
[[1.60677357e+13 3.33386868e+13]
 [1.18877917e+16 2.34611044e+16]
 [8.66712116e+15 1.66935389e+16]
 [5.99792217e+15 1.17651981e+16]
 [1.07422173e+14 2.20194608e+14]
 [1.04348928e+14 2.09338416e+14]
 [2.82593622e+15 5.57015188e+15]
 [3.91847703e+15 7.67461569e+15]
 [2.13903850e+14 3.95546962e+14]
 [4.78404854e+12 1.18121252e+13]]
Selected parents:
[[ 0.00000000e+00  0.00000000e+00  0.00000000e+00 -6.92564952e-01
   0.00000000e+00  0.00000000e+00]
 [-1.45799022e-12 -6.94144225e-13  6.58790686e-12  3.28879271e-12
  -1.45799022e-12 -8.52790130e-13]
 [-2.28980078e-13  1.78842251e-13 -2.28980078e-13  1.79580486e-13
   2.76826604e-15  3.75535185e-14]
 [ 4.62010753e-11  7.60517087e-11  4.62010753e-11  4.62010753e-11
   4.62010753e-11  1.15581325e-10]
 [ 6.48686589e-10 -1.75214813e-10 -1.75214813e-10 -1.75214813e-10
  -1.75214813e-10  2.65301156e-11]
 [ 1.00854525e-15 -1.83669770e-15 -1.83669770e-15 -1.83669770e-15
   2.45679333e-15 -1.83669770e-15]
 [ 7.73568295e-16  1.44562662e-15  1.19176620e-15  8.52944060e-16
   1.31129436e-15  1.31383447e-15]
 [ 2.29423303e-05  4.07299656e-05  2.29423303e-05  2.29423303e-05
   9.47274116e-05  2.29423303e-05]
 [-2.64644024e-06 -2.04721003e-06 -2.04721003e-06 -9.48313326e-08
  -2.04721003e-06 -2.04721003e-06]
 [-1.59792834e-08 -1.59792834e-08 -1.59792834e-08  6.54824509e-08
  -1.59792834e-08 -1.65055991e-08]
 [ 9.98214034e-10  1.33078444e-09  1.47736941e-09  9.98214034e-10
   9.38280971e-10  1.11104755e-09]]Population:
[[ 0.00000000e+00 -1.45799022e-12 -2.28980078e-13  4.62010753e-11
   6.48686589e-10  1.00854525e-15  7.73568295e-16  2.29423303e-05
  -2.64644024e-06 -1.59792834e-08  9.98214034e-10]
 [ 0.00000000e+00 -8.52790130e-13  3.75535185e-14  1.15581325e-10
   2.65301156e-11 -1.83669770e-15  1.31383447e-15  2.29423303e-05
  -2.04721003e-06 -1.65055991e-08  1.11104755e-09]
 [ 3.31622017e+00 -3.67209964e-13  6.06489147e-14  4.62010753e-11
  -1.75214813e-10 -1.83669770e-15  7.42140749e-15  2.29423303e-05
   6.38723503e-06  3.32079928e-08  1.47736941e-09]
 [ 0.00000000e+00 -9.36867666e-13 -2.28980078e-13  1.15581325e-10
   1.16142435e-10  3.81673251e-15  4.05639982e-16  4.16480160e-05
  -2.04721003e-06  6.41975485e-08  8.56495796e-09]
 [-1.34364479e-01  3.28879271e-12  8.98659537e-13  4.62010753e-11
   2.65183408e-10  3.75169479e-15  1.20909745e-15  6.24719148e-05
  -9.48313326e-08  6.54824509e-08  1.55407147e-09]
 [ 0.00000000e+00  2.15742582e-12  3.53678393e-15  1.30637625e-10
   3.28376187e-10 -1.83669770e-15  5.14457130e-15  4.64097850e-05
  -9.48313326e-08  6.54824509e-08  9.38280971e-10]
 [ 0.00000000e+00 -6.08842090e-13  3.75535185e-14  7.60517087e-11
   2.65301156e-11 -1.83669770e-15  5.71932740e-15  2.29423303e-05
  -1.02355027e-06 -1.91125516e-08  5.21408428e-09]
 [ 0.00000000e+00 -6.94144225e-13  1.78842251e-13  1.56691419e-10
   4.76274224e-11 -1.83669770e-15  9.98583548e-15  4.07299656e-05
  -2.04721003e-06  5.16872652e-08  1.11104755e-09]
 [ 0.00000000e+00 -1.79004083e-12 -1.96312652e-13  1.31970829e-10
   5.80717224e-10  1.00854525e-15  2.92864791e-15  5.51233311e-05
  -2.70149972e-06 -1.59792834e-08  1.00396355e-09]
 [ 0.00000000e+00 -1.45799022e-12  8.78748777e-15  6.59742718e-11
  -1.75214813e-10  1.73122046e-15  5.10005612e-15  9.47274116e-05
  -2.64644024e-06 -1.59792834e-08  9.38280971e-10]]
Train validation errors
[[1.60677357e+13 3.33386868e+13]
 [4.78404854e+12 1.18121252e+13]
 [1.16489808e+16 2.28100031e+16]
 [4.09824223e+16 7.77690051e+16]
 [5.67681973e+15 1.08858219e+16]
 [3.16666588e+15 6.25115173e+15]
 [9.55332809e+15 1.82168176e+16]
 [1.25516426e+15 2.45480050e+15]
 [7.04165713e+12 5.77878974e+12]
 [8.51083409e+13 1.42090528e+14]]
Selected parents:
[[ 0.00000000e+00  0.00000000e+00  0.00000000e+00  0.00000000e+00
   0.00000000e+00  0.00000000e+00]
 [-1.45799022e-12 -8.52790130e-13  2.15742582e-12 -6.94144225e-13
  -1.79004083e-12 -1.45799022e-12]
 [-2.28980078e-13  3.75535185e-14  3.53678393e-15  1.78842251e-13
  -1.96312652e-13  8.78748777e-15]
 [ 4.62010753e-11  1.15581325e-10  1.30637625e-10  1.56691419e-10
   1.31970829e-10  6.59742718e-11]
 [ 6.48686589e-10  2.65301156e-11  3.28376187e-10  4.76274224e-11
   5.80717224e-10 -1.75214813e-10]
 [ 1.00854525e-15 -1.83669770e-15 -1.83669770e-15 -1.83669770e-15
   1.00854525e-15  1.73122046e-15]
 [ 7.73568295e-16  1.31383447e-15  5.14457130e-15  9.98583548e-15
   2.92864791e-15  5.10005612e-15]
 [ 2.29423303e-05  2.29423303e-05  4.64097850e-05  4.07299656e-05
   5.51233311e-05  9.47274116e-05]
 [-2.64644024e-06 -2.04721003e-06 -9.48313326e-08 -2.04721003e-06
  -2.70149972e-06 -2.64644024e-06]
 [-1.59792834e-08 -1.65055991e-08  6.54824509e-08  5.16872652e-08
  -1.59792834e-08 -1.59792834e-08]
 [ 9.98214034e-10  1.11104755e-09  9.38280971e-10  1.11104755e-09
   1.00396355e-09  9.38280971e-10]]Population:
[[ 0.00000000e+00 -8.52790130e-13  3.75535185e-14  1.15581325e-10
   2.65301156e-11 -1.83669770e-15  1.31383447e-15  2.29423303e-05
  -2.04721003e-06 -1.65055991e-08  1.11104755e-09]
 [ 0.00000000e+00 -1.79004083e-12 -1.96312652e-13  1.31970829e-10
   5.80717224e-10  1.00854525e-15  2.92864791e-15  5.51233311e-05
  -2.70149972e-06 -1.59792834e-08  1.00396355e-09]
 [ 0.00000000e+00 -1.45799022e-12  3.75535185e-14  6.59742718e-11
  -1.75214813e-10  7.42413260e-15  1.31383447e-15  5.20493540e-05
  -2.23422140e-06 -1.59792834e-08  9.38280971e-10]
 [ 6.04126158e+00 -8.52790130e-13  8.78748777e-15  6.59742718e-11
   4.24065373e-11  1.73122046e-15  8.71513440e-15  1.79709358e-04
  -2.04721003e-06 -2.04134850e-08  9.96064872e-09]
 [ 0.00000000e+00  3.04900662e-12  3.60921788e-14  6.59742718e-11
   2.65301156e-11 -1.83669770e-15  1.46010574e-15  1.02237555e-04
   5.65733293e-06  1.00911215e-08  9.38280971e-10]
 [ 0.00000000e+00 -1.45799022e-12  8.78748777e-15  6.59742718e-11
   6.00097400e-10  3.72736756e-15  5.10005612e-15  9.47274116e-05
  -1.02630616e-07 -1.25060661e-08  1.42471387e-09]
 [ 8.03040106e+00  4.43430359e-12  2.95424762e-13  5.90896450e-10
   5.74311404e-10  1.31520259e-15  2.92864791e-15  1.69379862e-04
  -2.70149972e-06  6.36659029e-08  1.48802242e-09]
 [ 0.00000000e+00  5.05956155e-13 -1.96312652e-13  1.31970829e-10
   6.37395276e-10  4.13208101e-15  2.92864791e-15  1.38831671e-04
   3.88552130e-06 -1.59792834e-08  9.38280971e-10]
 [ 1.65014509e+00 -8.52790130e-13 -1.46459125e-13  1.15581325e-10
   1.34816589e-09  6.86051669e-15  1.31383447e-15  2.29423303e-05
  -2.04721003e-06 -7.38975323e-09  1.11104755e-09]
 [ 0.00000000e+00 -1.15846945e-12 -1.96312652e-13  8.82453675e-10
   5.80717224e-10  1.00854525e-15  1.31383447e-15  5.51233311e-05
  -5.27048120e-07  2.68773906e-08  8.71580116e-09]]
Train validation errors
[[4.78404854e+12 1.18121252e+13]
 [7.04165713e+12 5.77878974e+12]
 [6.25156611e+13 8.52894087e+13]
 [4.82254207e+16 9.20837320e+16]
 [8.90428583e+15 1.76645082e+16]
 [1.97395055e+15 3.78372445e+15]
 [4.72393192e+15 9.05993012e+15]
 [5.92288445e+15 1.15518405e+16]
 [1.24398214e+14 1.93157364e+14]
 [4.16679333e+16 7.94113555e+16]]
Selected parents:
[[ 0.00000000e+00  0.00000000e+00  0.00000000e+00  0.00000000e+00
   8.03040106e+00  1.65014509e+00]
 [-8.52790130e-13 -1.79004083e-12 -1.45799022e-12 -1.45799022e-12
   4.43430359e-12 -8.52790130e-13]
 [ 3.75535185e-14 -1.96312652e-13  3.75535185e-14  8.78748777e-15
   2.95424762e-13 -1.46459125e-13]
 [ 1.15581325e-10  1.31970829e-10  6.59742718e-11  6.59742718e-11
   5.90896450e-10  1.15581325e-10]
 [ 2.65301156e-11  5.80717224e-10 -1.75214813e-10  6.00097400e-10
   5.74311404e-10  1.34816589e-09]
 [-1.83669770e-15  1.00854525e-15  7.42413260e-15  3.72736756e-15
   1.31520259e-15  6.86051669e-15]
 [ 1.31383447e-15  2.92864791e-15  1.31383447e-15  5.10005612e-15
   2.92864791e-15  1.31383447e-15]
 [ 2.29423303e-05  5.51233311e-05  5.20493540e-05  9.47274116e-05
   1.69379862e-04  2.29423303e-05]
 [-2.04721003e-06 -2.70149972e-06 -2.23422140e-06 -1.02630616e-07
  -2.70149972e-06 -2.04721003e-06]
 [-1.65055991e-08 -1.59792834e-08 -1.59792834e-08 -1.25060661e-08
   6.36659029e-08 -7.38975323e-09]
 [ 1.11104755e-09  1.00396355e-09  9.38280971e-10  1.42471387e-09
   1.48802242e-09  1.11104755e-09]]Population:
[[ 0.00000000e+00 -8.52790130e-13  3.75535185e-14  1.15581325e-10
   2.65301156e-11 -1.83669770e-15  1.31383447e-15  2.29423303e-05
  -2.04721003e-06 -1.65055991e-08  1.11104755e-09]
 [ 0.00000000e+00 -1.79004083e-12 -1.96312652e-13  1.31970829e-10
   5.80717224e-10  1.00854525e-15  2.92864791e-15  5.51233311e-05
  -2.70149972e-06 -1.59792834e-08  1.00396355e-09]
 [ 3.66203938e+00 -1.45799022e-12  1.02229660e-13  1.15581325e-10
   5.57279936e-10  1.94231841e-15  4.34303489e-15  2.29423303e-05
  -1.21456785e-07 -1.65055991e-08  9.39644591e-09]
 [ 8.15586013e+00  4.21980786e-12  1.47731957e-14  9.13439633e-10
   1.34976766e-09  1.07861345e-14  5.10005612e-15  2.29423303e-05
   4.16990573e-09 -6.90822640e-10  1.11104755e-09]
 [ 8.03040106e+00  4.87153162e-12  1.29855788e-14  6.59742718e-11
   6.00097400e-10  3.72736756e-15  2.92864791e-15  1.49586707e-04
  -1.02630616e-07 -1.25060661e-08  6.92354329e-09]
 [ 8.03040106e+00 -1.45799022e-12  8.21103812e-13  6.59742718e-11
   5.74311404e-10  1.31520259e-15  7.45920161e-15  4.14609330e-04
  -2.70149972e-06  5.24964376e-08  6.98793720e-09]
 [ 1.65014509e+00 -7.37340340e-13  8.78748777e-15  1.52186293e-10
   9.84082143e-09  6.86051669e-15  8.32220411e-15  2.29423303e-05
  -2.04721003e-06 -7.38975323e-09  1.11104755e-09]
 [ 3.57899315e+00 -8.52790130e-13 -1.46459125e-13  1.10782261e-10
   6.00097400e-10  3.72736756e-15  5.10005612e-15  9.47274116e-05
  -2.04721003e-06 -1.25060661e-08  1.11104755e-09]
 [ 0.00000000e+00  8.02088586e-13  3.75535185e-14  6.59742718e-11
  -1.75214813e-10 -1.83669770e-15  4.60136425e-15  2.29423303e-05
  -2.23422140e-06 -1.59792834e-08  1.11104755e-09]
 [ 0.00000000e+00 -5.28610001e-13  3.75535185e-14  1.57946361e-10
   2.65301156e-11  5.31798232e-15  1.31383447e-15  2.29423303e-05
  -2.04721003e-06 -1.65055991e-08  7.16108219e-09]]
Train validation errors
[[4.78404854e+12 1.18121252e+13]
 [7.04165713e+12 5.77878974e+12]
 [3.92889712e+16 7.42872917e+16]
 [1.19705915e+15 2.10286142e+15]
 [2.94199146e+16 5.61740397e+16]
 [5.09032330e+16 9.86066760e+16]
 [1.24398214e+14 1.93157365e+14]
 [4.17328335e+14 7.69757433e+14]
 [5.47290089e+11 2.19669338e+12]
 [1.82335061e+16 3.40826673e+16]]
Selected parents:
[[ 0.00000000e+00  0.00000000e+00  8.15586013e+00  1.65014509e+00
   3.57899315e+00  0.00000000e+00]
 [-8.52790130e-13 -1.79004083e-12  4.21980786e-12 -7.37340340e-13
  -8.52790130e-13  8.02088586e-13]
 [ 3.75535185e-14 -1.96312652e-13  1.47731957e-14  8.78748777e-15
  -1.46459125e-13  3.75535185e-14]
 [ 1.15581325e-10  1.31970829e-10  9.13439633e-10  1.52186293e-10
   1.10782261e-10  6.59742718e-11]
 [ 2.65301156e-11  5.80717224e-10  1.34976766e-09  9.84082143e-09
   6.00097400e-10 -1.75214813e-10]
 [-1.83669770e-15  1.00854525e-15  1.07861345e-14  6.86051669e-15
   3.72736756e-15 -1.83669770e-15]
 [ 1.31383447e-15  2.92864791e-15  5.10005612e-15  8.32220411e-15
   5.10005612e-15  4.60136425e-15]
 [ 2.29423303e-05  5.51233311e-05  2.29423303e-05  2.29423303e-05
   9.47274116e-05  2.29423303e-05]
 [-2.04721003e-06 -2.70149972e-06  4.16990573e-09 -2.04721003e-06
  -2.04721003e-06 -2.23422140e-06]
 [-1.65055991e-08 -1.59792834e-08 -6.90822640e-10 -7.38975323e-09
  -1.25060661e-08 -1.59792834e-08]
 [ 1.11104755e-09  1.00396355e-09  1.11104755e-09  1.11104755e-09
   1.11104755e-09  1.11104755e-09]]Population:
[[ 0.00000000e+00 -8.52790130e-13  3.75535185e-14  1.15581325e-10
   2.65301156e-11 -1.83669770e-15  1.31383447e-15  2.29423303e-05
  -2.04721003e-06 -1.65055991e-08  1.11104755e-09]
 [ 0.00000000e+00  8.02088586e-13  3.75535185e-14  6.59742718e-11
  -1.75214813e-10 -1.83669770e-15  4.60136425e-15  2.29423303e-05
  -2.23422140e-06 -1.59792834e-08  1.11104755e-09]
 [ 3.57899315e+00 -7.37340340e-13  8.78748777e-15  2.53699771e-10
   1.43745963e-08  1.31883362e-14  8.32220411e-15  1.11112578e-04
  -2.04721003e-06 -7.38975323e-09  7.87362760e-09]
 [ 1.65014509e+00 -8.52790130e-13 -1.91038917e-13  1.10782261e-10
   9.84082143e-09  6.86051669e-15  5.10005612e-15  8.02797273e-05
  -2.04721003e-06 -7.38975323e-09  6.91958386e-09]
 [ 2.97728078e+00 -7.37340340e-13  3.75535185e-14  1.52186293e-10
   1.77691583e-08  1.37617901e-14  1.39349948e-14  2.29423303e-05
   4.13998468e-06 -1.23654204e-09  1.11104755e-09]
 [ 1.65014509e+00 -1.49171054e-13  3.75535185e-14  1.15581325e-10
   2.15715209e-11 -1.83669770e-15  1.21475761e-15  1.42131646e-05
   1.96914149e-06 -7.42550301e-09  1.11104755e-09]
 [ 6.28659498e+00 -3.32685548e-13 -1.96312652e-13  9.35194657e-10
   5.80717224e-10 -1.83669770e-15  2.92864791e-15  2.29423303e-05
  -2.70149972e-06 -1.59792834e-08  5.83742324e-09]
 [ 3.81489231e+00 -1.79004083e-12 -2.63973631e-13  1.31970829e-10
   6.85922281e-11  1.00854525e-15  2.69529877e-15  1.16028733e-04
   4.69094055e-07 -1.59792834e-08  8.47040306e-09]
 [ 6.23308861e+00  1.53545794e-12 -7.81645283e-14  1.05321800e-10
   6.00097400e-10  3.72736756e-15  5.10005612e-15  2.29423303e-05
  -2.04721003e-06 -1.25060661e-08  2.40998156e-09]
 [ 3.04248921e+00 -6.26917314e-14  6.28227935e-13  7.45568777e-10
  -1.75214813e-10  3.72736756e-15  4.60136425e-15  2.29423303e-05
   1.06285937e-06  3.19420697e-08  1.11104755e-09]]
Train validation errors
[[4.78404854e+12 1.18121252e+13]
 [5.47290089e+11 2.19669338e+12]
 [3.04824603e+16 5.68712431e+16]
 [2.10616411e+16 3.95846895e+16]
 [5.38996687e+15 9.87214958e+15]
 [1.67944060e+15 3.29657230e+15]
 [9.44334337e+15 1.79473675e+16]
 [4.01972796e+16 7.68062081e+16]
 [1.20272062e+15 2.20635819e+15]
 [2.95685866e+15 5.65238903e+15]]
Selected parents:
[[ 0.00000000e+00  0.00000000e+00  2.97728078e+00  1.65014509e+00
   6.23308861e+00  3.04248921e+00]
 [-8.52790130e-13  8.02088586e-13 -7.37340340e-13 -1.49171054e-13
   1.53545794e-12 -6.26917314e-14]
 [ 3.75535185e-14  3.75535185e-14  3.75535185e-14  3.75535185e-14
  -7.81645283e-14  6.28227935e-13]
 [ 1.15581325e-10  6.59742718e-11  1.52186293e-10  1.15581325e-10
   1.05321800e-10  7.45568777e-10]
 [ 2.65301156e-11 -1.75214813e-10  1.77691583e-08  2.15715209e-11
   6.00097400e-10 -1.75214813e-10]
 [-1.83669770e-15 -1.83669770e-15  1.37617901e-14 -1.83669770e-15
   3.72736756e-15  3.72736756e-15]
 [ 1.31383447e-15  4.60136425e-15  1.39349948e-14  1.21475761e-15
   5.10005612e-15  4.60136425e-15]
 [ 2.29423303e-05  2.29423303e-05  2.29423303e-05  1.42131646e-05
   2.29423303e-05  2.29423303e-05]
 [-2.04721003e-06 -2.23422140e-06  4.13998468e-06  1.96914149e-06
  -2.04721003e-06  1.06285937e-06]
 [-1.65055991e-08 -1.59792834e-08 -1.23654204e-09 -7.42550301e-09
  -1.25060661e-08  3.19420697e-08]
 [ 1.11104755e-09  1.11104755e-09  1.11104755e-09  1.11104755e-09
   2.40998156e-09  1.11104755e-09]]Best offspring gen errors:
[[4.78404854e+12 1.18121252e+13]
 [4.78404854e+12 1.18121252e+13]
 [4.78404854e+12 1.18121252e+13]
 [5.47290089e+11 2.19669338e+12]
 [5.47290089e+11 2.19669338e+12]]