Fitness funtion: -1 * (train_validation_error[:, 1] + train_validation_error[:, 0])
Initialed with the best that we have until now
Starting all over again with new root population
No of generations: 10
Population size: 10
Mutation coefficient: 0.2
Split point: 7
Two offspring per pair
Population:
[[-5.76369467e+00  0.00000000e+00  0.00000000e+00  0.00000000e+00
   0.00000000e+00  0.00000000e+00  6.61877639e+00  0.00000000e+00
   0.00000000e+00  0.00000000e+00]
 [-1.45799022e-12 -1.45799022e-12 -1.45799022e-12 -1.45799022e-12
  -1.45799022e-12 -1.45799022e-12 -1.45799022e-12 -1.45799022e-12
  -1.45799022e-12 -1.45799022e-12]
 [-2.28980078e-13 -2.28980078e-13 -2.28980078e-13 -2.28980078e-13
  -2.28980078e-13 -2.28980078e-13 -2.28980078e-13 -2.28980078e-13
  -2.28980078e-13 -2.28980078e-13]
 [ 4.62010753e-11  4.62010753e-11  4.62010753e-11  4.62010753e-11
   4.62010753e-11 -3.09354762e+00  4.62010753e-11  4.62010753e-11
   4.62010753e-11  4.62010753e-11]
 [-4.26998208e+00 -1.75214813e-10 -3.83243036e+00 -1.75214813e-10
  -1.75214813e-10 -1.75214813e-10 -1.75214813e-10 -1.75214813e-10
  -1.75214813e-10 -1.75214813e-10]
 [-1.83669770e-15 -1.83669770e-15 -1.83669770e-15 -1.83669770e-15
  -1.83669770e-15 -1.83669770e-15 -5.47095900e+00 -1.83669770e-15
  -1.83669770e-15  1.23232104e+00]
 [ 8.52944060e-16  8.52944060e-16  8.52944060e-16  8.52944060e-16
   8.52944060e-16  8.52944060e-16  3.23750707e+00  8.52944060e-16
   8.52944060e-16  8.52944060e-16]
 [ 2.29423303e-05  8.53547526e-01  1.03451916e+00  2.29423303e-05
   2.29423303e-05  2.29423303e-05  2.29423303e-05  2.29423303e-05
   7.18260556e+00  2.29423303e-05]
 [-2.04721003e-06 -2.04721003e-06 -2.04721003e-06 -2.04721003e-06
  -2.04721003e-06 -2.04721003e-06 -2.04721003e-06 -2.04721003e-06
   5.41422795e+00 -2.04721003e-06]
 [-1.59792834e-08 -1.59792834e-08 -1.59792834e-08 -1.59792834e-08
  -1.59792834e-08 -6.05307796e+00 -1.59792834e-08 -1.59792834e-08
  -1.59792834e-08 -1.59792834e-08]
 [ 9.98214034e-10  9.98214034e-10  9.98214034e-10  9.98214034e-10
   2.67824302e+00 -2.79938027e+00 -7.15566039e+00  9.98214034e-10
   9.98214034e-10  9.98214034e-10]]
Train validation errors
[[60856834565084.85, 109225025362446.86], [2.6037499969713654e+22, 5.088429049383112e+22], [3.824715851182606e+22, 7.4744503265996445e+22], [13510723304.19212, 368296592820.6967], [3.2553862602673464e+33, 6.158785075598179e+33], [3.874880029942695e+33, 7.345527022466527e+33], [1.0974356270075461e+43, 1.116789544948127e+43], [13510723304.19212, 368296592820.6967], [2.5493341272723255e+27, 4.956615218576292e+27], [5.567540998932157e+41, 5.66556586956805e+41]]
Selected parents:
[[-5.76369467e+00 -1.45799022e-12 -2.28980078e-13  4.62010753e-11
  -4.26998208e+00 -1.83669770e-15  8.52944060e-16  2.29423303e-05
  -2.04721003e-06 -1.59792834e-08  9.98214034e-10]
 [ 0.00000000e+00 -1.45799022e-12 -2.28980078e-13  4.62010753e-11
  -1.75214813e-10 -1.83669770e-15  8.52944060e-16  8.53547526e-01
  -2.04721003e-06 -1.59792834e-08  9.98214034e-10]
 [ 0.00000000e+00 -1.45799022e-12 -2.28980078e-13  4.62010753e-11
  -3.83243036e+00 -1.83669770e-15  8.52944060e-16  1.03451916e+00
  -2.04721003e-06 -1.59792834e-08  9.98214034e-10]
 [ 0.00000000e+00 -1.45799022e-12 -2.28980078e-13  4.62010753e-11
  -1.75214813e-10 -1.83669770e-15  8.52944060e-16  2.29423303e-05
  -2.04721003e-06 -1.59792834e-08  9.98214034e-10]
 [ 0.00000000e+00 -1.45799022e-12 -2.28980078e-13  4.62010753e-11
  -1.75214813e-10 -1.83669770e-15  8.52944060e-16  2.29423303e-05
  -2.04721003e-06 -1.59792834e-08  9.98214034e-10]
 [ 0.00000000e+00 -1.45799022e-12 -2.28980078e-13  4.62010753e-11
  -1.75214813e-10 -1.83669770e-15  8.52944060e-16  7.18260556e+00
   5.41422795e+00 -1.59792834e-08  9.98214034e-10]]Population:
[[ 0.00000000e+00  0.00000000e+00 -8.02426409e+00  0.00000000e+00
  -6.15320452e+00  0.00000000e+00  0.00000000e+00  0.00000000e+00
   1.48067460e+00  0.00000000e+00]
 [-1.45799022e-12 -1.45799022e-12 -1.36586757e+00 -1.45799022e-12
  -1.45799022e-12 -1.45799022e-12 -1.45799022e-12  1.63189838e+00
   8.62506540e+00 -1.45799022e-12]
 [-2.28980078e-13 -2.28980078e-13 -2.28980078e-13 -2.28980078e-13
  -2.28980078e-13 -2.28980078e-13  1.06341543e-01 -2.28980078e-13
  -9.95458325e+00 -1.48502564e+00]
 [ 4.62010753e-11  4.62010753e-11  4.62010753e-11  4.62010753e-11
  -9.08383043e+00 -4.76126076e+00  4.62010753e-11  4.62010753e-11
   8.66135824e+00 -4.09119648e+00]
 [-1.75214813e-10 -1.75214813e-10 -1.75214813e-10 -3.83243036e+00
  -1.75214813e-10 -1.75214813e-10 -1.75214813e-10 -1.75214813e-10
  -1.75214813e-10 -1.75214813e-10]
 [-1.83669770e-15 -1.83669770e-15 -1.83669770e-15 -1.83669770e-15
  -1.83669770e-15 -1.83669770e-15 -1.83669770e-15 -1.83669770e-15
   1.03176647e+00 -1.83669770e-15]
 [ 8.52944060e-16  8.52944060e-16  8.52944060e-16 -7.37344375e+00
  -3.42232048e+00  8.52944060e-16  8.52944060e-16  9.46579647e+00
   2.09112621e+00  8.52944060e-16]
 [ 2.29423303e-05  2.29423303e-05 -6.22147959e+00  1.03451916e+00
   2.29423303e-05  2.29423303e-05  7.18260556e+00 -4.65107905e+00
   2.29423303e-05  2.29423303e-05]
 [-2.04721003e-06 -2.04721003e-06  9.58670789e+00 -2.04721003e-06
  -2.04721003e-06 -7.94058402e+00  4.77969533e+00 -2.04721003e-06
  -2.04721003e-06 -2.04721003e-06]
 [-1.59792834e-08 -1.59792834e-08  1.82550415e+00 -1.59792834e-08
  -1.59792834e-08 -1.59792834e-08 -1.59792834e-08 -1.59792834e-08
  -1.59792834e-08 -8.71659625e+00]
 [ 9.98214034e-10  9.98214034e-10  8.02439565e+00  9.98214034e-10
   9.98214034e-10  9.98214034e-10  9.98214034e-10  9.98214034e-10
   5.28326869e+00 -8.37508369e+00]]
Train validation errors
[[13510723304.19212, 368296592820.6967], [13510723304.19212, 368296592820.6967], [2.952233501616226e+34, 5.586590476731852e+34], [3.824715851190633e+22, 7.474450326645975e+22], [153779441375.69437, 369251007339.5006], [5.206854646154515e+27, 1.009487968773614e+28], [2.0003230271943106e+27, 3.890567216816721e+27], [7.731769654928325e+23, 1.5109901845209155e+24], [3.904102086437103e+41, 3.973284251314758e+41], [3.318897801379359e+34, 6.285250193525683e+34]]
Selected parents:
[[ 0.00000000e+00 -1.45799022e-12 -2.28980078e-13  4.62010753e-11
  -1.75214813e-10 -1.83669770e-15  8.52944060e-16  2.29423303e-05
  -2.04721003e-06 -1.59792834e-08  9.98214034e-10]
 [ 0.00000000e+00 -1.45799022e-12 -2.28980078e-13  4.62010753e-11
  -1.75214813e-10 -1.83669770e-15  8.52944060e-16  2.29423303e-05
  -2.04721003e-06 -1.59792834e-08  9.98214034e-10]
 [ 0.00000000e+00 -1.45799022e-12 -2.28980078e-13  4.62010753e-11
  -3.83243036e+00 -1.83669770e-15 -7.37344375e+00  1.03451916e+00
  -2.04721003e-06 -1.59792834e-08  9.98214034e-10]
 [-6.15320452e+00 -1.45799022e-12 -2.28980078e-13 -9.08383043e+00
  -1.75214813e-10 -1.83669770e-15 -3.42232048e+00  2.29423303e-05
  -2.04721003e-06 -1.59792834e-08  9.98214034e-10]
 [ 0.00000000e+00 -1.45799022e-12  1.06341543e-01  4.62010753e-11
  -1.75214813e-10 -1.83669770e-15  8.52944060e-16  7.18260556e+00
   4.77969533e+00 -1.59792834e-08  9.98214034e-10]
 [ 0.00000000e+00  1.63189838e+00 -2.28980078e-13  4.62010753e-11
  -1.75214813e-10 -1.83669770e-15  9.46579647e+00 -4.65107905e+00
  -2.04721003e-06 -1.59792834e-08  9.98214034e-10]]Population:
[[ 0.00000000e+00  0.00000000e+00 -6.15320452e+00  0.00000000e+00
   0.00000000e+00 -9.78760062e+00  0.00000000e+00 -4.14388132e+00
   2.65843232e-01  0.00000000e+00]
 [-1.45799022e-12 -1.45799022e-12 -1.45799022e-12  3.04605467e+00
  -1.45799022e-12 -1.45799022e-12 -1.45799022e-12 -1.45799022e-12
  -1.45799022e-12  9.34528638e+00]
 [-2.28980078e-13 -2.28980078e-13 -2.28980078e-13 -2.28980078e-13
  -2.28980078e-13  3.16944364e-02 -4.02988328e+00 -5.71574426e-01
   5.56453753e-01 -2.28980078e-13]
 [ 4.62010753e-11  4.62010753e-11 -9.08383043e+00 -9.08383043e+00
   4.62010753e-11  4.62010753e-11 -6.95310537e+00  3.91483595e+00
   4.62010753e-11  3.76063196e+00]
 [-1.75214813e-10 -1.75214813e-10 -1.75214813e-10 -1.75214813e-10
  -8.59654249e+00 -1.75214813e-10 -1.75214813e-10 -1.75214813e-10
  -1.75214813e-10 -3.83243036e+00]
 [-1.83669770e-15 -1.83669770e-15 -1.83669770e-15  6.89965680e+00
   8.43656396e+00 -1.83669770e-15 -1.83669770e-15 -1.83669770e-15
  -2.36121650e+00 -1.83669770e-15]
 [ 8.52944060e-16  8.52944060e-16 -3.42232048e+00  2.28436966e+00
   8.52944060e-16  8.52944060e-16  8.52944060e-16 -9.58429050e+00
  -7.37344375e+00  2.50388797e+00]
 [ 2.29423303e-05  2.29423303e-05  3.18586072e+00  2.29423303e-05
   2.29423303e-05  7.18260556e+00  2.29423303e-05  5.92054602e+00
   1.03451916e+00  2.29423303e-05]
 [-2.04721003e-06 -2.04721003e-06  4.15852813e+00 -2.04721003e-06
   4.77969533e+00 -2.04721003e-06 -2.04721003e-06  4.77969533e+00
  -2.04721003e-06 -2.04721003e-06]
 [-1.59792834e-08 -1.59792834e-08 -2.28688401e-01  6.91662114e+00
  -1.59792834e-08 -1.59792834e-08 -1.59792834e-08 -1.59792834e-08
  -1.59792834e-08 -1.59792834e-08]
 [ 9.98214034e-10  9.98214034e-10  9.98214034e-10  9.98214034e-10
   9.98214034e-10  9.98214034e-10  9.98214034e-10  9.98214034e-10
  -4.59562850e+00  9.98214034e-10]]
Train validation errors
[[13510723304.19212, 368296592820.6967], [13510723304.19212, 368296592820.6967], [4.0793832473114305e+27, 7.339171157924926e+27], [1.7453046352134275e+43, 1.776034143414451e+43], [2.609437574592345e+43, 2.6553806329236643e+43], [1.843862149449319e+24, 3.603392919809207e+24], [96571141495.4108, 326277169511.7869], [1.9800672884341828e+27, 3.8491120092048795e+27], [2.0442854442971808e+42, 2.0803666359808452e+42], [47629515993436.234, 83675016580428.36]]
Selected parents:
[[ 0.00000000e+00 -1.45799022e-12 -2.28980078e-13  4.62010753e-11
  -1.75214813e-10 -1.83669770e-15  8.52944060e-16  2.29423303e-05
  -2.04721003e-06 -1.59792834e-08  9.98214034e-10]
 [ 0.00000000e+00 -1.45799022e-12 -2.28980078e-13  4.62010753e-11
  -1.75214813e-10 -1.83669770e-15  8.52944060e-16  2.29423303e-05
  -2.04721003e-06 -1.59792834e-08  9.98214034e-10]
 [-9.78760062e+00 -1.45799022e-12  3.16944364e-02  4.62010753e-11
  -1.75214813e-10 -1.83669770e-15  8.52944060e-16  7.18260556e+00
  -2.04721003e-06 -1.59792834e-08  9.98214034e-10]
 [ 0.00000000e+00 -1.45799022e-12 -4.02988328e+00 -6.95310537e+00
  -1.75214813e-10 -1.83669770e-15  8.52944060e-16  2.29423303e-05
  -2.04721003e-06 -1.59792834e-08  9.98214034e-10]
 [-4.14388132e+00 -1.45799022e-12 -5.71574426e-01  3.91483595e+00
  -1.75214813e-10 -1.83669770e-15 -9.58429050e+00  5.92054602e+00
   4.77969533e+00 -1.59792834e-08  9.98214034e-10]
 [ 0.00000000e+00  9.34528638e+00 -2.28980078e-13  3.76063196e+00
  -3.83243036e+00 -1.83669770e-15  2.50388797e+00  2.29423303e-05
  -2.04721003e-06 -1.59792834e-08  9.98214034e-10]]Population:
[[ 0.00000000e+00  0.00000000e+00  0.00000000e+00  0.00000000e+00
   0.00000000e+00  0.00000000e+00  1.84301692e+00 -1.67032407e+00
   5.77088773e+00  0.00000000e+00]
 [-1.45799022e-12 -1.45799022e-12 -1.45799022e-12 -1.45799022e-12
  -1.45799022e-12  9.34528638e+00 -1.45799022e-12 -3.98863842e+00
  -6.53512191e+00 -7.05540287e+00]
 [-2.28980078e-13 -2.28980078e-13 -2.28980078e-13 -2.28980078e-13
  -7.01389535e+00 -3.69752337e+00  7.20216362e+00 -4.02988328e+00
   9.81879674e+00 -5.71574426e-01]
 [ 4.62010753e-11  4.62010753e-11  4.62010753e-11 -7.35940073e+00
  -1.85064577e+00  4.62010753e-11  2.52404204e+00  8.68060080e-01
   4.62010753e-11  3.91483595e+00]
 [-1.75214813e-10 -1.75214813e-10 -3.83243036e+00 -1.75214813e-10
  -1.75214813e-10 -3.83243036e+00 -4.48751382e+00 -1.75214813e-10
  -1.75214813e-10 -1.75214813e-10]
 [-1.83669770e-15 -1.83669770e-15  8.44724381e+00 -1.83669770e-15
  -1.83669770e-15 -1.83669770e-15 -1.83669770e-15 -9.73270861e-01
  -1.83669770e-15  9.07461150e+00]
 [ 8.52944060e-16  8.52944060e-16  2.50388797e+00  8.52944060e-16
   8.38742005e+00  2.50388797e+00 -9.58429050e+00  8.52944060e-16
  -9.58429050e+00  4.96160379e+00]
 [ 2.29423303e-05  2.29423303e-05  2.29423303e-05  2.29423303e-05
   2.29423303e-05  2.29423303e-05  3.79286202e+00  2.29423303e-05
  -4.93504779e+00 -4.53117026e+00]
 [-2.04721003e-06 -2.04721003e-06  9.64830426e-01 -7.60442831e+00
  -2.04721003e-06 -2.04721003e-06 -2.04721003e-06 -2.04721003e-06
  -2.10795312e-01  4.77969533e+00]
 [-1.59792834e-08 -1.59792834e-08 -1.86480049e+00 -1.59792834e-08
  -1.59792834e-08 -1.59792834e-08 -1.59792834e-08  9.00855415e+00
  -1.59792834e-08  7.45493528e+00]
 [ 9.98214034e-10  9.98214034e-10  9.98214034e-10  9.98214034e-10
   9.98214034e-10  9.98214034e-10  8.85876311e+00  9.98214034e-10
   9.98214034e-10  9.98214034e-10]]
Train validation errors
[[13510723304.19212, 368296592820.6967], [13510723304.19212, 368296592820.6967], [2.6160475471521927e+43, 2.662106703515787e+43], [4.7753333548917956e+27, 9.2582603062171e+27], [19504238674.657555, 326602506064.6344], [49052769857961.125, 87555545928683.22], [3.5616555077359847e+34, 6.738210796834138e+34], [3.472785103756849e+41, 3.533913702453887e+41], [7.93100909324582e+24, 1.5764931950660162e+25], [3.0190635228765816e+43, 3.0722198131733114e+43]]
Selected parents:
[[ 0.00000000e+00 -1.45799022e-12 -2.28980078e-13  4.62010753e-11
  -1.75214813e-10 -1.83669770e-15  8.52944060e-16  2.29423303e-05
  -2.04721003e-06 -1.59792834e-08  9.98214034e-10]
 [ 0.00000000e+00 -1.45799022e-12 -2.28980078e-13  4.62010753e-11
  -1.75214813e-10 -1.83669770e-15  8.52944060e-16  2.29423303e-05
  -2.04721003e-06 -1.59792834e-08  9.98214034e-10]
 [ 0.00000000e+00 -1.45799022e-12 -2.28980078e-13 -7.35940073e+00
  -1.75214813e-10 -1.83669770e-15  8.52944060e-16  2.29423303e-05
  -7.60442831e+00 -1.59792834e-08  9.98214034e-10]
 [ 0.00000000e+00 -1.45799022e-12 -7.01389535e+00 -1.85064577e+00
  -1.75214813e-10 -1.83669770e-15  8.38742005e+00  2.29423303e-05
  -2.04721003e-06 -1.59792834e-08  9.98214034e-10]
 [ 0.00000000e+00  9.34528638e+00 -3.69752337e+00  4.62010753e-11
  -3.83243036e+00 -1.83669770e-15  2.50388797e+00  2.29423303e-05
  -2.04721003e-06 -1.59792834e-08  9.98214034e-10]
 [ 5.77088773e+00 -6.53512191e+00  9.81879674e+00  4.62010753e-11
  -1.75214813e-10 -1.83669770e-15 -9.58429050e+00 -4.93504779e+00
  -2.10795312e-01 -1.59792834e-08  9.98214034e-10]]Population:
[[ 0.00000000e+00  0.00000000e+00  0.00000000e+00  9.22268193e+00
   0.00000000e+00  1.43005151e+00 -4.31991294e+00  0.00000000e+00
   0.00000000e+00  0.00000000e+00]
 [-1.45799022e-12 -1.45799022e-12  4.67094542e+00 -1.45799022e-12
   9.34528638e+00  1.20501693e+00 -1.45799022e-12 -8.50481794e+00
   9.34528638e+00  3.30246066e+00]
 [-2.28980078e-13 -7.01389535e+00 -7.01389535e+00 -2.28980078e-13
  -3.69752337e+00  9.81879674e+00 -2.28980078e-13 -7.01389535e+00
  -4.74879544e+00 -9.88790053e+00]
 [ 4.62010753e-11 -1.85064577e+00  7.95230457e+00  6.83020050e+00
   4.62010753e-11  4.62010753e-11  9.75665467e+00 -1.85064577e+00
   4.62010753e-11  4.62010753e-11]
 [-1.75214813e-10 -1.75214813e-10 -1.75214813e-10 -1.75214813e-10
  -1.75214813e-10 -1.75214813e-10 -1.75214813e-10 -1.75214813e-10
   5.19520961e+00  8.58547616e-01]
 [-1.83669770e-15 -1.83669770e-15 -1.83669770e-15 -1.83669770e-15
  -1.83669770e-15  1.89151755e+00  6.80722127e+00 -1.83669770e-15
  -6.44842576e+00 -1.83669770e-15]
 [ 8.52944060e-16  8.38742005e+00  8.45537378e+00  8.52944060e-16
   2.50388797e+00  6.47028513e+00  8.52944060e-16  8.52944060e-16
   8.52944060e-16  2.50388797e+00]
 [ 2.29423303e-05  2.29423303e-05  2.29423303e-05  2.29423303e-05
   2.29423303e-05 -3.28539558e+00 -7.64406257e+00  2.29423303e-05
   2.29423303e-05 -7.04947135e+00]
 [-2.04721003e-06 -2.04721003e-06 -2.04721003e-06  7.86890264e+00
  -5.60477122e+00 -4.70703844e+00 -2.91528919e+00 -2.04721003e-06
   2.00575780e+00 -2.04721003e-06]
 [-1.59792834e-08 -1.59792834e-08 -1.59792834e-08 -1.59792834e-08
   8.80904457e+00 -7.39039134e+00 -7.57654400e+00 -1.59792834e-08
  -1.59792834e-08 -1.59792834e-08]
 [ 9.98214034e-10  9.98214034e-10  9.98214034e-10 -6.63093625e+00
   1.61348242e+00  9.98214034e-10  9.98214034e-10  1.60310795e+00
   9.98214034e-10  4.80409892e+00]]
Train validation errors
[[13510723304.19212, 368296592820.6967], [19504238674.657555, 326602506064.6344], [118611378797.59148, 763626960361.0175], [1.993490290386651e+34, 3.771384465592352e+34], [1.4536945513667375e+33, 2.762673806557492e+33], [1.3116990745705874e+42, 1.334791076290217e+42], [1.6988490823099883e+43, 1.728758968567236e+43], [1.1663478637136948e+33, 2.2065847926301426e+33], [1.5244848153163075e+43, 1.551325641654925e+43], [1.0474072637679282e+34, 1.981561505437215e+34]]
Selected parents:
[[ 0.00000000e+00 -1.45799022e-12 -2.28980078e-13  4.62010753e-11
  -1.75214813e-10 -1.83669770e-15  8.52944060e-16  2.29423303e-05
  -2.04721003e-06 -1.59792834e-08  9.98214034e-10]
 [ 0.00000000e+00 -1.45799022e-12 -7.01389535e+00 -1.85064577e+00
  -1.75214813e-10 -1.83669770e-15  8.38742005e+00  2.29423303e-05
  -2.04721003e-06 -1.59792834e-08  9.98214034e-10]
 [ 0.00000000e+00  4.67094542e+00 -7.01389535e+00  7.95230457e+00
  -1.75214813e-10 -1.83669770e-15  8.45537378e+00  2.29423303e-05
  -2.04721003e-06 -1.59792834e-08  9.98214034e-10]
 [ 0.00000000e+00  9.34528638e+00 -3.69752337e+00  4.62010753e-11
  -1.75214813e-10 -1.83669770e-15  2.50388797e+00  2.29423303e-05
  -5.60477122e+00  8.80904457e+00  1.61348242e+00]
 [ 0.00000000e+00 -8.50481794e+00 -7.01389535e+00 -1.85064577e+00
  -1.75214813e-10 -1.83669770e-15  8.52944060e-16  2.29423303e-05
  -2.04721003e-06 -1.59792834e-08  1.60310795e+00]
 [ 0.00000000e+00  3.30246066e+00 -9.88790053e+00  4.62010753e-11
   8.58547616e-01 -1.83669770e-15  2.50388797e+00 -7.04947135e+00
  -2.04721003e-06 -1.59792834e-08  4.80409892e+00]]Population:
[[ 0.00000000e+00  0.00000000e+00  0.00000000e+00  0.00000000e+00
   0.00000000e+00  0.00000000e+00 -8.03390171e+00  0.00000000e+00
   0.00000000e+00  2.97189800e+00]
 [-1.45799022e-12 -1.45799022e-12  2.43819774e+00 -9.45182679e+00
  -1.45799022e-12 -4.76996978e+00 -1.45799022e-12  4.22582455e+00
   4.67094542e+00  3.26675991e+00]
 [-2.28980078e-13 -7.01389535e+00 -9.88790053e+00 -7.01389535e+00
  -7.01389535e+00 -7.01389535e+00  7.14267075e+00  3.74846321e+00
  -7.01389535e+00 -7.37235294e+00]
 [ 4.62010753e-11 -1.85064577e+00  4.62010753e-11  7.95230457e+00
  -2.53489167e+00  6.02218315e+00  4.62010753e-11 -1.85064577e+00
   7.95230457e+00 -1.85064577e+00]
 [-1.75214813e-10 -1.75214813e-10  8.58547616e-01 -1.75214813e-10
  -9.09416396e+00 -1.75214813e-10 -1.75214813e-10 -1.75214813e-10
  -1.75214813e-10 -1.75214813e-10]
 [-1.83669770e-15 -1.83669770e-15 -3.26409727e+00  3.18605931e-01
  -1.83669770e-15 -6.59008272e+00 -8.88824972e+00 -1.83669770e-15
  -1.83669770e-15  9.44218226e+00]
 [ 8.52944060e-16  8.38742005e+00  6.18919201e+00  8.52490457e+00
  -3.40878680e+00  8.38742005e+00  8.52944060e-16  8.38742005e+00
  -3.91279504e-01  8.38742005e+00]
 [ 2.29423303e-05  2.29423303e-05  4.63890314e+00  2.29423303e-05
  -2.75776306e+00  4.95487967e+00  2.29423303e-05  2.29423303e-05
   2.29423303e-05 -4.70839885e+00]
 [-2.04721003e-06 -2.04721003e-06 -2.04721003e-06 -2.33097454e+00
  -2.04721003e-06 -2.04721003e-06 -2.04721003e-06 -2.04721003e-06
  -2.04721003e-06 -2.04721003e-06]
 [-1.59792834e-08 -1.59792834e-08 -1.59792834e-08  7.78658596e+00
  -1.59792834e-08 -1.59792834e-08 -1.59792834e-08 -1.59792834e-08
  -1.59792834e-08 -1.59792834e-08]
 [ 9.98214034e-10  9.98214034e-10  4.80409892e+00  2.99746714e+00
  -1.49542221e+00  9.98214034e-10  9.98214034e-10  9.98214034e-10
   9.98214034e-10  2.35846154e+00]]
Train validation errors
[[13510723304.19212, 368296592820.6967], [19504238674.657555, 326602506064.6344], [3.9057179689904757e+42, 3.974356101642347e+42], [3.723910205819741e+40, 3.7902964478180318e+40], [1.014948191030647e+33, 1.9201585208307745e+33], [1.5921993059922002e+43, 1.6202323514009678e+43], [2.8963310082446467e+43, 2.947325239352481e+43], [19260438301.509747, 329264280374.68616], [118610839713.50058, 763628359684.3976], [3.2686424377788227e+43, 3.326209926515586e+43]]
Selected parents:
[[ 0.00000000e+00 -1.45799022e-12 -2.28980078e-13  4.62010753e-11
  -1.75214813e-10 -1.83669770e-15  8.52944060e-16  2.29423303e-05
  -2.04721003e-06 -1.59792834e-08  9.98214034e-10]
 [ 0.00000000e+00 -1.45799022e-12 -7.01389535e+00 -1.85064577e+00
  -1.75214813e-10 -1.83669770e-15  8.38742005e+00  2.29423303e-05
  -2.04721003e-06 -1.59792834e-08  9.98214034e-10]
 [ 0.00000000e+00 -9.45182679e+00 -7.01389535e+00  7.95230457e+00
  -1.75214813e-10  3.18605931e-01  8.52490457e+00  2.29423303e-05
  -2.33097454e+00  7.78658596e+00  2.99746714e+00]
 [ 0.00000000e+00 -1.45799022e-12 -7.01389535e+00 -2.53489167e+00
  -9.09416396e+00 -1.83669770e-15 -3.40878680e+00 -2.75776306e+00
  -2.04721003e-06 -1.59792834e-08 -1.49542221e+00]
 [ 0.00000000e+00  4.22582455e+00  3.74846321e+00 -1.85064577e+00
  -1.75214813e-10 -1.83669770e-15  8.38742005e+00  2.29423303e-05
  -2.04721003e-06 -1.59792834e-08  9.98214034e-10]
 [ 0.00000000e+00  4.67094542e+00 -7.01389535e+00  7.95230457e+00
  -1.75214813e-10 -1.83669770e-15 -3.91279504e-01  2.29423303e-05
  -2.04721003e-06 -1.59792834e-08  9.98214034e-10]]Population:
[[ 0.00000000e+00  0.00000000e+00 -7.72883512e+00  9.11378468e+00
  -8.33856597e+00  1.58428943e-01  9.46761204e+00  9.05691340e+00
   0.00000000e+00  0.00000000e+00]
 [-1.45799022e-12  4.22582455e+00 -1.45799022e-12  4.67094542e+00
   4.01550714e+00 -9.45182679e+00  3.08858885e+00 -1.45799022e-12
   4.67094542e+00  4.67094542e+00]
 [-7.01389535e+00  3.74846321e+00 -7.01389535e+00 -7.01389535e+00
  -7.01389535e+00 -7.01389535e+00  7.56672086e+00 -7.01389535e+00
   3.74846321e+00 -7.01389535e+00]
 [-1.85064577e+00 -1.85064577e+00  4.81486775e+00 -1.85064577e+00
  -3.09860842e+00 -1.85064577e+00 -1.85064577e+00 -2.53489167e+00
   7.95230457e+00  2.72054719e+00]
 [-1.75214813e-10 -1.75214813e-10 -1.75214813e-10 -1.75214813e-10
  -3.92646111e-01  9.74169118e+00  8.31329770e-01 -1.75214813e-10
   8.33724075e+00  4.45784233e+00]
 [-1.83669770e-15 -1.83669770e-15  1.34538873e+00 -5.33351761e+00
  -8.89717140e+00 -6.01439746e+00 -1.83669770e-15 -1.83669770e-15
  -8.03616680e+00 -1.83669770e-15]
 [ 8.38742005e+00  8.38742005e+00 -3.91279504e-01 -3.19389138e+00
   8.52490457e+00  8.52490457e+00 -3.40878680e+00  8.38742005e+00
  -3.91279504e-01 -3.91279504e-01]
 [ 2.29423303e-05  2.29423303e-05 -8.75824410e+00  1.21355981e+00
   2.29423303e-05  6.49184193e+00  6.28997461e+00  2.29423303e-05
   2.29423303e-05  2.29423303e-05]
 [-2.04721003e-06 -2.04721003e-06 -2.04721003e-06 -2.04721003e-06
   4.76843716e+00  1.30126845e+00 -2.04721003e-06 -2.04721003e-06
  -2.04721003e-06 -2.04721003e-06]
 [-1.59792834e-08 -1.59792834e-08  5.21590655e+00 -1.59792834e-08
   7.78658596e+00  7.78658596e+00 -1.59792834e-08 -1.59792834e-08
  -1.59792834e-08 -1.59792834e-08]
 [ 9.98214034e-10  9.98214034e-10  9.98214034e-10  9.98214034e-10
   2.99746714e+00  9.98214034e-10 -1.49542221e+00  9.98214034e-10
   9.98214034e-10  9.98214034e-10]]
Train validation errors
[[19504238674.657555, 326602506064.6344], [19260438301.509747, 329264280374.68616], [6.636108242744154e+41, 6.752958805571707e+41], [1.0429011941407848e+43, 1.0612630264814973e+43], [2.9020823125655423e+43, 2.9531548593972075e+43], [1.326170044006502e+43, 1.3495184448187764e+43], [1.0148434997492637e+33, 1.9199504859919427e+33], [24789772668.810997, 317657414885.4774], [2.367628633284386e+43, 2.409314269822313e+43], [67877936906349.15, 135731483400150.34]]
Selected parents:
[[ 0.00000000e+00 -1.45799022e-12 -7.01389535e+00 -1.85064577e+00
  -1.75214813e-10 -1.83669770e-15  8.38742005e+00  2.29423303e-05
  -2.04721003e-06 -1.59792834e-08  9.98214034e-10]
 [ 0.00000000e+00  4.22582455e+00  3.74846321e+00 -1.85064577e+00
  -1.75214813e-10 -1.83669770e-15  8.38742005e+00  2.29423303e-05
  -2.04721003e-06 -1.59792834e-08  9.98214034e-10]
 [-7.72883512e+00 -1.45799022e-12 -7.01389535e+00  4.81486775e+00
  -1.75214813e-10  1.34538873e+00 -3.91279504e-01 -8.75824410e+00
  -2.04721003e-06  5.21590655e+00  9.98214034e-10]
 [ 9.46761204e+00  3.08858885e+00  7.56672086e+00 -1.85064577e+00
   8.31329770e-01 -1.83669770e-15 -3.40878680e+00  6.28997461e+00
  -2.04721003e-06 -1.59792834e-08 -1.49542221e+00]
 [ 9.05691340e+00 -1.45799022e-12 -7.01389535e+00 -2.53489167e+00
  -1.75214813e-10 -1.83669770e-15  8.38742005e+00  2.29423303e-05
  -2.04721003e-06 -1.59792834e-08  9.98214034e-10]
 [ 0.00000000e+00  4.67094542e+00 -7.01389535e+00  2.72054719e+00
   4.45784233e+00 -1.83669770e-15 -3.91279504e-01  2.29423303e-05
  -2.04721003e-06 -1.59792834e-08  9.98214034e-10]]Population:
[[ 0.00000000e+00  9.05691340e+00 -1.37041600e+00  9.05691340e+00
   9.05691340e+00  9.05691340e+00  5.05384058e+00  0.00000000e+00
   9.05691340e+00  3.17905658e+00]
 [-1.45799022e-12 -1.45799022e-12  2.04915162e+00 -1.45799022e-12
  -4.06980932e+00  4.22582455e+00 -4.78459615e+00  4.22582455e+00
  -1.45799022e-12 -1.45799022e-12]
 [-7.01389535e+00 -7.01389535e+00  1.62137569e+00 -7.01389535e+00
   3.74846321e+00  3.74846321e+00 -7.01389535e+00 -7.01389535e+00
   6.32770882e-01 -2.16654464e+00]
 [-1.85064577e+00 -2.53489167e+00 -5.97059748e+00 -2.53489167e+00
  -1.85064577e+00  2.91710584e+00 -1.85064577e+00 -9.26226422e+00
  -2.53489167e+00  4.81486775e+00]
 [-1.75214813e-10 -1.75214813e-10 -1.75214813e-10  3.37522103e+00
   8.18990925e-01 -1.75214813e-10 -6.07311100e-01 -8.10626548e+00
  -9.44071327e-01 -1.75214813e-10]
 [-1.83669770e-15 -1.83669770e-15  1.34538873e+00  1.34538873e+00
  -8.72763052e+00 -1.83669770e-15 -1.83669770e-15 -1.83669770e-15
   5.42827973e+00  1.34538873e+00]
 [ 8.38742005e+00  8.38742005e+00 -3.91279504e-01 -9.70718106e-01
   9.29954586e+00  8.38742005e+00  8.38742005e+00  8.38742005e+00
   3.83049732e+00 -3.91279504e-01]
 [ 2.29423303e-05  2.29423303e-05  2.29423303e-05  2.29423303e-05
  -3.25041159e+00  2.29423303e-05 -6.77442236e+00 -7.25117915e+00
  -8.75824410e+00  2.29423303e-05]
 [-2.04721003e-06 -2.04721003e-06 -2.04721003e-06 -2.04721003e-06
  -6.09179222e+00  3.60548365e+00  6.32310270e+00 -2.04721003e-06
  -1.16418481e+00 -2.04721003e-06]
 [-1.59792834e-08 -1.59792834e-08  5.84507437e-01  5.21590655e+00
  -1.59792834e-08 -1.59792834e-08 -1.71538233e+00 -2.84691648e+00
  -1.59792834e-08 -1.59792834e-08]
 [ 9.98214034e-10  9.98214034e-10  3.24912119e+00 -6.79763054e+00
   9.98214034e-10  9.98214034e-10  2.38044633e+00 -8.80800803e-01
   9.98214034e-10  8.59850372e+00]]
Train validation errors
[[19504238674.657555, 326602506064.6344], [24789772668.810997, 317657414885.4774], [6.63710662448208e+41, 6.7543206385537315e+41], [6.633957669220983e+41, 6.750024789886489e+41], [2.792597927883542e+43, 2.841765802459789e+43], [1.0734908405264781e+27, 2.0812490242816957e+27], [2.502850888034703e+33, 4.7317145539652495e+33], [3.997745301819027e+32, 7.58522325301834e+32], [1.0802894512648187e+43, 1.0993095571220588e+43], [6.6387957281124704e+41, 6.756625267845527e+41]]
Selected parents:
[[ 0.00000000e+00 -1.45799022e-12 -7.01389535e+00 -1.85064577e+00
  -1.75214813e-10 -1.83669770e-15  8.38742005e+00  2.29423303e-05
  -2.04721003e-06 -1.59792834e-08  9.98214034e-10]
 [ 9.05691340e+00 -1.45799022e-12 -7.01389535e+00 -2.53489167e+00
  -1.75214813e-10 -1.83669770e-15  8.38742005e+00  2.29423303e-05
  -2.04721003e-06 -1.59792834e-08  9.98214034e-10]
 [ 9.05691340e+00 -1.45799022e-12 -7.01389535e+00 -2.53489167e+00
   3.37522103e+00  1.34538873e+00 -9.70718106e-01  2.29423303e-05
  -2.04721003e-06  5.21590655e+00 -6.79763054e+00]
 [ 9.05691340e+00  4.22582455e+00  3.74846321e+00  2.91710584e+00
  -1.75214813e-10 -1.83669770e-15  8.38742005e+00  2.29423303e-05
   3.60548365e+00 -1.59792834e-08  9.98214034e-10]
 [ 5.05384058e+00 -4.78459615e+00 -7.01389535e+00 -1.85064577e+00
  -6.07311100e-01 -1.83669770e-15  8.38742005e+00 -6.77442236e+00
   6.32310270e+00 -1.71538233e+00  2.38044633e+00]
 [ 0.00000000e+00  4.22582455e+00 -7.01389535e+00 -9.26226422e+00
  -8.10626548e+00 -1.83669770e-15  8.38742005e+00 -7.25117915e+00
  -2.04721003e-06 -2.84691648e+00 -8.80800803e-01]]Population:
[[ 0.00000000e+00  9.05691340e+00  9.05691340e+00 -1.31705933e+00
   6.28958839e+00  9.05691340e+00  9.05691340e+00  5.05384058e+00
   0.00000000e+00  9.05691340e+00]
 [-1.45799022e-12 -1.45799022e-12 -4.20191933e+00 -5.21671940e+00
   3.12233809e+00  7.75423046e+00 -4.78459615e+00 -9.56245182e+00
  -3.76795004e+00 -1.45799022e-12]
 [-7.01389535e+00 -7.01389535e+00 -7.01389535e+00  4.81291486e+00
   3.74846321e+00 -4.56516393e+00 -7.01389535e+00 -6.67542181e+00
   5.88990030e+00  7.77495118e+00]
 [-1.85064577e+00 -2.53489167e+00 -2.53489167e+00  7.62293932e+00
   2.91710584e+00 -4.22040570e+00 -2.53489167e+00 -1.30517917e+00
  -6.25581825e+00 -2.53489167e+00]
 [-1.75214813e-10 -1.75214813e-10 -2.30778234e+00  3.37522103e+00
  -4.31732033e+00  4.10989788e+00 -6.07311100e-01 -1.75214813e-10
  -1.75214813e-10  7.04418649e-01]
 [-1.83669770e-15 -1.83669770e-15 -6.84671434e+00  4.62656459e+00
  -1.83669770e-15 -1.83669770e-15  9.78698963e+00 -1.83669770e-15
  -1.83669770e-15 -1.68110408e+00]
 [ 8.38742005e+00  8.38742005e+00  8.38742005e+00 -9.70718106e-01
   8.38742005e+00  2.49482683e+00  3.97345236e+00 -2.65696630e+00
   8.38742005e+00  8.38742005e+00]
 [ 2.29423303e-05  2.29423303e-05  2.29423303e-05  2.29423303e-05
  -3.84068106e+00  2.29423303e-05 -4.74088690e+00  9.99091394e+00
   2.29423303e-05  2.29423303e-05]
 [-2.04721003e-06 -2.04721003e-06 -3.30740279e+00 -2.04721003e-06
   9.37842914e+00  6.32310270e+00 -2.04721003e-06  6.32310270e+00
  -2.04721003e-06 -2.04721003e-06]
 [-1.59792834e-08 -1.59792834e-08  5.21590655e+00  3.41028700e+00
  -1.59792834e-08 -1.71538233e+00 -1.59792834e-08 -1.59792834e-08
  -9.82530620e+00 -1.59792834e-08]
 [ 9.98214034e-10  9.98214034e-10  9.98214034e-10 -4.93782811e-01
   2.38044633e+00  9.98214034e-10  5.44165717e+00  4.55562553e+00
   9.98214034e-10 -6.57169277e+00]]
Train validation errors
[[19504238674.657555, 326602506064.6344], [24789772668.810997, 317657414885.4774], [1.718619326222768e+43, 1.7488775835070652e+43], [7.847483297165647e+42, 7.985634019973615e+42], [2.580242195452053e+33, 4.881707298753145e+33], [4.86892598404573e+29, 9.276059875095582e+29], [3.5117973327489297e+43, 3.5736711967792413e+43], [9.430332616840712e+33, 1.7841327790159944e+34], [1.8618703493194128e+31, 3.5693579642370383e+31], [1.0363675453614954e+42, 1.0547044484798499e+42]]
Selected parents:
[[ 0.00000000e+00 -1.45799022e-12 -7.01389535e+00 -1.85064577e+00
  -1.75214813e-10 -1.83669770e-15  8.38742005e+00  2.29423303e-05
  -2.04721003e-06 -1.59792834e-08  9.98214034e-10]
 [ 9.05691340e+00 -1.45799022e-12 -7.01389535e+00 -2.53489167e+00
  -1.75214813e-10 -1.83669770e-15  8.38742005e+00  2.29423303e-05
  -2.04721003e-06 -1.59792834e-08  9.98214034e-10]
 [ 6.28958839e+00  3.12233809e+00  3.74846321e+00  2.91710584e+00
  -4.31732033e+00 -1.83669770e-15  8.38742005e+00 -3.84068106e+00
   9.37842914e+00 -1.59792834e-08  2.38044633e+00]
 [ 9.05691340e+00  7.75423046e+00 -4.56516393e+00 -4.22040570e+00
   4.10989788e+00 -1.83669770e-15  2.49482683e+00  2.29423303e-05
   6.32310270e+00 -1.71538233e+00  9.98214034e-10]
 [ 5.05384058e+00 -9.56245182e+00 -6.67542181e+00 -1.30517917e+00
  -1.75214813e-10 -1.83669770e-15 -2.65696630e+00  9.99091394e+00
   6.32310270e+00 -1.59792834e-08  4.55562553e+00]
 [ 0.00000000e+00 -3.76795004e+00  5.88990030e+00 -6.25581825e+00
  -1.75214813e-10 -1.83669770e-15  8.38742005e+00  2.29423303e-05
  -2.04721003e-06 -9.82530620e+00  9.98214034e-10]]Population:
[[ 0.00000000e+00  9.05691340e+00  9.05691340e+00  9.05691340e+00
  -5.54305750e+00  9.05691340e+00  9.05691340e+00 -7.16910264e+00
   0.00000000e+00 -7.23448241e+00]
 [-1.45799022e-12 -1.45799022e-12  3.86104934e+00  3.12233809e+00
  -3.76795004e+00 -3.76795004e+00 -1.45799022e-12 -1.45799022e-12
  -3.76795004e+00 -6.70489639e+00]
 [-7.01389535e+00 -7.01389535e+00 -4.56516393e+00  3.74846321e+00
   9.34201729e+00  2.05565275e+00 -4.56516393e+00 -9.28599912e+00
   5.88990030e+00  3.74846321e+00]
 [-1.85064577e+00 -2.53489167e+00 -4.22040570e+00  2.91710584e+00
  -4.22040570e+00 -4.22040570e+00 -4.22040570e+00 -4.22040570e+00
   2.91710584e+00  7.57319455e+00]
 [-1.75214813e-10 -1.75214813e-10  4.10989788e+00 -4.31732033e+00
   4.10989788e+00  7.25736910e+00  7.05631748e+00  4.10989788e+00
  -1.75214813e-10 -1.75214813e-10]
 [-1.83669770e-15 -1.83669770e-15 -1.83669770e-15 -9.61398057e+00
  -1.83669770e-15  7.30339318e+00  1.15581550e+00 -1.09092409e+00
  -7.14733366e-01  3.25914052e+00]
 [ 8.38742005e+00  8.38742005e+00  2.49482683e+00 -9.68917046e+00
   3.79464012e+00  4.81791953e+00  8.38742005e+00  2.49482683e+00
   8.38742005e+00  4.14325118e+00]
 [ 2.29423303e-05  2.29423303e-05  3.12464737e+00  1.38020877e+00
   2.29423303e-05  2.29423303e-05  2.29423303e-05  2.29423303e-05
   2.29423303e-05 -4.04256143e+00]
 [-2.04721003e-06 -2.04721003e-06  6.14484099e+00 -5.86854558e+00
   9.86456530e+00 -2.04721003e-06 -2.04721003e-06 -2.04721003e-06
  -2.04721003e-06  9.37842914e+00]
 [-1.59792834e-08 -1.59792834e-08  3.01159404e+00 -1.59792834e-08
   1.77720578e+00 -1.18718111e+00 -3.38111122e+00 -1.71538233e+00
  -1.59792834e-08 -9.82530620e+00]
 [ 9.98214034e-10  9.98214034e-10  2.38044633e+00 -3.03667261e+00
   9.98214034e-10  9.68194899e-01 -3.54084870e+00  9.98214034e-10
   2.38044633e+00  2.38044633e+00]]
Train validation errors
[[19504238674.657555, 326602506064.6344], [24789772668.810997, 317657414885.4774], [2.7109878143789896e+33, 5.135216194189695e+33], [3.388683321245224e+43, 3.448369976841735e+43], [7.528485461770018e+29, 1.452948225871582e+30], [1.9555488231206596e+43, 1.9899847975809188e+43], [4.896725090601914e+41, 4.9825988987282244e+41], [4.363205369335487e+41, 4.440029307942621e+41], [1.8724534230854583e+41, 1.9052820442880224e+41], [3.8943999158673427e+42, 3.9630245477752884e+42]]
Selected parents:
[[ 0.00000000e+00 -1.45799022e-12 -7.01389535e+00 -1.85064577e+00
  -1.75214813e-10 -1.83669770e-15  8.38742005e+00  2.29423303e-05
  -2.04721003e-06 -1.59792834e-08  9.98214034e-10]
 [ 9.05691340e+00 -1.45799022e-12 -7.01389535e+00 -2.53489167e+00
  -1.75214813e-10 -1.83669770e-15  8.38742005e+00  2.29423303e-05
  -2.04721003e-06 -1.59792834e-08  9.98214034e-10]
 [ 9.05691340e+00  3.86104934e+00 -4.56516393e+00 -4.22040570e+00
   4.10989788e+00 -1.83669770e-15  2.49482683e+00  3.12464737e+00
   6.14484099e+00  3.01159404e+00  2.38044633e+00]
 [-5.54305750e+00 -3.76795004e+00  9.34201729e+00 -4.22040570e+00
   4.10989788e+00 -1.83669770e-15  3.79464012e+00  2.29423303e-05
   9.86456530e+00  1.77720578e+00  9.98214034e-10]
 [-7.16910264e+00 -1.45799022e-12 -9.28599912e+00 -4.22040570e+00
   4.10989788e+00 -1.09092409e+00  2.49482683e+00  2.29423303e-05
  -2.04721003e-06 -1.71538233e+00  9.98214034e-10]
 [ 0.00000000e+00 -3.76795004e+00  5.88990030e+00  2.91710584e+00
  -1.75214813e-10 -7.14733366e-01  8.38742005e+00  2.29423303e-05
  -2.04721003e-06 -1.59792834e-08  2.38044633e+00]]Best offspring gen errors:
[[1.35107233e+10 3.68296593e+11]
 [1.35107233e+10 3.68296593e+11]
 [1.35107233e+10 3.68296593e+11]
 [1.95042387e+10 3.26602506e+11]
 [1.95042387e+10 3.26602506e+11]
 [1.95042387e+10 3.26602506e+11]
 [2.47897727e+10 3.17657415e+11]
 [2.47897727e+10 3.17657415e+11]
 [2.47897727e+10 3.17657415e+11]
 [2.47897727e+10 3.17657415e+11]]