Starting all over again with new root population
No of generations: 3
Population size: 2
Mutation coefficient: 0.2
Split point: 7
One offspring per pair
Population:
[[ 0.00000000e+00  0.00000000e+00]
 [ 6.27937040e+00 -1.45799022e-12]
 [-2.28980078e-13 -2.28980078e-13]
 [ 4.62010753e-11  4.62010753e-11]
 [-1.75214813e-10 -1.75214813e-10]
 [-1.83669770e-15 -1.83669770e-15]
 [ 8.52944060e-16  8.52944060e-16]
 [ 2.29423303e-05  2.29423303e-05]
 [-2.04721003e-06 -2.04721003e-06]
 [-1.59792834e-08 -1.59792834e-08]
 [ 9.98214034e-10 -6.41889788e+00]]
Train validation errors
[[13504842102.92983, 368344514440.6409], [1.8699220255774645e+34, 3.537659418191892e+34]]
Population:
[[ 0.00000000e+00  0.00000000e+00]
 [-1.45799022e-12  6.27937040e+00]
 [-2.28980078e-13 -2.28980078e-13]
 [ 4.62010753e-11  4.62010753e-11]
 [-1.75214813e-10 -1.75214813e-10]
 [-1.83669770e-15 -1.83669770e-15]
 [ 8.52944060e-16  8.52944060e-16]
 [ 2.29423303e-05  8.64520413e+00]
 [ 8.42187285e+00 -2.04721003e-06]
 [-1.59792834e-08  7.33058521e+00]
 [ 9.98214034e-10 -6.41889788e+00]]
Train validation errors
[[5.857177121134265e+27, 1.135570381971813e+28], [1.7844758424772784e+34, 3.3719851275596257e+34]]
Population:
[[ 0.00000000e+00  0.00000000e+00]
 [-1.45799022e-12  6.27937040e+00]
 [-2.28980078e-13 -1.52574735e+00]
 [ 4.62010753e-11  4.62010753e-11]
 [-1.75214813e-10 -1.75214813e-10]
 [-1.83669770e-15 -1.83669770e-15]
 [ 8.52944060e-16  8.52944060e-16]
 [ 8.64520413e+00  2.29423303e-05]
 [-2.04721003e-06 -8.34376786e+00]
 [ 6.15188045e+00 -1.59792834e-08]
 [-6.41889788e+00  9.98214034e-10]]
Train validation errors
[[1.798068210366651e+34, 3.398342519937228e+34], [5.749035593942006e+27, 1.1146042393405324e+28]]
