Fitness funtion: -1 * (train_validation_error[:, 1] + train_validation_error[:, 0])
Initialed with the best that we have until now
Starting all over again with new root population
No of generations: 10
Population size: 10
Mutation coefficient: 0.2
Split point: 7
Two offspring per pair
Population:
[[ 0.00000000e+00  0.00000000e+00  0.00000000e+00  0.00000000e+00
   0.00000000e+00  0.00000000e+00  0.00000000e+00  0.00000000e+00
   0.00000000e+00  0.00000000e+00]
 [-1.45799022e-12 -1.45799022e-12 -1.45799022e-12 -1.45799022e-12
  -1.45799022e-12 -1.45799022e-12 -1.45799022e-12  1.41269550e+00
  -1.45799022e-12 -1.45799022e-12]
 [-2.28980078e-13 -2.28980078e-13 -2.28980078e-13 -2.28980078e-13
  -2.28980078e-13 -2.28980078e-13 -2.28980078e-13 -2.28980078e-13
  -2.28980078e-13 -2.28980078e-13]
 [ 4.62010753e-11  7.71985034e+00  4.62010753e-11  4.62010753e-11
   4.62010753e-11  4.62010753e-11  4.62010753e-11  5.73003944e-01
   4.62010753e-11  4.62010753e-11]
 [-1.75214813e-10 -1.75214813e-10 -1.75214813e-10  1.06319735e+00
  -1.75214813e-10 -8.40257586e+00 -1.75214813e-10 -1.75214813e-10
  -1.75214813e-10  4.81143146e+00]
 [-1.83669770e-15 -1.83669770e-15 -1.83669770e-15 -1.83669770e-15
   1.67919477e+00  8.19393868e+00 -1.83669770e-15 -1.83669770e-15
  -1.83669770e-15 -1.83669770e-15]
 [ 8.52944060e-16  8.52944060e-16  2.91195663e+00  8.52944060e-16
   8.52944060e-16  6.15329377e+00  8.52944060e-16  8.52944060e-16
   8.52944060e-16  8.52944060e-16]
 [ 2.29423303e-05  2.29423303e-05  2.29423303e-05  2.29423303e-05
   2.29423303e-05  2.29423303e-05  2.29423303e-05  2.29423303e-05
   2.29423303e-05  2.29423303e-05]
 [-2.04721003e-06 -2.04721003e-06 -2.04721003e-06 -2.04721003e-06
  -2.04721003e-06 -2.04721003e-06 -5.03922000e+00 -2.04721003e-06
  -2.04721003e-06 -2.04721003e-06]
 [-1.59792834e-08 -2.51885120e+00 -1.59792834e-08 -1.59792834e-08
  -1.59792834e-08 -1.59792834e-08 -1.59792834e-08 -1.59792834e-08
  -1.59792834e-08 -1.59792834e-08]
 [ 9.98214034e-10 -6.11935273e+00 -7.24428796e+00  9.98214034e-10
   9.98214034e-10  9.98214034e-10  9.98214034e-10  9.98214034e-10
   9.98214034e-10  6.45899053e+00]]
Train validation errors
[[13510723304.19212, 368296592820.6967], [1.7279082010671107e+34, 3.270314375637726e+34], [2.381737937934744e+34, 4.505951335164348e+34], [3853586235460.4663, 9083881046303.215], [1.0337555259124554e+42, 1.0519563351595077e+42], [2.4615072429759646e+43, 2.5048457525816e+43], [2.096993428355207e+27, 4.065582332285758e+27], [14069433868.051968, 384866720037.8021], [13510723304.19212, 368296592820.6967], [1.8933541669168508e+34, 3.5819901092305e+34]]
Selected parents:
[[ 0.00000000e+00 -1.45799022e-12 -2.28980078e-13  4.62010753e-11
  -1.75214813e-10 -1.83669770e-15  8.52944060e-16  2.29423303e-05
  -2.04721003e-06 -1.59792834e-08  9.98214034e-10]
 [ 0.00000000e+00 -1.45799022e-12 -2.28980078e-13  7.71985034e+00
  -1.75214813e-10 -1.83669770e-15  8.52944060e-16  2.29423303e-05
  -2.04721003e-06 -2.51885120e+00 -6.11935273e+00]
 [ 0.00000000e+00 -1.45799022e-12 -2.28980078e-13  4.62010753e-11
   1.06319735e+00 -1.83669770e-15  8.52944060e-16  2.29423303e-05
  -2.04721003e-06 -1.59792834e-08  9.98214034e-10]
 [ 0.00000000e+00 -1.45799022e-12 -2.28980078e-13  4.62010753e-11
  -1.75214813e-10 -1.83669770e-15  8.52944060e-16  2.29423303e-05
  -5.03922000e+00 -1.59792834e-08  9.98214034e-10]
 [ 0.00000000e+00  1.41269550e+00 -2.28980078e-13  5.73003944e-01
  -1.75214813e-10 -1.83669770e-15  8.52944060e-16  2.29423303e-05
  -2.04721003e-06 -1.59792834e-08  9.98214034e-10]
 [ 0.00000000e+00 -1.45799022e-12 -2.28980078e-13  4.62010753e-11
  -1.75214813e-10 -1.83669770e-15  8.52944060e-16  2.29423303e-05
  -2.04721003e-06 -1.59792834e-08  9.98214034e-10]]Population:
[[ 0.00000000e+00  0.00000000e+00  0.00000000e+00  0.00000000e+00
   0.00000000e+00  2.23945468e+00  0.00000000e+00  0.00000000e+00
   0.00000000e+00  1.63818545e+00]
 [-1.45799022e-12 -1.45799022e-12 -1.45799022e-12 -1.45799022e-12
  -1.45799022e-12 -6.63213583e+00 -1.45799022e-12 -1.11669955e+00
  -1.45799022e-12 -1.45799022e-12]
 [-2.28980078e-13 -2.28980078e-13 -2.28980078e-13  5.35208262e+00
  -2.28980078e-13 -1.97605987e+00  5.02934555e+00  7.13651835e-01
  -2.28980078e-13 -2.28980078e-13]
 [ 4.62010753e-11  4.62010753e-11  4.62010753e-11 -6.48540976e+00
   7.71985034e+00  4.62010753e-11 -2.43501391e+00  7.71985034e+00
   4.62010753e-11 -8.95532897e+00]
 [-1.75214813e-10 -1.75214813e-10  1.06319735e+00 -3.04452056e+00
  -1.75214813e-10 -1.75214813e-10 -1.75214813e-10 -1.75214813e-10
  -7.86889824e+00 -1.75214813e-10]
 [-1.83669770e-15 -1.83669770e-15  8.86169535e+00  1.96178464e+00
  -1.83669770e-15 -1.83669770e-15 -1.83669770e-15 -1.83669770e-15
  -1.83669770e-15 -1.83669770e-15]
 [ 8.52944060e-16  8.52944060e-16  8.52944060e-16  8.52944060e-16
   8.52944060e-16  8.52944060e-16  4.29255708e+00  8.52944060e-16
   8.52944060e-16 -2.16361342e+00]
 [ 2.29423303e-05  2.29423303e-05  2.29423303e-05  2.29423303e-05
   2.29423303e-05  2.29423303e-05 -5.51312833e+00  3.28276502e+00
  -2.17009558e+00  1.98915933e+00]
 [-2.04721003e-06 -2.04721003e-06 -7.42644417e+00 -1.63812575e+00
  -2.04721003e-06 -2.04721003e-06 -3.69901867e+00 -2.04721003e-06
  -8.08364161e+00  5.31185452e+00]
 [-1.59792834e-08 -1.59792834e-08 -7.66263109e+00 -1.59792834e-08
  -1.59792834e-08 -2.51885120e+00 -1.59792834e-08  5.03689115e+00
  -1.59792834e-08 -1.59792834e-08]
 [ 9.98214034e-10  9.98214034e-10  9.98214034e-10 -5.51337297e+00
  -2.97887991e+00 -6.11935273e+00  9.98214034e-10  5.89644995e+00
   9.98214034e-10  9.98214034e-10]]
Train validation errors
[[13510723304.19212, 368296592820.6967], [13510723304.19212, 368296592820.6967], [2.8790475068600106e+43, 2.929736253430739e+43], [1.410717493818647e+42, 1.435467082576982e+42], [4.027249675768991e+33, 7.619054457850004e+33], [1.7279082010736902e+34, 3.2703143756517607e+34], [1.1974754048125462e+27, 2.3289956394130902e+27], [1.6329800073769793e+34, 3.091960191838168e+34], [5.453515470502891e+27, 1.057942508300285e+28], [2.3646262156615288e+27, 4.588271820527616e+27]]
Selected parents:
[[ 0.00000000e+00 -1.45799022e-12 -2.28980078e-13  4.62010753e-11
  -1.75214813e-10 -1.83669770e-15  8.52944060e-16  2.29423303e-05
  -2.04721003e-06 -1.59792834e-08  9.98214034e-10]
 [ 0.00000000e+00 -1.45799022e-12 -2.28980078e-13  4.62010753e-11
  -1.75214813e-10 -1.83669770e-15  8.52944060e-16  2.29423303e-05
  -2.04721003e-06 -1.59792834e-08  9.98214034e-10]
 [ 0.00000000e+00 -1.45799022e-12 -2.28980078e-13  7.71985034e+00
  -1.75214813e-10 -1.83669770e-15  8.52944060e-16  2.29423303e-05
  -2.04721003e-06 -1.59792834e-08 -2.97887991e+00]
 [ 0.00000000e+00 -1.45799022e-12  5.02934555e+00 -2.43501391e+00
  -1.75214813e-10 -1.83669770e-15  4.29255708e+00 -5.51312833e+00
  -3.69901867e+00 -1.59792834e-08  9.98214034e-10]
 [ 0.00000000e+00 -1.45799022e-12 -2.28980078e-13  4.62010753e-11
  -7.86889824e+00 -1.83669770e-15  8.52944060e-16 -2.17009558e+00
  -8.08364161e+00 -1.59792834e-08  9.98214034e-10]
 [ 1.63818545e+00 -1.45799022e-12 -2.28980078e-13 -8.95532897e+00
  -1.75214813e-10 -1.83669770e-15 -2.16361342e+00  1.98915933e+00
   5.31185452e+00 -1.59792834e-08  9.98214034e-10]]Population:
[[ 0.00000000e+00  0.00000000e+00  7.36974974e+00 -7.24820487e+00
   1.63818545e+00  1.63818545e+00  0.00000000e+00  0.00000000e+00
  -7.27716990e+00 -5.40409998e+00]
 [-1.45799022e-12 -1.45799022e-12 -1.45799022e-12 -1.45799022e-12
   8.53907273e+00 -1.45799022e-12 -1.45799022e-12 -1.45799022e-12
  -1.45799022e-12 -1.45799022e-12]
 [-2.28980078e-13 -2.28980078e-13 -2.28980078e-13 -6.13549820e+00
  -2.28980078e-13 -2.28980078e-13 -6.68603201e+00 -2.28980078e-13
   2.07871630e+00 -2.28980078e-13]
 [ 4.62010753e-11  4.62010753e-11  4.62010753e-11  4.62010753e-11
   4.62010753e-11  4.62010753e-11 -7.23116227e+00  7.71985034e+00
   4.62010753e-11  7.71985034e+00]
 [-1.75214813e-10 -1.75214813e-10 -1.75214813e-10 -1.75214813e-10
  -1.75214813e-10 -7.14606836e+00 -7.86889824e+00 -1.75214813e-10
  -1.75214813e-10 -1.75214813e-10]
 [-1.83669770e-15 -1.83669770e-15 -7.90182439e+00 -1.83669770e-15
  -1.83669770e-15 -1.83669770e-15 -1.83669770e-15 -1.83669770e-15
   6.87472885e+00 -1.83669770e-15]
 [ 8.52944060e-16  8.52944060e-16  8.52944060e-16  8.52944060e-16
  -2.16361342e+00  8.52944060e-16  3.04913315e+00  8.52944060e-16
   8.52944060e-16 -7.23228499e+00]
 [ 2.29423303e-05  2.29423303e-05 -2.17009558e+00  2.29423303e-05
   2.29423303e-05  1.98915933e+00 -2.17009558e+00 -1.21500933e+00
  -3.76851496e+00  2.29423303e-05]
 [-2.04721003e-06 -2.04721003e-06 -1.32800783e+00  2.56195475e+00
   5.31185452e+00  5.31185452e+00 -8.34394545e-01 -2.04721003e-06
  -2.04721003e-06 -2.04721003e-06]
 [-1.59792834e-08 -1.59792834e-08 -1.59792834e-08 -3.31792288e+00
  -1.59792834e-08  6.05161241e+00 -3.65155773e+00 -1.59792834e-08
  -1.59792834e-08 -8.54677481e+00]
 [ 9.98214034e-10  9.98214034e-10 -6.41162041e+00  9.98214034e-10
   1.87797550e+00  9.98214034e-10 -6.28399911e+00 -2.97887991e+00
   9.98214034e-10  9.98214034e-10]]
Train validation errors
[[13510723304.19212, 368296592820.6967], [13510723304.19212, 368296592820.6967], [2.289249100901645e+43, 2.3295960677165376e+43], [2.0579641034770584e+30, 3.940690479566387e+30], [1.6044487305666104e+33, 3.035514132308376e+33], [7.316247307699153e+30, 1.4043365633279616e+31], [1.8347777521075537e+34, 3.4731551744658936e+34], [4.0272776816116065e+33, 7.61911010900468e+33], [1.732713842764319e+43, 1.7632208564065963e+43], [1.4088403140664312e+31, 2.7008622791925326e+31]]
Selected parents:
[[ 0.00000000e+00 -1.45799022e-12 -2.28980078e-13  4.62010753e-11
  -1.75214813e-10 -1.83669770e-15  8.52944060e-16  2.29423303e-05
  -2.04721003e-06 -1.59792834e-08  9.98214034e-10]
 [ 0.00000000e+00 -1.45799022e-12 -2.28980078e-13  4.62010753e-11
  -1.75214813e-10 -1.83669770e-15  8.52944060e-16  2.29423303e-05
  -2.04721003e-06 -1.59792834e-08  9.98214034e-10]
 [-7.24820487e+00 -1.45799022e-12 -6.13549820e+00  4.62010753e-11
  -1.75214813e-10 -1.83669770e-15  8.52944060e-16  2.29423303e-05
   2.56195475e+00 -3.31792288e+00  9.98214034e-10]
 [ 1.63818545e+00  8.53907273e+00 -2.28980078e-13  4.62010753e-11
  -1.75214813e-10 -1.83669770e-15 -2.16361342e+00  2.29423303e-05
   5.31185452e+00 -1.59792834e-08  1.87797550e+00]
 [ 1.63818545e+00 -1.45799022e-12 -2.28980078e-13  4.62010753e-11
  -7.14606836e+00 -1.83669770e-15  8.52944060e-16  1.98915933e+00
   5.31185452e+00  6.05161241e+00  9.98214034e-10]
 [-5.40409998e+00 -1.45799022e-12 -2.28980078e-13  7.71985034e+00
  -1.75214813e-10 -1.83669770e-15 -7.23228499e+00  2.29423303e-05
  -2.04721003e-06 -8.54677481e+00  9.98214034e-10]]Population:
[[ 0.00000000e+00  0.00000000e+00  1.63818545e+00 -5.40409998e+00
   0.00000000e+00 -7.24820487e+00  1.63818545e+00 -5.40409998e+00
  -5.40409998e+00 -5.40409998e+00]
 [-1.45799022e-12 -1.45799022e-12 -1.45799022e-12 -2.20330599e+00
   1.15708343e-01  5.75318502e+00 -6.69406878e+00 -1.45799022e-12
  -1.45799022e-12 -1.45799022e-12]
 [-2.28980078e-13 -2.28980078e-13 -5.73212086e+00 -2.28980078e-13
  -6.13549820e+00 -6.13549820e+00 -2.28980078e-13 -6.59246859e+00
  -2.28980078e-13 -8.46772690e+00]
 [ 4.62010753e-11  4.62010753e-11 -4.77416398e+00  2.44035157e+00
  -4.11616034e+00  4.62010753e-11  4.62010753e-11  8.95013660e+00
  -8.70850800e+00  7.71985034e+00]
 [-1.75214813e-10 -1.75214813e-10 -1.75214813e-10 -7.14606836e+00
  -1.75214813e-10 -5.66821214e+00 -1.13056271e+00 -1.75214813e-10
   4.87246765e-01 -1.75214813e-10]
 [-1.83669770e-15 -1.83669770e-15 -1.83669770e-15 -1.83669770e-15
   3.29199547e+00 -6.81114161e+00  2.23621877e+00 -1.83669770e-15
  -1.83669770e-15 -7.69003933e+00]
 [ 8.52944060e-16  8.52944060e-16  7.25287136e+00 -9.40879116e-01
   8.04242526e+00  8.52944060e-16 -7.23228499e+00 -7.23228499e+00
   6.77226214e-01  8.52944060e-16]
 [ 2.29423303e-05  2.29423303e-05  2.29423303e-05  8.32317858e+00
   2.29423303e-05  7.26540060e+00 -2.06502046e+00  3.68321383e+00
  -4.60314148e+00  2.29423303e-05]
 [-2.04721003e-06 -2.04721003e-06 -2.04721003e-06  5.31185452e+00
  -2.04721003e-06  1.53748576e+00  4.95127625e+00 -2.04721003e-06
  -2.04721003e-06 -7.56722226e+00]
 [-1.59792834e-08 -1.59792834e-08  6.05161241e+00  1.48075948e+00
   7.14583416e+00 -4.66553250e-01  6.46420305e+00 -3.96366444e+00
   3.15178721e-02 -7.24178386e+00]
 [ 9.98214034e-10  9.98214034e-10  9.98214034e-10  9.98214034e-10
   4.03430724e+00  7.92560788e+00  9.98214034e-10  9.98214034e-10
   9.98214034e-10  4.86146145e+00]]
Train validation errors
[[13510723304.19212, 368296592820.6967], [13510723304.19212, 368296592820.6967], [7.063166773096192e+30, 1.3540669248167483e+31], [4.882618825278073e+29, 9.40414827705974e+29], [3.973466204355021e+42, 4.043537330299588e+42], [1.700682082921393e+43, 1.7305811625659088e+43], [1.833352324960895e+42, 1.865633736399767e+42], [3.027647809573099e+30, 5.804196573875688e+30], [1.6838520857655982e+26, 3.2231679758988536e+26], [2.1679824017046456e+43, 2.2061234552596554e+43]]
Selected parents:
[[ 0.00000000e+00 -1.45799022e-12 -2.28980078e-13  4.62010753e-11
  -1.75214813e-10 -1.83669770e-15  8.52944060e-16  2.29423303e-05
  -2.04721003e-06 -1.59792834e-08  9.98214034e-10]
 [ 0.00000000e+00 -1.45799022e-12 -2.28980078e-13  4.62010753e-11
  -1.75214813e-10 -1.83669770e-15  8.52944060e-16  2.29423303e-05
  -2.04721003e-06 -1.59792834e-08  9.98214034e-10]
 [ 1.63818545e+00 -1.45799022e-12 -5.73212086e+00 -4.77416398e+00
  -1.75214813e-10 -1.83669770e-15  7.25287136e+00  2.29423303e-05
  -2.04721003e-06  6.05161241e+00  9.98214034e-10]
 [-5.40409998e+00 -2.20330599e+00 -2.28980078e-13  2.44035157e+00
  -7.14606836e+00 -1.83669770e-15 -9.40879116e-01  8.32317858e+00
   5.31185452e+00  1.48075948e+00  9.98214034e-10]
 [-5.40409998e+00 -1.45799022e-12 -6.59246859e+00  8.95013660e+00
  -1.75214813e-10 -1.83669770e-15 -7.23228499e+00  3.68321383e+00
  -2.04721003e-06 -3.96366444e+00  9.98214034e-10]
 [-5.40409998e+00 -1.45799022e-12 -2.28980078e-13 -8.70850800e+00
   4.87246765e-01 -1.83669770e-15  6.77226214e-01 -4.60314148e+00
  -2.04721003e-06  3.15178721e-02  9.98214034e-10]]Population:
[[ 0.00000000e+00  0.00000000e+00 -5.44840167e+00 -6.14298986e+00
  -6.66095328e+00  0.00000000e+00  0.00000000e+00 -2.23830972e+00
  -6.93418355e+00  1.41520500e+00]
 [-1.45799022e-12 -1.45799022e-12 -1.45799022e-12 -1.45799022e-12
   3.01156922e+00 -1.45799022e-12 -1.45799022e-12 -8.79776005e+00
  -2.20330599e+00 -2.20330599e+00]
 [-2.28980078e-13 -2.28980078e-13 -2.28980078e-13 -2.28980078e-13
   6.00036398e+00 -2.28980078e-13 -5.67662477e-01  1.54281768e+00
  -3.26982898e-01 -2.28980078e-13]
 [ 4.62010753e-11  4.62010753e-11 -8.70850800e+00  4.62010753e-11
   4.62010753e-11  7.35296958e+00 -3.52070062e-01  4.62010753e-11
   2.44035157e+00  1.28209861e+00]
 [-1.75214813e-10 -1.75214813e-10  4.87246765e-01 -1.75214813e-10
  -1.75214813e-10 -1.75214813e-10  8.80986437e+00 -1.75214813e-10
   4.87246765e-01 -7.14606836e+00]
 [-1.83669770e-15 -1.83669770e-15 -1.83669770e-15 -1.83669770e-15
  -1.83669770e-15 -7.18932719e+00 -1.83669770e-15 -7.39252910e+00
  -1.83669770e-15 -1.83669770e-15]
 [ 8.52944060e-16  8.52944060e-16 -9.72340262e-01  8.52944060e-16
   8.52944060e-16 -7.23571027e-01  8.52944060e-16 -8.59404185e+00
   2.82873286e+00 -9.40879116e-01]
 [ 2.29423303e-05  2.29423303e-05 -4.60314148e+00 -4.60314148e+00
   2.07723701e+00  2.29423303e-05  2.29423303e-05  2.29423303e-05
  -4.19459971e+00 -6.13195606e+00]
 [-2.04721003e-06 -2.04721003e-06 -2.04721003e-06 -2.04721003e-06
  -2.04721003e-06 -2.33476990e+00 -2.04721003e-06 -2.04721003e-06
  -2.04721003e-06  4.60877892e+00]
 [-1.59792834e-08 -1.59792834e-08  3.15178721e-02  3.15178721e-02
   7.52571810e+00 -1.59792834e-08 -1.59792834e-08 -5.29959925e+00
  -5.44939244e+00  1.48075948e+00]
 [ 9.98214034e-10  9.98214034e-10  6.76186050e+00  9.98214034e-10
  -4.12947126e+00  9.98214034e-10  9.98214034e-10  9.98214034e-10
   9.98214034e-10  9.98214034e-10]]
Train validation errors
[[13510723304.19212, 368296592820.6967], [13510723304.19212, 368296592820.6967], [2.0754480745033932e+34, 3.9265051047482797e+34], [1.683851968685646e+26, 3.223167713306556e+26], [7.179075270891136e+33, 1.355548362221875e+34], [1.8949257611187013e+43, 1.9282887639265123e+43], [260075560496876.2, 502832950342052.1], [2.0035592474794136e+43, 2.0388355677878307e+43], [5.73112178575964e+30, 1.098711178431571e+31], [4.7585784328126276e+29, 9.159505751757123e+29]]
Selected parents:
[[ 0.00000000e+00 -1.45799022e-12 -2.28980078e-13  4.62010753e-11
  -1.75214813e-10 -1.83669770e-15  8.52944060e-16  2.29423303e-05
  -2.04721003e-06 -1.59792834e-08  9.98214034e-10]
 [ 0.00000000e+00 -1.45799022e-12 -2.28980078e-13  4.62010753e-11
  -1.75214813e-10 -1.83669770e-15  8.52944060e-16  2.29423303e-05
  -2.04721003e-06 -1.59792834e-08  9.98214034e-10]
 [-6.14298986e+00 -1.45799022e-12 -2.28980078e-13  4.62010753e-11
  -1.75214813e-10 -1.83669770e-15  8.52944060e-16 -4.60314148e+00
  -2.04721003e-06  3.15178721e-02  9.98214034e-10]
 [ 0.00000000e+00 -1.45799022e-12 -5.67662477e-01 -3.52070062e-01
   8.80986437e+00 -1.83669770e-15  8.52944060e-16  2.29423303e-05
  -2.04721003e-06 -1.59792834e-08  9.98214034e-10]
 [-6.93418355e+00 -2.20330599e+00 -3.26982898e-01  2.44035157e+00
   4.87246765e-01 -1.83669770e-15  2.82873286e+00 -4.19459971e+00
  -2.04721003e-06 -5.44939244e+00  9.98214034e-10]
 [ 1.41520500e+00 -2.20330599e+00 -2.28980078e-13  1.28209861e+00
  -7.14606836e+00 -1.83669770e-15 -9.40879116e-01 -6.13195606e+00
   4.60877892e+00  1.48075948e+00  9.98214034e-10]]Population:
[[ 0.00000000e+00  0.00000000e+00  0.00000000e+00 -6.93418355e+00
   0.00000000e+00  0.00000000e+00 -8.37740389e+00  8.09293667e-01
  -5.66936951e+00  0.00000000e+00]
 [-1.45799022e-12 -1.45799022e-12 -7.79769075e+00 -7.84932536e+00
  -1.45799022e-12 -8.74733256e+00 -2.20330599e+00 -4.67939683e+00
  -2.20330599e+00 -2.20330599e+00]
 [-2.28980078e-13 -2.28980078e-13  1.65312602e-02 -3.26982898e-01
  -2.28980078e-13  4.09653248e-01 -3.60710755e+00 -2.28980078e-13
   4.05266608e+00 -4.39415967e+00]
 [ 4.62010753e-11  4.62010753e-11  4.88788451e-01  2.44035157e+00
  -8.26524835e+00 -7.67587500e+00  1.28209861e+00 -5.77480474e+00
   4.62010753e-11  4.62010753e-11]
 [-1.75214813e-10 -1.75214813e-10  4.87246765e-01 -1.75214813e-10
  -1.75214813e-10 -1.75214813e-10  4.53606460e+00 -7.14606836e+00
  -7.14606836e+00 -6.42191613e+00]
 [-1.83669770e-15 -1.83669770e-15 -2.53193927e+00 -1.83669770e-15
   3.03088199e-01  3.79055167e+00  9.99530672e-01 -1.16918459e+00
  -1.83669770e-15 -1.83669770e-15]
 [ 8.52944060e-16  8.52944060e-16  8.52944060e-16  8.52944060e-16
   6.67536872e-01 -2.02114177e+00  2.82873286e+00 -3.97613975e+00
   8.52944060e-16 -3.66837253e-01]
 [ 2.29423303e-05  2.29423303e-05 -4.19459971e+00 -3.62154651e+00
   2.29423303e-05  8.75250791e+00  1.01300955e-01 -6.13195606e+00
   2.29423303e-05  2.29423303e-05]
 [-2.04721003e-06 -2.04721003e-06 -2.04721003e-06 -2.04721003e-06
   4.60877892e+00 -3.46981146e+00 -2.04721003e-06  4.60877892e+00
   4.60877892e+00 -7.60619944e+00]
 [-1.59792834e-08 -1.59792834e-08 -3.75061674e+00 -5.44939244e+00
  -7.38100638e+00 -7.81944629e-01 -5.44939244e+00 -5.44939244e+00
   1.66732337e+00 -4.99289569e+00]
 [ 9.98214034e-10  9.98214034e-10  9.98214034e-10  7.49685269e+00
   3.26244747e+00  9.98214034e-10  9.98214034e-10  9.98214034e-10
  -4.78183098e+00  5.92488473e-01]]
Train validation errors
[[13510723304.19212, 368296592820.6967], [13510723304.19212, 368296592820.6967], [2.3502989472419502e+42, 2.391681090701775e+42], [2.476209491658624e+34, 4.681182127178142e+34], [3.3700783767532175e+40, 3.430182652508927e+40], [5.267692483366442e+42, 5.3604375227784486e+42], [3.662729685396364e+41, 3.727208211149189e+41], [5.011692958235481e+41, 5.099941983782598e+41], [1.0223090145596586e+34, 1.9333767219566514e+34], [1.0834135611698106e+32, 2.0253225417794805e+32]]
Selected parents:
[[ 0.00000000e+00 -1.45799022e-12 -2.28980078e-13  4.62010753e-11
  -1.75214813e-10 -1.83669770e-15  8.52944060e-16  2.29423303e-05
  -2.04721003e-06 -1.59792834e-08  9.98214034e-10]
 [ 0.00000000e+00 -1.45799022e-12 -2.28980078e-13  4.62010753e-11
  -1.75214813e-10 -1.83669770e-15  8.52944060e-16  2.29423303e-05
  -2.04721003e-06 -1.59792834e-08  9.98214034e-10]
 [-6.93418355e+00 -7.84932536e+00 -3.26982898e-01  2.44035157e+00
  -1.75214813e-10 -1.83669770e-15  8.52944060e-16 -3.62154651e+00
  -2.04721003e-06 -5.44939244e+00  7.49685269e+00]
 [ 0.00000000e+00 -1.45799022e-12 -2.28980078e-13 -8.26524835e+00
  -1.75214813e-10  3.03088199e-01  6.67536872e-01  2.29423303e-05
   4.60877892e+00 -7.38100638e+00  3.26244747e+00]
 [-5.66936951e+00 -2.20330599e+00  4.05266608e+00  4.62010753e-11
  -7.14606836e+00 -1.83669770e-15  8.52944060e-16  2.29423303e-05
   4.60877892e+00  1.66732337e+00 -4.78183098e+00]
 [ 0.00000000e+00 -2.20330599e+00 -4.39415967e+00  4.62010753e-11
  -6.42191613e+00 -1.83669770e-15 -3.66837253e-01  2.29423303e-05
  -7.60619944e+00 -4.99289569e+00  5.92488473e-01]]Population:
[[ 0.00000000e+00  0.00000000e+00  3.27771006e-01 -5.66936951e+00
   5.88782813e+00 -1.35357790e+00  0.00000000e+00  0.00000000e+00
   0.00000000e+00  0.00000000e+00]
 [-1.45799022e-12 -1.45799022e-12  6.79704801e+00 -2.20330599e+00
  -2.20330599e+00 -1.45799022e-12  3.76136943e+00 -1.45799022e-12
  -1.45799022e-12 -7.29594250e+00]
 [-2.28980078e-13 -2.28980078e-13  4.05266608e+00  1.93892651e+00
  -4.39415967e+00 -2.28980078e-13 -2.28980078e-13 -2.28980078e-13
  -2.28980078e-13 -2.28980078e-13]
 [ 4.62010753e-11  4.62010753e-11  4.62010753e-11 -8.26524835e+00
   5.66242351e+00  8.03803529e-01  4.62010753e-11  7.97798122e+00
   4.62010753e-11 -6.35315478e+00]
 [-1.75214813e-10 -1.75214813e-10 -7.14606836e+00 -1.75214813e-10
  -6.42191613e+00 -1.75214813e-10 -1.75214813e-10 -1.75214813e-10
  -2.33581742e+00 -1.75214813e-10]
 [-1.83669770e-15 -1.83669770e-15 -1.83669770e-15  3.03088199e-01
  -1.83669770e-15 -1.83669770e-15 -1.83669770e-15 -1.83669770e-15
  -1.83669770e-15  5.80668629e+00]
 [ 8.52944060e-16  8.52944060e-16  3.88259812e+00  7.26591859e-01
   6.41102358e+00  1.22370588e+00  8.52944060e-16  8.52944060e-16
  -8.15623038e+00  8.52944060e-16]
 [ 2.29423303e-05  2.29423303e-05  2.29423303e-05  2.29423303e-05
   2.29423303e-05  2.29423303e-05  2.29423303e-05  2.29423303e-05
   2.38300266e+00  2.29423303e-05]
 [-2.04721003e-06 -2.04721003e-06  4.60877892e+00  4.60877892e+00
  -2.04721003e-06 -2.04721003e-06 -2.04721003e-06 -4.07021648e+00
  -2.04721003e-06 -2.32192927e+00]
 [-1.59792834e-08 -1.59792834e-08  1.66732337e+00  1.66732337e+00
  -1.59792834e-08 -1.59792834e-08 -1.59792834e-08 -1.59792834e-08
  -1.59792834e-08 -1.59792834e-08]
 [ 9.98214034e-10  9.98214034e-10 -4.78183098e+00  8.98228273e+00
   2.83619586e+00 -7.08326119e+00 -1.52197411e+00  9.98214034e-10
   9.98214034e-10  9.98214034e-10]]
Train validation errors
[[13510723304.19212, 368296592820.6967], [13510723304.19212, 368296592820.6967], [1.0223090145596561e+34, 1.9333767219566459e+34], [3.3742895186545017e+40, 3.4359312715065567e+40], [3.650690367415025e+33, 6.906651178271859e+33], [2.277031702077771e+34, 4.307860186786273e+34], [1.0512768272547197e+33, 1.988884733235636e+33], [1.3680606721032196e+27, 2.6523513111315607e+27], [2.0295560555764538e+23, 3.966281015759197e+23], [1.2361535540080085e+43, 1.257917877867943e+43]]
Selected parents:
[[ 0.00000000e+00 -1.45799022e-12 -2.28980078e-13  4.62010753e-11
  -1.75214813e-10 -1.83669770e-15  8.52944060e-16  2.29423303e-05
  -2.04721003e-06 -1.59792834e-08  9.98214034e-10]
 [ 0.00000000e+00 -1.45799022e-12 -2.28980078e-13  4.62010753e-11
  -1.75214813e-10 -1.83669770e-15  8.52944060e-16  2.29423303e-05
  -2.04721003e-06 -1.59792834e-08  9.98214034e-10]
 [ 5.88782813e+00 -2.20330599e+00 -4.39415967e+00  5.66242351e+00
  -6.42191613e+00 -1.83669770e-15  6.41102358e+00  2.29423303e-05
  -2.04721003e-06 -1.59792834e-08  2.83619586e+00]
 [ 0.00000000e+00  3.76136943e+00 -2.28980078e-13  4.62010753e-11
  -1.75214813e-10 -1.83669770e-15  8.52944060e-16  2.29423303e-05
  -2.04721003e-06 -1.59792834e-08 -1.52197411e+00]
 [ 0.00000000e+00 -1.45799022e-12 -2.28980078e-13  7.97798122e+00
  -1.75214813e-10 -1.83669770e-15  8.52944060e-16  2.29423303e-05
  -4.07021648e+00 -1.59792834e-08  9.98214034e-10]
 [ 0.00000000e+00 -1.45799022e-12 -2.28980078e-13  4.62010753e-11
  -2.33581742e+00 -1.83669770e-15 -8.15623038e+00  2.38300266e+00
  -2.04721003e-06 -1.59792834e-08  9.98214034e-10]]Population:
[[ 0.00000000e+00  0.00000000e+00  0.00000000e+00  5.16024810e+00
   0.00000000e+00  0.00000000e+00  0.00000000e+00  0.00000000e+00
   0.00000000e+00  2.74062696e+00]
 [-1.45799022e-12 -1.45799022e-12 -1.45799022e-12  8.95411253e+00
  -1.45799022e-12 -1.45799022e-12  3.76136943e+00 -1.45799022e-12
  -1.45799022e-12 -1.45799022e-12]
 [-2.28980078e-13 -2.28980078e-13  3.40748379e+00 -2.28980078e-13
   8.82642284e+00 -2.28980078e-13  4.26666729e+00 -2.28980078e-13
  -2.28980078e-13 -2.28980078e-13]
 [ 4.62010753e-11  4.62010753e-11 -2.36020356e+00  7.97798122e+00
   4.62010753e-11 -7.26097698e+00  4.62010753e-11  4.62010753e-11
   1.21098528e+00 -7.88938761e-01]
 [-1.75214813e-10 -1.75214813e-10  1.38673415e+00 -1.81573945e+00
  -1.75214813e-10 -7.74735219e+00 -1.75214813e-10 -1.75214813e-10
   6.46813811e-01 -1.75214813e-10]
 [-1.83669770e-15 -1.83669770e-15 -1.83669770e-15 -1.83669770e-15
  -4.09837785e+00 -1.83669770e-15 -1.83669770e-15 -1.83669770e-15
  -1.42917533e-01 -3.09000370e+00]
 [ 8.52944060e-16  8.52944060e-16 -1.54930787e-01  8.52944060e-16
  -8.15623038e+00  8.52944060e-16  8.52944060e-16  2.54649948e+00
   8.44326172e+00  8.83895909e+00]
 [ 2.29423303e-05  2.29423303e-05  2.29423303e-05  6.29011480e+00
   8.69342145e+00  2.29423303e-05  2.29423303e-05  2.29423303e-05
   2.29423303e-05  4.81544777e+00]
 [-2.04721003e-06 -2.04721003e-06 -2.04721003e-06 -4.07021648e+00
  -6.02672894e+00 -2.04721003e-06  6.58223032e+00 -2.04721003e-06
   1.37437529e+00 -2.04721003e-06]
 [-1.59792834e-08 -1.59792834e-08  4.19710379e+00 -2.28639943e+00
  -1.59792834e-08 -1.59792834e-08 -1.59792834e-08 -1.59792834e-08
  -7.97156300e+00 -1.59792834e-08]
 [ 9.98214034e-10  9.98214034e-10 -8.92711348e-02  9.98214034e-10
  -6.05866215e+00  9.98214034e-10 -1.52197411e+00 -1.52197411e+00
   9.98214034e-10  1.05087640e+00]]
Train validation errors
[[13510723304.19212, 368296592820.6967], [13510723304.19212, 368296592820.6967], [1.312447213968145e+29, 1.2016724140049318e+28], [1.0791523021807525e+30, 2.0738342586709583e+30], [6.158584284194729e+42, 6.267217935646902e+42], [206181430952206.4, 383411503897333.1], [1.0474161327896335e+33, 1.981483543304512e+33], [1.051276827254723e+33, 1.988884733235643e+33], [7.488901666143564e+39, 7.620948754691616e+39], [3.5004527690043365e+42, 3.562056985561619e+42]]
Selected parents:
[[ 0.00000000e+00 -1.45799022e-12 -2.28980078e-13  4.62010753e-11
  -1.75214813e-10 -1.83669770e-15  8.52944060e-16  2.29423303e-05
  -2.04721003e-06 -1.59792834e-08  9.98214034e-10]
 [ 0.00000000e+00 -1.45799022e-12 -2.28980078e-13  4.62010753e-11
  -1.75214813e-10 -1.83669770e-15  8.52944060e-16  2.29423303e-05
  -2.04721003e-06 -1.59792834e-08  9.98214034e-10]
 [ 0.00000000e+00 -1.45799022e-12  3.40748379e+00 -2.36020356e+00
   1.38673415e+00 -1.83669770e-15 -1.54930787e-01  2.29423303e-05
  -2.04721003e-06  4.19710379e+00 -8.92711348e-02]
 [ 5.16024810e+00  8.95411253e+00 -2.28980078e-13  7.97798122e+00
  -1.81573945e+00 -1.83669770e-15  8.52944060e-16  6.29011480e+00
  -4.07021648e+00 -2.28639943e+00  9.98214034e-10]
 [ 0.00000000e+00 -1.45799022e-12 -2.28980078e-13 -7.26097698e+00
  -7.74735219e+00 -1.83669770e-15  8.52944060e-16  2.29423303e-05
  -2.04721003e-06 -1.59792834e-08  9.98214034e-10]
 [ 0.00000000e+00  3.76136943e+00  4.26666729e+00  4.62010753e-11
  -1.75214813e-10 -1.83669770e-15  8.52944060e-16  2.29423303e-05
   6.58223032e+00 -1.59792834e-08 -1.52197411e+00]]Population:
[[ 0.00000000e+00  0.00000000e+00  0.00000000e+00  8.93660569e+00
  -4.16909480e+00  0.00000000e+00  0.00000000e+00  0.00000000e+00
   5.06732292e+00  0.00000000e+00]
 [-1.45799022e-12 -1.45799022e-12 -8.10441436e+00 -1.45799022e-12
   3.87549644e+00 -1.45799022e-12 -1.45799022e-12 -1.45799022e-12
  -5.40355750e-01 -1.45799022e-12]
 [-2.28980078e-13 -2.28980078e-13  3.40748379e+00 -1.80670156e+00
  -2.28980078e-13  1.33212150e+00  3.40748379e+00 -2.28980078e-13
  -2.28980078e-13 -7.96072276e+00]
 [ 4.62010753e-11  4.62010753e-11 -7.26097698e+00 -7.26097698e+00
   4.62010753e-11 -7.26097698e+00 -7.26097698e+00 -2.36020356e+00
   4.62010753e-11  4.07265563e+00]
 [-1.75214813e-10 -1.75214813e-10  5.67415564e+00  8.15815011e+00
  -1.75214813e-10 -7.74735219e+00 -4.53232870e+00  1.38673415e+00
  -6.73845270e+00 -1.75214813e-10]
 [-1.83669770e-15 -1.83669770e-15  1.52739303e+00 -1.83669770e-15
  -1.83669770e-15 -1.83669770e-15 -6.11238676e+00 -1.83669770e-15
   7.57260552e+00  7.76390615e+00]
 [ 8.52944060e-16  8.52944060e-16  7.82823825e+00 -1.54930787e-01
  -6.09150135e+00  8.52944060e-16  8.52944060e-16 -1.54930787e-01
  -5.63231767e+00  8.52944060e-16]
 [ 2.29423303e-05  2.29423303e-05 -5.36741410e+00  2.29423303e-05
   2.29423303e-05 -3.18729559e+00  2.29423303e-05 -4.71368449e+00
   2.29423303e-05  3.25355547e+00]
 [-2.04721003e-06 -2.04721003e-06 -2.04721003e-06  4.86725301e+00
   5.12992491e+00 -5.37670541e+00 -2.04721003e-06 -2.04721003e-06
  -1.94990702e+00  4.89265073e-01]
 [-1.59792834e-08 -1.59792834e-08  4.19710379e+00 -1.59792834e-08
  -1.59792834e-08 -1.59792834e-08 -1.59792834e-08 -8.11036251e+00
  -1.59792834e-08 -1.59792834e-08]
 [ 9.98214034e-10  9.98214034e-10  9.98214034e-10 -8.92711348e-02
   9.98214034e-10 -8.73755434e+00 -5.39831973e+00  9.98214034e-10
   7.43242794e+00  5.22423275e+00]]
Train validation errors
[[13510723304.19212, 368296592820.6967], [13510723304.19212, 368296592820.6967], [8.553007653571138e+41, 8.70360705891914e+41], [3.4511546118499903e+30, 6.525021429733349e+30], [2.1731672322155137e+27, 4.213265715685575e+27], [3.4666672253894647e+34, 6.558550071515818e+34], [1.369815118882254e+43, 1.3939596671199596e+43], [1.2692696662172548e+31, 2.433307609891898e+31], [2.10248887185965e+43, 2.1395522197356562e+43], [2.2100138693058624e+43, 2.2489575401976832e+43]]
Selected parents:
[[ 0.00000000e+00 -1.45799022e-12 -2.28980078e-13  4.62010753e-11
  -1.75214813e-10 -1.83669770e-15  8.52944060e-16  2.29423303e-05
  -2.04721003e-06 -1.59792834e-08  9.98214034e-10]
 [ 0.00000000e+00 -1.45799022e-12 -2.28980078e-13  4.62010753e-11
  -1.75214813e-10 -1.83669770e-15  8.52944060e-16  2.29423303e-05
  -2.04721003e-06 -1.59792834e-08  9.98214034e-10]
 [ 8.93660569e+00 -1.45799022e-12 -1.80670156e+00 -7.26097698e+00
   8.15815011e+00 -1.83669770e-15 -1.54930787e-01  2.29423303e-05
   4.86725301e+00 -1.59792834e-08 -8.92711348e-02]
 [-4.16909480e+00  3.87549644e+00 -2.28980078e-13  4.62010753e-11
  -1.75214813e-10 -1.83669770e-15 -6.09150135e+00  2.29423303e-05
   5.12992491e+00 -1.59792834e-08  9.98214034e-10]
 [ 0.00000000e+00 -1.45799022e-12  1.33212150e+00 -7.26097698e+00
  -7.74735219e+00 -1.83669770e-15  8.52944060e-16 -3.18729559e+00
  -5.37670541e+00 -1.59792834e-08 -8.73755434e+00]
 [ 0.00000000e+00 -1.45799022e-12 -2.28980078e-13 -2.36020356e+00
   1.38673415e+00 -1.83669770e-15 -1.54930787e-01 -4.71368449e+00
  -2.04721003e-06 -8.11036251e+00  9.98214034e-10]]Population:
[[ 0.00000000e+00  0.00000000e+00 -4.16909480e+00  0.00000000e+00
   4.94480808e+00 -4.16909480e+00  1.06455017e+00  0.00000000e+00
   8.86874153e+00  8.93660569e+00]
 [-1.45799022e-12 -1.45799022e-12  3.87549644e+00 -1.45799022e-12
   2.66187346e+00  3.87549644e+00 -1.45799022e-12 -1.45799022e-12
  -1.45799022e-12 -1.45799022e-12]
 [-2.28980078e-13 -2.28980078e-13  5.54308908e+00 -2.28980078e-13
  -2.28980078e-13  1.33212150e+00 -8.56107457e-01 -2.28980078e-13
  -5.14038507e-01 -1.80670156e+00]
 [ 4.62010753e-11  4.62010753e-11 -7.72284500e+00  5.08556372e+00
  -7.26097698e+00  4.62010753e-11  8.06368552e+00  4.62010753e-11
  -7.26097698e+00 -7.26097698e+00]
 [-1.75214813e-10 -1.75214813e-10  7.42770381e+00 -1.75214813e-10
  -7.74735219e+00 -1.75214813e-10 -6.99075254e+00 -1.75214813e-10
  -5.72903704e+00 -3.80431546e+00]
 [-1.83669770e-15 -1.83669770e-15 -4.33554712e+00 -1.83669770e-15
  -1.83669770e-15 -1.83669770e-15 -1.83669770e-15 -1.96100942e+00
  -1.83669770e-15 -4.67361001e+00]
 [ 8.52944060e-16  8.52944060e-16  1.17389430e+00 -6.09150135e+00
   6.30844205e+00  2.25088088e+00  8.59767355e+00  8.52944060e-16
  -1.54930787e-01  5.98345449e+00]
 [ 2.29423303e-05  2.29423303e-05 -5.01540137e+00  2.29423303e-05
  -3.18729559e+00  4.77910775e-01 -5.67859407e+00 -6.66986046e+00
   8.59568729e+00  4.48693097e+00]
 [-2.04721003e-06 -2.04721003e-06  5.12992491e+00  5.12992491e+00
   3.99599596e+00  5.12992491e+00 -5.37670541e+00 -2.04721003e-06
  -7.10685196e+00  4.86725301e+00]
 [-1.59792834e-08 -1.59792834e-08  7.44832267e+00  4.32542193e+00
  -1.51755833e+00 -1.59792834e-08 -1.59792834e-08 -1.59792834e-08
  -8.11036251e+00  3.86420262e+00]
 [ 9.98214034e-10  9.98214034e-10  9.98214034e-10  9.98214034e-10
  -8.73755434e+00  9.98214034e-10 -8.73755434e+00  9.98214034e-10
   3.86987943e+00 -8.92711348e-02]]
Train validation errors
[[13510723304.19212, 368296592820.6967], [13510723304.19212, 368296592820.6967], [6.891321896487527e+42, 7.01264831552254e+42], [3.782259968266298e+30, 7.262975319952658e+30], [3.4879066907134985e+34, 6.599792797729888e+34], [2.1811671894633997e+27, 4.2296597789060813e+27], [3.466684072894389e+34, 6.55858354990996e+34], [1.409856984761409e+42, 1.4346796226213358e+42], [6.222886610618265e+33, 1.174607831271564e+34], [8.007937784260761e+42, 8.148929719774872e+42]]
Selected parents:
[[ 0.00000000e+00 -1.45799022e-12 -2.28980078e-13  4.62010753e-11
  -1.75214813e-10 -1.83669770e-15  8.52944060e-16  2.29423303e-05
  -2.04721003e-06 -1.59792834e-08  9.98214034e-10]
 [ 0.00000000e+00 -1.45799022e-12 -2.28980078e-13  4.62010753e-11
  -1.75214813e-10 -1.83669770e-15  8.52944060e-16  2.29423303e-05
  -2.04721003e-06 -1.59792834e-08  9.98214034e-10]
 [ 0.00000000e+00 -1.45799022e-12 -2.28980078e-13  5.08556372e+00
  -1.75214813e-10 -1.83669770e-15 -6.09150135e+00  2.29423303e-05
   5.12992491e+00  4.32542193e+00  9.98214034e-10]
 [-4.16909480e+00  3.87549644e+00  1.33212150e+00  4.62010753e-11
  -1.75214813e-10 -1.83669770e-15  2.25088088e+00  4.77910775e-01
   5.12992491e+00 -1.59792834e-08  9.98214034e-10]
 [ 1.06455017e+00 -1.45799022e-12 -8.56107457e-01  8.06368552e+00
  -6.99075254e+00 -1.83669770e-15  8.59767355e+00 -5.67859407e+00
  -5.37670541e+00 -1.59792834e-08 -8.73755434e+00]
 [ 8.86874153e+00 -1.45799022e-12 -5.14038507e-01 -7.26097698e+00
  -5.72903704e+00 -1.83669770e-15 -1.54930787e-01  8.59568729e+00
  -7.10685196e+00 -8.11036251e+00  3.86987943e+00]]Best offspring gen errors:
[[1.35107233e+10 3.68296593e+11]
 [1.35107233e+10 3.68296593e+11]
 [1.35107233e+10 3.68296593e+11]
 [1.35107233e+10 3.68296593e+11]
 [1.35107233e+10 3.68296593e+11]
 [1.35107233e+10 3.68296593e+11]
 [1.35107233e+10 3.68296593e+11]
 [1.35107233e+10 3.68296593e+11]
 [1.35107233e+10 3.68296593e+11]
 [1.35107233e+10 3.68296593e+11]]