Fitness funtion: -1 * (train_validation_error[:, 1] + train_validation_error[:, 0])
Initialed with the best that we have until now
Starting all over again with new root population
No of generations: 5
Population size: 10
Mutation coefficient: 0.2
Split point: 7
Two offspring per pair
Population:
[[ 0.00000000e+00 -5.68633399e-01 -5.17282889e-01 -6.41463106e-01
  -5.98672565e-01 -5.97929196e-01 -6.26492274e-01 -5.68633399e-01
  -6.53569495e-01  0.00000000e+00]
 [-1.76734494e-12 -1.45799022e-12 -2.08678731e-12 -2.08678731e-12
  -1.77878712e-12 -1.91960804e-12 -1.70299886e-12 -1.70695779e-12
  -1.76734494e-12 -2.53152510e-12]
 [-2.28980078e-13 -2.28980078e-13 -2.96524551e-13 -2.99562728e-13
  -2.31322864e-13 -2.26710394e-13 -2.28980078e-13 -2.28980078e-13
  -2.72002907e-13 -2.28980078e-13]
 [ 4.62010753e-11  4.62010753e-11  5.47452804e-11  4.62010753e-11
   3.94290600e-11  4.62010753e-11  5.05459385e-11  5.22893435e-11
   4.62010753e-11  4.71069867e-11]
 [-1.30750534e-10 -1.80991365e-10 -1.34763174e-10 -2.69663554e-10
  -1.80991365e-10 -2.59374976e-10 -1.30750534e-10 -2.10388150e-10
  -1.30750534e-10 -1.80991365e-10]
 [-1.83669770e-15 -1.83669770e-15 -2.71716631e-15 -2.71716631e-15
  -2.59835189e-15 -1.47106155e-15 -1.83669770e-15 -1.16398653e-15
  -2.51641806e-15 -1.83669770e-15]
 [ 8.19617556e-16  9.13757823e-16  8.42629940e-16  8.19617556e-16
   9.39349682e-16  9.13757823e-16  8.73371704e-16  8.34754390e-16
   9.13757823e-16  9.13757823e-16]
 [ 2.29423303e-05  2.29423303e-05  1.80386099e-05  2.73916806e-05
   3.43406874e-05  1.83839004e-05  2.29423303e-05  2.29423303e-05
   2.29423303e-05  3.14682824e-05]
 [-2.04721003e-06 -2.01955966e-06 -2.01955966e-06 -1.77209003e-06
  -1.77265950e-06 -2.01955966e-06 -2.04721003e-06 -1.84126283e-06
  -1.30150493e-06 -2.01955966e-06]
 [-1.59792834e-08 -1.44001662e-08 -1.31450989e-08 -1.31450989e-08
  -1.82532952e-08 -2.12693460e-08 -1.75772562e-08 -8.70138742e-09
  -2.45251138e-08 -1.44001662e-08]
 [ 9.98214034e-10  9.52001877e-10  9.27270839e-10  9.52001877e-10
   9.61020826e-10  9.52001877e-10  9.98214034e-10  9.52001877e-10
   9.11227342e-10  1.02790280e-09]]
Train validation errors
[[13510723306.466742, 368296592886.55035], [29243437761.64103, 301622692304.11163], [2037136119753.9343, 2089571994440.56], [9674084251774.951, 24801696780569.49], [5941951488843.946, 16271642542491.912], [13711220632559.906, 23417129070129.895], [498261633643.26434, 512088278477.1835], [19614002559261.332, 41759616002804.984], [2235658890450.3984, 3260538348901.792], [10058956574099.646, 23495214482501.867]]
Selected parents:
[[ 0.00000000e+00 -1.76734494e-12 -2.28980078e-13  4.62010753e-11
  -1.30750534e-10 -1.83669770e-15  8.19617556e-16  2.29423303e-05
  -2.04721003e-06 -1.59792834e-08  9.98214034e-10]
 [-5.68633399e-01 -1.45799022e-12 -2.28980078e-13  4.62010753e-11
  -1.80991365e-10 -1.83669770e-15  9.13757823e-16  2.29423303e-05
  -2.01955966e-06 -1.44001662e-08  9.52001877e-10]
 [-5.17282889e-01 -2.08678731e-12 -2.96524551e-13  5.47452804e-11
  -1.34763174e-10 -2.71716631e-15  8.42629940e-16  1.80386099e-05
  -2.01955966e-06 -1.31450989e-08  9.27270839e-10]
 [-5.98672565e-01 -1.77878712e-12 -2.31322864e-13  3.94290600e-11
  -1.80991365e-10 -2.59835189e-15  9.39349682e-16  3.43406874e-05
  -1.77265950e-06 -1.82532952e-08  9.61020826e-10]
 [-6.26492274e-01 -1.70299886e-12 -2.28980078e-13  5.05459385e-11
  -1.30750534e-10 -1.83669770e-15  8.73371704e-16  2.29423303e-05
  -2.04721003e-06 -1.75772562e-08  9.98214034e-10]
 [-6.53569495e-01 -1.76734494e-12 -2.72002907e-13  4.62010753e-11
  -1.30750534e-10 -2.51641806e-15  9.13757823e-16  2.29423303e-05
  -1.30150493e-06 -2.45251138e-08  9.11227342e-10]]Population:
[[ 0.00000000e+00 -5.68633399e-01 -6.54828597e-01 -5.64801977e-01
  -6.53569495e-01  0.00000000e+00 -4.83275815e-02 -5.67081595e-01
   0.00000000e+00  0.00000000e+00]
 [-1.76734494e-12 -1.45799022e-12 -1.28788796e-12 -1.76734494e-12
  -1.66059899e-12 -1.25765158e-12 -2.08159986e-12 -1.17566255e-12
  -1.25549851e-12 -2.23571812e-12]
 [-2.28980078e-13 -2.28980078e-13 -2.36310145e-13 -2.80295791e-13
  -1.59852616e-13 -2.72002907e-13 -2.58102936e-13 -1.64852851e-13
  -1.92269041e-13 -3.01946130e-13]
 [ 4.62010753e-11  4.62010753e-11  5.24764336e-11  4.62010753e-11
   4.62010753e-11  4.62010753e-11  4.15488196e-11  4.62010753e-11
   4.62010753e-11  4.62010753e-11]
 [-1.30750534e-10 -1.80991365e-10 -4.87498687e-11 -1.30750534e-10
  -1.30750534e-10 -1.61898709e-10 -9.59770682e-11 -1.80991365e-10
  -1.30750534e-10 -1.30750534e-10]
 [-1.83669770e-15 -1.83669770e-15 -2.51641806e-15 -1.26294914e-15
  -2.31776093e-15 -1.83669770e-15 -1.83669770e-15 -1.83669770e-15
  -1.83669770e-15 -2.51641806e-15]
 [ 8.19617556e-16  9.13757823e-16  9.13757823e-16  7.35139119e-16
   8.56008543e-16  8.19617556e-16  8.91222097e-16  9.99248790e-16
   8.47695207e-16  8.19617556e-16]
 [ 2.29423303e-05  2.29423303e-05  3.16063704e-05  2.71335066e-05
   2.81780641e-05  2.29423303e-05  1.77127561e-05  2.29423303e-05
   2.58223630e-05  1.51704642e-05]
 [-2.04721003e-06 -2.01955966e-06 -6.98956280e-07 -1.72634063e-06
  -1.30150493e-06 -1.30150493e-06 -2.01955966e-06 -2.32948689e-06
  -1.65811549e-06 -1.30150493e-06]
 [-1.59792834e-08 -1.44001662e-08 -2.45251138e-08 -1.89022119e-08
  -1.46421813e-08 -2.45859249e-08 -1.59792834e-08 -1.28502800e-08
  -1.59792834e-08 -2.36729825e-08]
 [ 9.98214034e-10  9.52001877e-10  9.11227342e-10  9.98048514e-10
   9.38244303e-10  9.74656823e-10  1.03459070e-09  9.95117838e-10
   9.98214034e-10  9.92081987e-10]]
Train validation errors
[[13510723306.466742, 368296592886.55035], [29243437761.64103, 301622692304.11163], [64048166448318.266, 136030845708240.92], [7491363461876.826, 16890945968303.213], [45925638852779.28, 100580628609487.0], [7813626064203.742, 15442525464733.5], [103241148845.11488, 513690829650.7811], [1786834589377.1597, 2116823223826.362], [16523784334973.584, 37179222793434.266], [4525180073226.341, 6786392211077.883]]
Selected parents:
[[ 0.00000000e+00 -1.76734494e-12 -2.28980078e-13  4.62010753e-11
  -1.30750534e-10 -1.83669770e-15  8.19617556e-16  2.29423303e-05
  -2.04721003e-06 -1.59792834e-08  9.98214034e-10]
 [-5.68633399e-01 -1.45799022e-12 -2.28980078e-13  4.62010753e-11
  -1.80991365e-10 -1.83669770e-15  9.13757823e-16  2.29423303e-05
  -2.01955966e-06 -1.44001662e-08  9.52001877e-10]
 [-5.64801977e-01 -1.76734494e-12 -2.80295791e-13  4.62010753e-11
  -1.30750534e-10 -1.26294914e-15  7.35139119e-16  2.71335066e-05
  -1.72634063e-06 -1.89022119e-08  9.98048514e-10]
 [-4.83275815e-02 -2.08159986e-12 -2.58102936e-13  4.15488196e-11
  -9.59770682e-11 -1.83669770e-15  8.91222097e-16  1.77127561e-05
  -2.01955966e-06 -1.59792834e-08  1.03459070e-09]
 [-5.67081595e-01 -1.17566255e-12 -1.64852851e-13  4.62010753e-11
  -1.80991365e-10 -1.83669770e-15  9.99248790e-16  2.29423303e-05
  -2.32948689e-06 -1.28502800e-08  9.95117838e-10]
 [ 0.00000000e+00 -2.23571812e-12 -3.01946130e-13  4.62010753e-11
  -1.30750534e-10 -2.51641806e-15  8.19617556e-16  1.51704642e-05
  -1.30150493e-06 -2.36729825e-08  9.92081987e-10]]Population:
[[ 0.00000000e+00 -5.68633399e-01 -5.59138998e-01 -5.66188229e-01
   0.00000000e+00 -6.50120385e-01 -6.30196567e-01 -4.97208828e-01
  -5.81435412e-01 -5.19689975e-01]
 [-1.76734494e-12 -1.45799022e-12 -1.23828731e-12 -1.76734494e-12
  -1.76734494e-12 -1.76734494e-12 -1.57974219e-12 -1.43261918e-12
  -9.72763968e-13 -2.09365913e-12]
 [-2.28980078e-13 -2.28980078e-13 -2.77065621e-13 -2.62658745e-13
  -2.80737111e-13 -2.75503444e-13 -7.64626892e-14 -2.58102936e-13
  -1.64852851e-13 -3.01946130e-13]
 [ 4.62010753e-11  4.62010753e-11  4.41292445e-11  4.48606960e-11
   4.62010753e-11  4.62010753e-11  4.62010753e-11  4.57405186e-11
   4.69356727e-11  4.14895270e-11]
 [-1.30750534e-10 -1.80991365e-10 -2.46039692e-10 -9.76724892e-11
  -1.76899608e-10 -1.80991365e-10 -9.59770682e-11 -1.80991365e-10
  -1.86894068e-10 -1.95398976e-10]
 [-1.83669770e-15 -1.83669770e-15 -1.83291803e-15 -1.83669770e-15
  -1.68218365e-15 -1.83669770e-15 -1.83669770e-15 -1.83669770e-15
  -2.25190414e-15 -1.83669770e-15]
 [ 8.19617556e-16  9.13757823e-16  9.23050021e-16  9.13757823e-16
   8.19617556e-16  8.41144614e-16  8.91222097e-16  8.91222097e-16
   9.99248790e-16  8.13690510e-16]
 [ 2.29423303e-05  2.29423303e-05  3.43895654e-05  2.71335066e-05
   1.66564292e-05  1.72243514e-05  3.02357415e-05  1.77127561e-05
   3.09737392e-05  2.29423303e-05]
 [-2.04721003e-06 -2.01955966e-06 -1.72634063e-06 -1.43971417e-06
  -1.90115272e-06 -1.23833863e-06 -2.32948689e-06 -2.01955966e-06
  -1.54929363e-06 -1.30150493e-06]
 [-1.59792834e-08 -1.44001662e-08 -1.44001662e-08 -1.44001662e-08
  -1.59792834e-08 -1.44001662e-08 -1.28502800e-08 -1.59792834e-08
  -1.35630123e-08 -1.14388691e-08]
 [ 9.98214034e-10  9.52001877e-10  9.98048514e-10  9.92942778e-10
   9.98214034e-10  9.75653467e-10  1.03459070e-09  9.95117838e-10
   9.95117838e-10  9.95117838e-10]]
Train validation errors
[[13510723306.466742, 368296592886.55035], [29243437761.64103, 301622692304.11163], [32617085514317.48, 71332626749703.34], [46964895014113.23, 100137041977463.98], [239246182536.34326, 737037124418.0813], [42642478931170.71, 89072367941811.89], [1391599233856.2915, 3197793425075.6123], [671883927008.7415, 777016268592.3059], [45599824173205.734, 99704239702168.27], [75086110374343.2, 156600276253618.34]]
Selected parents:
[[ 0.00000000e+00 -1.76734494e-12 -2.28980078e-13  4.62010753e-11
  -1.30750534e-10 -1.83669770e-15  8.19617556e-16  2.29423303e-05
  -2.04721003e-06 -1.59792834e-08  9.98214034e-10]
 [-5.68633399e-01 -1.45799022e-12 -2.28980078e-13  4.62010753e-11
  -1.80991365e-10 -1.83669770e-15  9.13757823e-16  2.29423303e-05
  -2.01955966e-06 -1.44001662e-08  9.52001877e-10]
 [-5.59138998e-01 -1.23828731e-12 -2.77065621e-13  4.41292445e-11
  -2.46039692e-10 -1.83291803e-15  9.23050021e-16  3.43895654e-05
  -1.72634063e-06 -1.44001662e-08  9.98048514e-10]
 [ 0.00000000e+00 -1.76734494e-12 -2.80737111e-13  4.62010753e-11
  -1.76899608e-10 -1.68218365e-15  8.19617556e-16  1.66564292e-05
  -1.90115272e-06 -1.59792834e-08  9.98214034e-10]
 [-6.30196567e-01 -1.57974219e-12 -7.64626892e-14  4.62010753e-11
  -9.59770682e-11 -1.83669770e-15  8.91222097e-16  3.02357415e-05
  -2.32948689e-06 -1.28502800e-08  1.03459070e-09]
 [-4.97208828e-01 -1.43261918e-12 -2.58102936e-13  4.57405186e-11
  -1.80991365e-10 -1.83669770e-15  8.91222097e-16  1.77127561e-05
  -2.01955966e-06 -1.59792834e-08  9.95117838e-10]]Population:
[[ 0.00000000e+00 -5.68633399e-01 -5.68633399e-01 -4.79941537e-01
  -6.30196567e-01 -5.59138998e-01 -5.90909539e-01  0.00000000e+00
  -6.73285520e-01 -5.59688743e-01]
 [-1.76734494e-12 -1.45799022e-12 -8.48323117e-13 -1.67239796e-12
  -1.57974219e-12 -6.15237503e-13 -1.06829911e-12 -1.76734494e-12
  -1.23828731e-12 -1.23828731e-12]
 [-2.28980078e-13 -2.28980078e-13 -2.73181354e-13 -2.28980078e-13
  -7.64626892e-14 -2.77065621e-13 -2.35275609e-13 -2.28980078e-13
  -7.64626892e-14 -7.15076194e-14]
 [ 4.62010753e-11  4.62010753e-11  4.57405186e-11  5.23878152e-11
   4.56283978e-11  4.72158173e-11  4.62010753e-11  4.62010753e-11
   4.41292445e-11  4.62010753e-11]
 [-1.30750534e-10 -1.80991365e-10 -1.80991365e-10 -2.25667451e-10
  -9.59770682e-11 -9.66920648e-11 -1.30750534e-10 -1.30750534e-10
  -2.46039692e-10 -1.04760610e-10]
 [-1.83669770e-15 -1.83669770e-15 -1.83669770e-15 -2.18473043e-15
  -1.83669770e-15 -1.09111346e-15 -1.91441063e-15 -1.83669770e-15
  -1.25354503e-15 -1.83669770e-15]
 [ 8.19617556e-16  9.13757823e-16  9.13757823e-16  8.62310094e-16
   8.65862093e-16  9.23050021e-16  8.68392172e-16  7.64588443e-16
   9.23050021e-16  8.13732004e-16]
 [ 2.29423303e-05  2.29423303e-05  2.29423303e-05  2.29423303e-05
   3.02357415e-05  3.07801231e-05  2.29423303e-05  2.29423303e-05
   3.43895654e-05  3.56481957e-05]
 [-2.04721003e-06 -2.01955966e-06 -2.01955966e-06 -2.53572761e-06
  -3.08029383e-06 -1.63564095e-06 -2.11344670e-06 -1.57542376e-06
  -2.32948689e-06 -2.77810213e-06]
 [-1.59792834e-08 -1.44001662e-08 -8.08481259e-09 -1.22824452e-08
  -1.09177834e-08 -6.36029604e-09 -1.65898181e-08 -1.89244712e-08
  -1.44001662e-08 -7.52208241e-09]
 [ 9.98214034e-10  9.52001877e-10  1.01302051e-09  1.03080799e-09
   1.03459070e-09  9.98048514e-10  9.41775583e-10  9.98214034e-10
   1.03459070e-09  1.29301355e-09]]
Train validation errors
[[13510723306.466742, 368296592886.55035], [29243437761.64103, 301622692304.11163], [16236609760914.2, 36142975192145.33], [5704767283116.041, 7967447549847.766], [27512724019329.664, 43974721784629.51], [95437967747806.22, 193965425679202.56], [4430305549204.55, 6393093889202.803], [9365729225261.238, 21132096004026.01], [2463705615931.3257, 5007494175481.225], [34501449901602.85, 69318708072891.69]]
Selected parents:
[[ 0.00000000e+00 -1.76734494e-12 -2.28980078e-13  4.62010753e-11
  -1.30750534e-10 -1.83669770e-15  8.19617556e-16  2.29423303e-05
  -2.04721003e-06 -1.59792834e-08  9.98214034e-10]
 [-5.68633399e-01 -1.45799022e-12 -2.28980078e-13  4.62010753e-11
  -1.80991365e-10 -1.83669770e-15  9.13757823e-16  2.29423303e-05
  -2.01955966e-06 -1.44001662e-08  9.52001877e-10]
 [-4.79941537e-01 -1.67239796e-12 -2.28980078e-13  5.23878152e-11
  -2.25667451e-10 -2.18473043e-15  8.62310094e-16  2.29423303e-05
  -2.53572761e-06 -1.22824452e-08  1.03080799e-09]
 [-5.90909539e-01 -1.06829911e-12 -2.35275609e-13  4.62010753e-11
  -1.30750534e-10 -1.91441063e-15  8.68392172e-16  2.29423303e-05
  -2.11344670e-06 -1.65898181e-08  9.41775583e-10]
 [ 0.00000000e+00 -1.76734494e-12 -2.28980078e-13  4.62010753e-11
  -1.30750534e-10 -1.83669770e-15  7.64588443e-16  2.29423303e-05
  -1.57542376e-06 -1.89244712e-08  9.98214034e-10]
 [-6.73285520e-01 -1.23828731e-12 -7.64626892e-14  4.41292445e-11
  -2.46039692e-10 -1.25354503e-15  9.23050021e-16  3.43895654e-05
  -2.32948689e-06 -1.44001662e-08  1.03459070e-09]]Population:
[[ 0.00000000e+00 -5.68633399e-01 -5.15499917e-01 -7.38862181e-01
  -6.39474132e-01 -4.79941537e-01 -6.73285520e-01 -5.83416898e-01
  -5.26590222e-01 -5.90909539e-01]
 [-1.76734494e-12 -1.45799022e-12 -1.01268738e-12 -2.54196488e-12
  -2.03268801e-12 -1.45799022e-12 -1.23828731e-12 -1.23828731e-12
  -1.06829911e-12 -1.76734494e-12]
 [-2.28980078e-13 -2.28980078e-13 -3.00154762e-13 -2.99342053e-13
  -2.28980078e-13 -3.13602312e-13 -7.64626892e-14 -7.64626892e-14
  -1.61667618e-13 -2.28980078e-13]
 [ 4.62010753e-11  4.62010753e-11  4.62010753e-11  4.62010753e-11
   4.62010753e-11  5.23878152e-11  4.41292445e-11  4.62010753e-11
   4.62010753e-11  3.75290898e-11]
 [-1.30750534e-10 -1.80991365e-10 -1.30750534e-10 -2.61424606e-10
  -2.72498499e-10 -2.25667451e-10 -1.30750534e-10 -1.94013709e-10
  -1.70310514e-10 -5.08193633e-11]
 [-1.83669770e-15 -1.83669770e-15 -2.18473043e-15 -2.18473043e-15
  -2.11232427e-15 -2.18473043e-15 -6.62392380e-16 -1.63571028e-15
  -1.45354779e-15 -1.83669770e-15]
 [ 8.19617556e-16  9.13757823e-16  8.63847117e-16  7.80319582e-16
   8.62310094e-16  9.13757823e-16  8.79666585e-16  8.19617556e-16
   8.68392172e-16  6.77582636e-16]
 [ 2.29423303e-05  2.29423303e-05  1.82512185e-05  2.29423303e-05
   2.29423303e-05  2.88330429e-05  2.29423303e-05  2.98775015e-05
   2.29423303e-05  2.29423303e-05]
 [-2.04721003e-06 -2.01955966e-06 -1.99666888e-06 -2.04721003e-06
  -2.53572761e-06 -2.01955966e-06 -2.23092487e-06 -2.93940411e-06
  -2.80080522e-06 -1.42754479e-06]
 [-1.59792834e-08 -1.44001662e-08 -1.44145904e-08 -2.10651983e-08
  -1.20419738e-08 -1.22824452e-08 -1.89490564e-08 -1.59792834e-08
  -2.47447792e-08 -1.89244712e-08]
 [ 9.98214034e-10  9.52001877e-10  9.21730422e-10  9.37801710e-10
   1.03080799e-09  8.99265485e-10  1.05244541e-09  1.03459070e-09
   9.41775583e-10  9.33508700e-10]]
Train validation errors
[[13510723306.466742, 368296592886.55035], [29243437761.64103, 301622692304.11163], [2393505979537.0684, 2961866242455.234], [13642262963078.934, 21679262793647.254], [5088116507443.193, 6991213745149.346], [777025485186.956, 2310901871957.135], [1490822280373.7585, 2790182721252.8804], [35958010213164.54, 62467030150002.65], [134770289367270.45, 253150768620432.5], [9260457729393.012, 20900966693470.203]]
Selected parents:
[[ 0.00000000e+00 -1.76734494e-12 -2.28980078e-13  4.62010753e-11
  -1.30750534e-10 -1.83669770e-15  8.19617556e-16  2.29423303e-05
  -2.04721003e-06 -1.59792834e-08  9.98214034e-10]
 [-5.68633399e-01 -1.45799022e-12 -2.28980078e-13  4.62010753e-11
  -1.80991365e-10 -1.83669770e-15  9.13757823e-16  2.29423303e-05
  -2.01955966e-06 -1.44001662e-08  9.52001877e-10]
 [-5.15499917e-01 -1.01268738e-12 -3.00154762e-13  4.62010753e-11
  -1.30750534e-10 -2.18473043e-15  8.63847117e-16  1.82512185e-05
  -1.99666888e-06 -1.44145904e-08  9.21730422e-10]
 [-6.39474132e-01 -2.03268801e-12 -2.28980078e-13  4.62010753e-11
  -2.72498499e-10 -2.11232427e-15  8.62310094e-16  2.29423303e-05
  -2.53572761e-06 -1.20419738e-08  1.03080799e-09]
 [-4.79941537e-01 -1.45799022e-12 -3.13602312e-13  5.23878152e-11
  -2.25667451e-10 -2.18473043e-15  9.13757823e-16  2.88330429e-05
  -2.01955966e-06 -1.22824452e-08  8.99265485e-10]
 [-6.73285520e-01 -1.23828731e-12 -7.64626892e-14  4.41292445e-11
  -1.30750534e-10 -6.62392380e-16  8.79666585e-16  2.29423303e-05
  -2.23092487e-06 -1.89490564e-08  1.05244541e-09]]Best offspring gen errors:
[[1.35107233e+10 3.68296593e+11]
 [1.35107233e+10 3.68296593e+11]
 [1.35107233e+10 3.68296593e+11]
 [1.35107233e+10 3.68296593e+11]
 [1.35107233e+10 3.68296593e+11]]