Fitness funtion: -1 * (train_error)
Initialed with the best that we have until now
Starting all over again with new root population
No of generations: 5
Population size: 10
Mutation coefficient: 0.2
Split point: 7
Two offspring per pair

Population:
[[-3.82850667e-01 -1.41047108e-12 -2.06693880e-13  4.62010753e-11
  -1.75214813e-10 -1.83669770e-15  8.52944060e-16  2.29423303e-05
  -2.04721003e-06 -9.94388023e-09  9.44618715e-10]
 [ 8.23318396e-01 -1.45799022e-12 -2.28980078e-13  4.62010753e-11
  -1.75214813e-10 -1.83669770e-15  8.77590064e-16  1.65521565e-05
  -2.04721003e-06 -1.77976168e-08  9.98214034e-10]
 [ 0.00000000e+00 -1.45799022e-12 -1.89377775e-13  4.62010753e-11
  -1.39632846e-10 -2.61133714e-15  8.52944060e-16  2.12894034e-05
  -2.04721003e-06 -1.57996329e-08  9.69547981e-10]
 [ 7.57968557e-01 -1.45799022e-12 -1.83740854e-13  4.62010753e-11
  -1.88047579e-10 -2.47074239e-15  8.52944060e-16  2.29423303e-05
  -2.22415650e-06 -8.19859968e-09  9.98214034e-10]
 [-6.97111639e-01 -2.03174609e-12 -2.28980078e-13  4.62010753e-11
  -1.75214813e-10 -1.83669770e-15  9.36786971e-16  2.29423303e-05
  -2.21977089e-06 -1.59792834e-08  9.52735854e-10]
 [ 0.00000000e+00 -1.27980381e-12 -2.28980078e-13  4.79107086e-11
  -2.19392432e-10 -1.94968615e-15  8.39212334e-16  2.29423303e-05
  -1.88631172e-06 -1.59792834e-08  9.57283888e-10]
 [ 0.00000000e+00 -1.45799022e-12 -3.09852965e-13  4.62010753e-11
  -1.82744181e-10 -2.48124886e-15  8.90269728e-16  2.09933868e-05
  -2.38072982e-06 -1.25502833e-08  9.30371021e-10]
 [ 0.00000000e+00 -1.45799022e-12 -2.72328283e-13  5.48062453e-11
  -2.06461757e-10 -1.83669770e-15  8.57463659e-16  2.29423303e-05
  -2.04721003e-06 -1.54927077e-08  1.04393930e-09]
 [ 0.00000000e+00 -1.45799022e-12 -1.86175988e-13  4.62010753e-11
  -1.27095810e-10 -1.83669770e-15  8.52944060e-16  2.71013326e-05
  -2.78953325e-06 -1.45957550e-08  9.98214034e-10]
 [-8.82646063e-01 -2.21196765e-12 -3.13468242e-13  3.72528255e-11
  -1.75214813e-10 -1.99722168e-15  8.52944060e-16  2.29423303e-05
  -2.04721003e-06 -1.77183268e-08  9.98214034e-10]]
Train validation errors
[[2.41400100e+12 6.48112577e+12]
 [4.00828351e+12 5.96465688e+12]
 [1.62549258e+12 1.59344509e+12]
 [2.51184563e+12 6.81699296e+12]
 [6.40165478e+12 9.84968014e+12]
 [3.18321626e+11 1.54742140e+12]
 [1.37328408e+13 2.11464559e+13]
 [1.43234434e+12 4.41718081e+12]
 [2.93586511e+13 4.99743574e+13]
 [7.30083786e+11 7.29933892e+11]]
Selected parents:
[[-3.82850667e-01  0.00000000e+00  7.57968557e-01  0.00000000e+00
   0.00000000e+00 -8.82646063e-01]
 [-1.41047108e-12 -1.45799022e-12 -1.45799022e-12 -1.27980381e-12
  -1.45799022e-12 -2.21196765e-12]
 [-2.06693880e-13 -1.89377775e-13 -1.83740854e-13 -2.28980078e-13
  -2.72328283e-13 -3.13468242e-13]
 [ 4.62010753e-11  4.62010753e-11  4.62010753e-11  4.79107086e-11
   5.48062453e-11  3.72528255e-11]
 [-1.75214813e-10 -1.39632846e-10 -1.88047579e-10 -2.19392432e-10
  -2.06461757e-10 -1.75214813e-10]
 [-1.83669770e-15 -2.61133714e-15 -2.47074239e-15 -1.94968615e-15
  -1.83669770e-15 -1.99722168e-15]
 [ 8.52944060e-16  8.52944060e-16  8.52944060e-16  8.39212334e-16
   8.57463659e-16  8.52944060e-16]
 [ 2.29423303e-05  2.12894034e-05  2.29423303e-05  2.29423303e-05
   2.29423303e-05  2.29423303e-05]
 [-2.04721003e-06 -2.04721003e-06 -2.22415650e-06 -1.88631172e-06
  -2.04721003e-06 -2.04721003e-06]
 [-9.94388023e-09 -1.57996329e-08 -8.19859968e-09 -1.59792834e-08
  -1.54927077e-08 -1.77183268e-08]
 [ 9.44618715e-10  9.69547981e-10  9.98214034e-10  9.57283888e-10
   1.04393930e-09  9.98214034e-10]]
After cross over and mutation:
[[ 0.00000000e+00 -1.27980381e-12 -2.28980078e-13  4.79107086e-11
  -2.19392432e-10 -1.94968615e-15  8.39212334e-16  2.29423303e-05
  -1.88631172e-06 -1.59792834e-08  9.57283888e-10]
 [-8.82646063e-01 -2.21196765e-12 -3.13468242e-13  3.72528255e-11
  -1.75214813e-10 -1.99722168e-15  8.52944060e-16  2.29423303e-05
  -2.04721003e-06 -1.77183268e-08  9.98214034e-10]
 [-8.82646063e-01 -1.40551374e-12 -2.72328283e-13  4.30878207e-11
  -2.28864960e-10 -1.20809573e-15  8.57463659e-16  2.29423303e-05
  -2.04721003e-06 -1.77183268e-08  9.98214034e-10]
 [-8.82646063e-01 -1.94792892e-12 -2.88344059e-13  5.48062453e-11
  -2.06461757e-10 -1.83669770e-15  8.57463659e-16  2.39960779e-05
  -2.04721003e-06 -2.00113782e-08  1.01548365e-09]
 [-3.82850667e-01 -1.20467825e-12 -2.73211835e-13  5.20246629e-11
  -2.78156302e-10 -1.83669770e-15  9.46338868e-16  2.91522523e-05
  -1.84405391e-06 -9.94388023e-09  9.44618715e-10]
 [-7.18588585e-01 -9.81304849e-13 -2.72328283e-13  5.31072746e-11
  -2.63998032e-10 -1.21814214e-15  8.57463659e-16  2.29423303e-05
  -2.70762687e-06 -9.70937255e-09  9.44618715e-10]
 [ 7.36207142e-01 -1.27980381e-12 -1.83740854e-13  4.62010753e-11
  -1.35496620e-10 -1.94968615e-15  8.52944060e-16  2.63838155e-05
  -1.88631172e-06 -1.59792834e-08  9.27051712e-10]
 [ 7.57968557e-01 -1.27980381e-12 -2.28980078e-13  4.30361039e-11
  -1.88047579e-10 -1.94968615e-15  8.85868432e-16  2.29423303e-05
  -2.22922353e-06 -7.98767811e-09  9.98214034e-10]
 [-8.82646063e-01 -2.21196765e-12 -3.80416627e-13  3.72528255e-11
  -1.40257615e-10 -1.99722168e-15  8.11056832e-16  2.84437563e-05
  -2.88723034e-06 -2.01140790e-08  1.36949376e-09]
 [ 0.00000000e+00 -2.21196765e-12 -3.13468242e-13  5.71584904e-11
  -1.18283863e-10 -1.83669770e-15  8.67478447e-16  1.44274103e-05
  -2.61051452e-06 -1.77183268e-08  1.04393930e-09]]
Population:
[[ 0.00000000e+00 -1.27980381e-12 -2.28980078e-13  4.79107086e-11
  -2.19392432e-10 -1.94968615e-15  8.39212334e-16  2.29423303e-05
  -1.88631172e-06 -1.59792834e-08  9.57283888e-10]
 [-8.82646063e-01 -2.21196765e-12 -3.13468242e-13  3.72528255e-11
  -1.75214813e-10 -1.99722168e-15  8.52944060e-16  2.29423303e-05
  -2.04721003e-06 -1.77183268e-08  9.98214034e-10]
 [-8.82646063e-01 -1.40551374e-12 -2.72328283e-13  4.30878207e-11
  -2.28864960e-10 -1.20809573e-15  8.57463659e-16  2.29423303e-05
  -2.04721003e-06 -1.77183268e-08  9.98214034e-10]
 [-8.82646063e-01 -1.94792892e-12 -2.88344059e-13  5.48062453e-11
  -2.06461757e-10 -1.83669770e-15  8.57463659e-16  2.39960779e-05
  -2.04721003e-06 -2.00113782e-08  1.01548365e-09]
 [-3.82850667e-01 -1.20467825e-12 -2.73211835e-13  5.20246629e-11
  -2.78156302e-10 -1.83669770e-15  9.46338868e-16  2.91522523e-05
  -1.84405391e-06 -9.94388023e-09  9.44618715e-10]
 [-7.18588585e-01 -9.81304849e-13 -2.72328283e-13  5.31072746e-11
  -2.63998032e-10 -1.21814214e-15  8.57463659e-16  2.29423303e-05
  -2.70762687e-06 -9.70937255e-09  9.44618715e-10]
 [ 7.36207142e-01 -1.27980381e-12 -1.83740854e-13  4.62010753e-11
  -1.35496620e-10 -1.94968615e-15  8.52944060e-16  2.63838155e-05
  -1.88631172e-06 -1.59792834e-08  9.27051712e-10]
 [ 7.57968557e-01 -1.27980381e-12 -2.28980078e-13  4.30361039e-11
  -1.88047579e-10 -1.94968615e-15  8.85868432e-16  2.29423303e-05
  -2.22922353e-06 -7.98767811e-09  9.98214034e-10]
 [-8.82646063e-01 -2.21196765e-12 -3.80416627e-13  3.72528255e-11
  -1.40257615e-10 -1.99722168e-15  8.11056832e-16  2.84437563e-05
  -2.88723034e-06 -2.01140790e-08  1.36949376e-09]
 [ 0.00000000e+00 -2.21196765e-12 -3.13468242e-13  5.71584904e-11
  -1.18283863e-10 -1.83669770e-15  8.67478447e-16  1.44274103e-05
  -2.61051452e-06 -1.77183268e-08  1.04393930e-09]]
Train validation errors
[[3.18321626e+11 1.54742140e+12]
 [7.30083786e+11 7.29933892e+11]
 [2.15295851e+11 3.52399237e+11]
 [1.47157891e+12 1.77229135e+12]
 [2.02552751e+13 4.51970012e+13]
 [1.75421853e+13 2.93338441e+13]
 [3.15465869e+11 1.57047796e+12]
 [3.59808204e+12 8.72027872e+12]
 [6.15896018e+11 1.24288220e+12]
 [4.15045074e+13 7.59895211e+13]]
Selected parents:
[[ 0.00000000e+00 -8.82646063e-01 -8.82646063e-01 -8.82646063e-01
   7.36207142e-01 -8.82646063e-01]
 [-1.27980381e-12 -2.21196765e-12 -1.40551374e-12 -1.94792892e-12
  -1.27980381e-12 -2.21196765e-12]
 [-2.28980078e-13 -3.13468242e-13 -2.72328283e-13 -2.88344059e-13
  -1.83740854e-13 -3.80416627e-13]
 [ 4.79107086e-11  3.72528255e-11  4.30878207e-11  5.48062453e-11
   4.62010753e-11  3.72528255e-11]
 [-2.19392432e-10 -1.75214813e-10 -2.28864960e-10 -2.06461757e-10
  -1.35496620e-10 -1.40257615e-10]
 [-1.94968615e-15 -1.99722168e-15 -1.20809573e-15 -1.83669770e-15
  -1.94968615e-15 -1.99722168e-15]
 [ 8.39212334e-16  8.52944060e-16  8.57463659e-16  8.57463659e-16
   8.52944060e-16  8.11056832e-16]
 [ 2.29423303e-05  2.29423303e-05  2.29423303e-05  2.39960779e-05
   2.63838155e-05  2.84437563e-05]
 [-1.88631172e-06 -2.04721003e-06 -2.04721003e-06 -2.04721003e-06
  -1.88631172e-06 -2.88723034e-06]
 [-1.59792834e-08 -1.77183268e-08 -1.77183268e-08 -2.00113782e-08
  -1.59792834e-08 -2.01140790e-08]
 [ 9.57283888e-10  9.98214034e-10  9.98214034e-10  1.01548365e-09
   9.27051712e-10  1.36949376e-09]]
After cross over and mutation:
[[-8.82646063e-01 -1.40551374e-12 -2.72328283e-13  4.30878207e-11
  -2.28864960e-10 -1.20809573e-15  8.57463659e-16  2.29423303e-05
  -2.04721003e-06 -1.77183268e-08  9.98214034e-10]
 [ 7.36207142e-01 -1.27980381e-12 -1.83740854e-13  4.62010753e-11
  -1.35496620e-10 -1.94968615e-15  8.52944060e-16  2.63838155e-05
  -1.88631172e-06 -1.59792834e-08  9.27051712e-10]
 [-8.82646063e-01 -1.40551374e-12 -2.59409770e-13  4.30878207e-11
  -2.28864960e-10 -9.44435161e-16  8.17533357e-16  1.80025204e-05
  -2.04721003e-06 -2.00113782e-08  9.72740575e-10]
 [-8.82646063e-01 -2.06557819e-12 -2.88344059e-13  5.87628961e-11
  -2.06461757e-10 -1.83669770e-15  8.57463659e-16  2.39960779e-05
  -2.04721003e-06 -1.39790036e-08  9.98214034e-10]
 [-8.82646063e-01 -1.40551374e-12 -1.99591454e-13  4.79107086e-11
  -2.42362487e-10 -1.20809573e-15  8.22349882e-16  2.29423303e-05
  -1.88631172e-06 -1.25862396e-08  9.98214034e-10]
 [-8.08999723e-01 -1.88441799e-12 -3.09454222e-13  4.79107086e-11
  -2.19392432e-10 -1.94968615e-15  9.10863854e-16  2.29423303e-05
  -1.88631172e-06 -2.17713266e-08  9.98214034e-10]
 [-8.82646063e-01 -2.21196765e-12 -3.40323102e-13  4.11270197e-11
  -1.20565158e-10 -2.10102926e-15  8.52944060e-16  2.29423303e-05
  -2.04721003e-06 -1.77183268e-08  9.98214034e-10]
 [-8.82646063e-01 -2.21196765e-12 -3.80416627e-13  3.72528255e-11
  -1.40257615e-10 -1.99722168e-15  8.78091491e-16  2.49839927e-05
  -1.98920053e-06 -2.01140790e-08  1.36949376e-09]
 [-8.54348723e-01 -1.33832606e-12 -2.72328283e-13  5.38639125e-11
  -1.35496620e-10 -1.82763659e-15  7.96112390e-16  2.93448756e-05
  -1.44757306e-06 -1.59792834e-08  9.13057726e-10]
 [-8.82646063e-01 -1.40551374e-12 -2.77384214e-13  4.30878207e-11
  -1.71143960e-10 -8.34645261e-16  8.52944060e-16  2.29423303e-05
  -1.81416713e-06 -2.31360330e-08  9.98214034e-10]]
Population:
[[-8.82646063e-01 -1.40551374e-12 -2.72328283e-13  4.30878207e-11
  -2.28864960e-10 -1.20809573e-15  8.57463659e-16  2.29423303e-05
  -2.04721003e-06 -1.77183268e-08  9.98214034e-10]
 [ 7.36207142e-01 -1.27980381e-12 -1.83740854e-13  4.62010753e-11
  -1.35496620e-10 -1.94968615e-15  8.52944060e-16  2.63838155e-05
  -1.88631172e-06 -1.59792834e-08  9.27051712e-10]
 [-8.82646063e-01 -1.40551374e-12 -2.59409770e-13  4.30878207e-11
  -2.28864960e-10 -9.44435161e-16  8.17533357e-16  1.80025204e-05
  -2.04721003e-06 -2.00113782e-08  9.72740575e-10]
 [-8.82646063e-01 -2.06557819e-12 -2.88344059e-13  5.87628961e-11
  -2.06461757e-10 -1.83669770e-15  8.57463659e-16  2.39960779e-05
  -2.04721003e-06 -1.39790036e-08  9.98214034e-10]
 [-8.82646063e-01 -1.40551374e-12 -1.99591454e-13  4.79107086e-11
  -2.42362487e-10 -1.20809573e-15  8.22349882e-16  2.29423303e-05
  -1.88631172e-06 -1.25862396e-08  9.98214034e-10]
 [-8.08999723e-01 -1.88441799e-12 -3.09454222e-13  4.79107086e-11
  -2.19392432e-10 -1.94968615e-15  9.10863854e-16  2.29423303e-05
  -1.88631172e-06 -2.17713266e-08  9.98214034e-10]
 [-8.82646063e-01 -2.21196765e-12 -3.40323102e-13  4.11270197e-11
  -1.20565158e-10 -2.10102926e-15  8.52944060e-16  2.29423303e-05
  -2.04721003e-06 -1.77183268e-08  9.98214034e-10]
 [-8.82646063e-01 -2.21196765e-12 -3.80416627e-13  3.72528255e-11
  -1.40257615e-10 -1.99722168e-15  8.78091491e-16  2.49839927e-05
  -1.98920053e-06 -2.01140790e-08  1.36949376e-09]
 [-8.54348723e-01 -1.33832606e-12 -2.72328283e-13  5.38639125e-11
  -1.35496620e-10 -1.82763659e-15  7.96112390e-16  2.93448756e-05
  -1.44757306e-06 -1.59792834e-08  9.13057726e-10]
 [-8.82646063e-01 -1.40551374e-12 -2.77384214e-13  4.30878207e-11
  -1.71143960e-10 -8.34645261e-16  8.52944060e-16  2.29423303e-05
  -1.81416713e-06 -2.31360330e-08  9.98214034e-10]]
Train validation errors
[[2.15295851e+11 3.52399237e+11]
 [3.15465869e+11 1.57047796e+12]
 [7.60985061e+12 1.33991658e+13]
 [1.18476489e+12 3.81442179e+12]
 [1.07791210e+13 2.36978273e+13]
 [1.54484882e+12 1.44559962e+12]
 [8.31786045e+11 8.14179144e+11]
 [4.82745756e+13 9.95282769e+13]
 [2.31780472e+13 5.18352990e+13]
 [6.81443476e+11 4.16002793e+11]]
Selected parents:
[[-8.82646063e-01  7.36207142e-01 -8.82646063e-01 -8.08999723e-01
  -8.82646063e-01 -8.82646063e-01]
 [-1.40551374e-12 -1.27980381e-12 -2.06557819e-12 -1.88441799e-12
  -2.21196765e-12 -1.40551374e-12]
 [-2.72328283e-13 -1.83740854e-13 -2.88344059e-13 -3.09454222e-13
  -3.40323102e-13 -2.77384214e-13]
 [ 4.30878207e-11  4.62010753e-11  5.87628961e-11  4.79107086e-11
   4.11270197e-11  4.30878207e-11]
 [-2.28864960e-10 -1.35496620e-10 -2.06461757e-10 -2.19392432e-10
  -1.20565158e-10 -1.71143960e-10]
 [-1.20809573e-15 -1.94968615e-15 -1.83669770e-15 -1.94968615e-15
  -2.10102926e-15 -8.34645261e-16]
 [ 8.57463659e-16  8.52944060e-16  8.57463659e-16  9.10863854e-16
   8.52944060e-16  8.52944060e-16]
 [ 2.29423303e-05  2.63838155e-05  2.39960779e-05  2.29423303e-05
   2.29423303e-05  2.29423303e-05]
 [-2.04721003e-06 -1.88631172e-06 -2.04721003e-06 -1.88631172e-06
  -2.04721003e-06 -1.81416713e-06]
 [-1.77183268e-08 -1.59792834e-08 -1.39790036e-08 -2.17713266e-08
  -1.77183268e-08 -2.31360330e-08]
 [ 9.98214034e-10  9.27051712e-10  9.98214034e-10  9.98214034e-10
   9.98214034e-10  9.98214034e-10]]
After cross over and mutation:
[[-8.82646063e-01 -1.40551374e-12 -2.72328283e-13  4.30878207e-11
  -2.28864960e-10 -1.20809573e-15  8.57463659e-16  2.29423303e-05
  -2.04721003e-06 -1.77183268e-08  9.98214034e-10]
 [ 7.36207142e-01 -1.27980381e-12 -1.83740854e-13  4.62010753e-11
  -1.35496620e-10 -1.94968615e-15  8.52944060e-16  2.63838155e-05
  -1.88631172e-06 -1.59792834e-08  9.27051712e-10]
 [-8.80088785e-01 -2.22061942e-12 -3.03528324e-13  5.87628961e-11
  -1.62312347e-10 -1.83669770e-15  8.57463659e-16  2.29423303e-05
  -2.04721003e-06 -1.89410189e-08  9.98214034e-10]
 [-8.82646063e-01 -2.21196765e-12 -2.88344059e-13  5.87628961e-11
  -1.20565158e-10 -1.86060132e-15  8.87078986e-16  2.39063190e-05
  -2.04721003e-06 -1.77183268e-08  9.56504525e-10]
 [-8.64369774e-01 -2.21196765e-12 -2.88344059e-13  4.11270197e-11
  -2.74797954e-10 -2.01087604e-15  8.57463659e-16  1.78069090e-05
  -1.85180426e-06 -1.39790036e-08  9.98214034e-10]
 [-8.82646063e-01 -1.24962215e-12 -3.40323102e-13  5.91298772e-11
  -1.20565158e-10 -2.18043659e-15  8.75769967e-16  2.29423303e-05
  -1.25438677e-06 -1.77183268e-08  9.87656055e-10]
 [-8.82646063e-01 -2.06557819e-12 -2.43106971e-13  5.87628961e-11
  -2.06461757e-10 -4.02703386e-16  8.30571410e-16  2.39798135e-05
  -1.69880058e-06 -1.77183268e-08  9.98214034e-10]
 [-9.04447516e-01 -1.40551374e-12 -2.72328283e-13  4.76760959e-11
  -2.00341730e-10 -1.20809573e-15  8.57463659e-16  2.29423303e-05
  -1.42730661e-06 -1.58089214e-08  9.98214034e-10]
 [ 7.36207142e-01 -1.27980381e-12 -2.79154526e-13  4.79107086e-11
  -2.19392432e-10 -1.94968615e-15  8.52944060e-16  2.63838155e-05
  -1.88631172e-06 -1.59792834e-08  9.27051712e-10]
 [-8.08999723e-01 -1.27980381e-12 -1.83740854e-13  4.62010753e-11
  -3.08509294e-10 -1.94968615e-15  9.10863854e-16  2.80153743e-05
  -2.30324767e-06 -1.59792834e-08  9.98214034e-10]]
Population:
[[-8.82646063e-01 -1.40551374e-12 -2.72328283e-13  4.30878207e-11
  -2.28864960e-10 -1.20809573e-15  8.57463659e-16  2.29423303e-05
  -2.04721003e-06 -1.77183268e-08  9.98214034e-10]
 [ 7.36207142e-01 -1.27980381e-12 -1.83740854e-13  4.62010753e-11
  -1.35496620e-10 -1.94968615e-15  8.52944060e-16  2.63838155e-05
  -1.88631172e-06 -1.59792834e-08  9.27051712e-10]
 [-8.80088785e-01 -2.22061942e-12 -3.03528324e-13  5.87628961e-11
  -1.62312347e-10 -1.83669770e-15  8.57463659e-16  2.29423303e-05
  -2.04721003e-06 -1.89410189e-08  9.98214034e-10]
 [-8.82646063e-01 -2.21196765e-12 -2.88344059e-13  5.87628961e-11
  -1.20565158e-10 -1.86060132e-15  8.87078986e-16  2.39063190e-05
  -2.04721003e-06 -1.77183268e-08  9.56504525e-10]
 [-8.64369774e-01 -2.21196765e-12 -2.88344059e-13  4.11270197e-11
  -2.74797954e-10 -2.01087604e-15  8.57463659e-16  1.78069090e-05
  -1.85180426e-06 -1.39790036e-08  9.98214034e-10]
 [-8.82646063e-01 -1.24962215e-12 -3.40323102e-13  5.91298772e-11
  -1.20565158e-10 -2.18043659e-15  8.75769967e-16  2.29423303e-05
  -1.25438677e-06 -1.77183268e-08  9.87656055e-10]
 [-8.82646063e-01 -2.06557819e-12 -2.43106971e-13  5.87628961e-11
  -2.06461757e-10 -4.02703386e-16  8.30571410e-16  2.39798135e-05
  -1.69880058e-06 -1.77183268e-08  9.98214034e-10]
 [-9.04447516e-01 -1.40551374e-12 -2.72328283e-13  4.76760959e-11
  -2.00341730e-10 -1.20809573e-15  8.57463659e-16  2.29423303e-05
  -1.42730661e-06 -1.58089214e-08  9.98214034e-10]
 [ 7.36207142e-01 -1.27980381e-12 -2.79154526e-13  4.79107086e-11
  -2.19392432e-10 -1.94968615e-15  8.52944060e-16  2.63838155e-05
  -1.88631172e-06 -1.59792834e-08  9.27051712e-10]
 [-8.08999723e-01 -1.27980381e-12 -1.83740854e-13  4.62010753e-11
  -3.08509294e-10 -1.94968615e-15  9.10863854e-16  2.80153743e-05
  -2.30324767e-06 -1.59792834e-08  9.98214034e-10]]
Train validation errors
[[2.15295851e+11 3.52399237e+11]
 [3.15465869e+11 1.57047796e+12]
 [1.69097294e+12 2.12822884e+12]
 [2.18431451e+12 2.80728819e+12]
 [2.65377377e+12 7.24417395e+12]
 [3.68652388e+13 7.90772258e+13]
 [1.15924714e+13 2.33151220e+13]
 [3.66258399e+13 7.56209332e+13]
 [3.15465869e+11 1.57047796e+12]
 [2.25916825e+12 2.60357914e+12]]
Selected parents:
[[-8.82646063e-01  7.36207142e-01 -8.80088785e-01 -8.82646063e-01
   7.36207142e-01 -8.08999723e-01]
 [-1.40551374e-12 -1.27980381e-12 -2.22061942e-12 -2.21196765e-12
  -1.27980381e-12 -1.27980381e-12]
 [-2.72328283e-13 -1.83740854e-13 -3.03528324e-13 -2.88344059e-13
  -2.79154526e-13 -1.83740854e-13]
 [ 4.30878207e-11  4.62010753e-11  5.87628961e-11  5.87628961e-11
   4.79107086e-11  4.62010753e-11]
 [-2.28864960e-10 -1.35496620e-10 -1.62312347e-10 -1.20565158e-10
  -2.19392432e-10 -3.08509294e-10]
 [-1.20809573e-15 -1.94968615e-15 -1.83669770e-15 -1.86060132e-15
  -1.94968615e-15 -1.94968615e-15]
 [ 8.57463659e-16  8.52944060e-16  8.57463659e-16  8.87078986e-16
   8.52944060e-16  9.10863854e-16]
 [ 2.29423303e-05  2.63838155e-05  2.29423303e-05  2.39063190e-05
   2.63838155e-05  2.80153743e-05]
 [-2.04721003e-06 -1.88631172e-06 -2.04721003e-06 -2.04721003e-06
  -1.88631172e-06 -2.30324767e-06]
 [-1.77183268e-08 -1.59792834e-08 -1.89410189e-08 -1.77183268e-08
  -1.59792834e-08 -1.59792834e-08]
 [ 9.98214034e-10  9.27051712e-10  9.98214034e-10  9.56504525e-10
   9.27051712e-10  9.98214034e-10]]
After cross over and mutation:
[[-8.82646063e-01 -1.40551374e-12 -2.72328283e-13  4.30878207e-11
  -2.28864960e-10 -1.20809573e-15  8.57463659e-16  2.29423303e-05
  -2.04721003e-06 -1.77183268e-08  9.98214034e-10]
 [ 7.36207142e-01 -1.27980381e-12 -2.79154526e-13  4.79107086e-11
  -2.19392432e-10 -1.94968615e-15  8.52944060e-16  2.63838155e-05
  -1.88631172e-06 -1.59792834e-08  9.27051712e-10]
 [-8.02420788e-01 -2.21430118e-12 -3.19118882e-13  5.87628961e-11
  -1.20565158e-10 -3.97234318e-16  8.57463659e-16  1.65810515e-05
  -2.04721003e-06 -1.46729723e-08  9.98214034e-10]
 [-8.83261626e-01 -2.21196765e-12 -3.08419798e-13  4.14359403e-11
  -2.58282184e-10 -1.86060132e-15  8.87078986e-16  1.80781366e-05
  -1.64213396e-06 -1.77183268e-08  8.88490049e-10]
 [-8.82646063e-01 -1.40551374e-12 -2.85604168e-13  4.56569311e-11
  -2.28864960e-10 -6.44265582e-16  8.57463659e-16  2.29423303e-05
  -2.04721003e-06 -1.33904304e-08  9.98214034e-10]
 [-8.82646063e-01 -3.04240243e-12 -2.78631790e-13  6.04360560e-11
  -2.28864960e-10 -1.86060132e-15  8.87078986e-16  2.39063190e-05
  -2.04721003e-06 -1.54381848e-08  9.61918560e-10]
 [-8.08999723e-01 -1.27980381e-12 -2.72328283e-13  5.51269561e-11
  -2.28864960e-10 -1.13371531e-15  9.09447456e-16  2.80153743e-05
  -2.75202381e-06 -1.77183268e-08  1.06116444e-09]
 [-8.12502010e-01 -2.06749817e-12 -2.72328283e-13  5.10059489e-11
  -3.08509294e-10 -1.36867154e-15  7.77916213e-16  2.77325125e-05
  -2.52825453e-06 -1.59792834e-08  9.98214034e-10]
 [ 7.86213049e-01 -2.22061942e-12 -3.03528324e-13  4.62010753e-11
  -1.35496620e-10 -1.94968615e-15  9.26314074e-16  2.63838155e-05
  -2.68987128e-06 -2.03693193e-08  9.44470109e-10]
 [ 7.56740003e-01 -2.04283015e-12 -3.03528324e-13  5.87628961e-11
  -1.62312347e-10 -1.94968615e-15  8.17089439e-16  2.39976097e-05
  -2.04721003e-06 -1.89410189e-08  9.93698160e-10]]
Population:
[[-8.82646063e-01 -1.40551374e-12 -2.72328283e-13  4.30878207e-11
  -2.28864960e-10 -1.20809573e-15  8.57463659e-16  2.29423303e-05
  -2.04721003e-06 -1.77183268e-08  9.98214034e-10]
 [ 7.36207142e-01 -1.27980381e-12 -2.79154526e-13  4.79107086e-11
  -2.19392432e-10 -1.94968615e-15  8.52944060e-16  2.63838155e-05
  -1.88631172e-06 -1.59792834e-08  9.27051712e-10]
 [-8.02420788e-01 -2.21430118e-12 -3.19118882e-13  5.87628961e-11
  -1.20565158e-10 -3.97234318e-16  8.57463659e-16  1.65810515e-05
  -2.04721003e-06 -1.46729723e-08  9.98214034e-10]
 [-8.83261626e-01 -2.21196765e-12 -3.08419798e-13  4.14359403e-11
  -2.58282184e-10 -1.86060132e-15  8.87078986e-16  1.80781366e-05
  -1.64213396e-06 -1.77183268e-08  8.88490049e-10]
 [-8.82646063e-01 -1.40551374e-12 -2.85604168e-13  4.56569311e-11
  -2.28864960e-10 -6.44265582e-16  8.57463659e-16  2.29423303e-05
  -2.04721003e-06 -1.33904304e-08  9.98214034e-10]
 [-8.82646063e-01 -3.04240243e-12 -2.78631790e-13  6.04360560e-11
  -2.28864960e-10 -1.86060132e-15  8.87078986e-16  2.39063190e-05
  -2.04721003e-06 -1.54381848e-08  9.61918560e-10]
 [-8.08999723e-01 -1.27980381e-12 -2.72328283e-13  5.51269561e-11
  -2.28864960e-10 -1.13371531e-15  9.09447456e-16  2.80153743e-05
  -2.75202381e-06 -1.77183268e-08  1.06116444e-09]
 [-8.12502010e-01 -2.06749817e-12 -2.72328283e-13  5.10059489e-11
  -3.08509294e-10 -1.36867154e-15  7.77916213e-16  2.77325125e-05
  -2.52825453e-06 -1.59792834e-08  9.98214034e-10]
 [ 7.86213049e-01 -2.22061942e-12 -3.03528324e-13  4.62010753e-11
  -1.35496620e-10 -1.94968615e-15  9.26314074e-16  2.63838155e-05
  -2.68987128e-06 -2.03693193e-08  9.44470109e-10]
 [ 7.56740003e-01 -2.04283015e-12 -3.03528324e-13  5.87628961e-11
  -1.62312347e-10 -1.94968615e-15  8.17089439e-16  2.39976097e-05
  -2.04721003e-06 -1.89410189e-08  9.93698160e-10]]
Train validation errors
[[2.15295851e+11 3.52399237e+11]
 [3.15465869e+11 1.57047796e+12]
 [2.77162528e+11 7.32469967e+11]
 [4.86336678e+11 1.20704376e+11]
 [3.31941635e+12 7.28105130e+12]
 [1.59524424e+11 1.72043916e+11]
 [2.05253804e+13 3.66253109e+13]
 [1.07191494e+13 1.76408084e+13]
 [6.88143422e+13 1.23811148e+14]
 [1.58571167e+12 1.87975042e+12]]
Selected parents:
[[-8.82646063e-01  7.36207142e-01 -8.02420788e-01 -8.83261626e-01
  -8.82646063e-01  7.56740003e-01]
 [-1.40551374e-12 -1.27980381e-12 -2.21430118e-12 -2.21196765e-12
  -3.04240243e-12 -2.04283015e-12]
 [-2.72328283e-13 -2.79154526e-13 -3.19118882e-13 -3.08419798e-13
  -2.78631790e-13 -3.03528324e-13]
 [ 4.30878207e-11  4.79107086e-11  5.87628961e-11  4.14359403e-11
   6.04360560e-11  5.87628961e-11]
 [-2.28864960e-10 -2.19392432e-10 -1.20565158e-10 -2.58282184e-10
  -2.28864960e-10 -1.62312347e-10]
 [-1.20809573e-15 -1.94968615e-15 -3.97234318e-16 -1.86060132e-15
  -1.86060132e-15 -1.94968615e-15]
 [ 8.57463659e-16  8.52944060e-16  8.57463659e-16  8.87078986e-16
   8.87078986e-16  8.17089439e-16]
 [ 2.29423303e-05  2.63838155e-05  1.65810515e-05  1.80781366e-05
   2.39063190e-05  2.39976097e-05]
 [-2.04721003e-06 -1.88631172e-06 -2.04721003e-06 -1.64213396e-06
  -2.04721003e-06 -2.04721003e-06]
 [-1.77183268e-08 -1.59792834e-08 -1.46729723e-08 -1.77183268e-08
  -1.54381848e-08 -1.89410189e-08]
 [ 9.98214034e-10  9.27051712e-10  9.98214034e-10  8.88490049e-10
   9.61918560e-10  9.93698160e-10]]
After cross over and mutation:
[[-8.82646063e-01 -1.40551374e-12 -2.72328283e-13  4.30878207e-11
  -2.28864960e-10 -1.20809573e-15  8.57463659e-16  2.29423303e-05
  -2.04721003e-06 -1.77183268e-08  9.98214034e-10]
 [-8.82646063e-01 -3.04240243e-12 -2.78631790e-13  6.04360560e-11
  -2.28864960e-10 -1.86060132e-15  8.87078986e-16  2.39063190e-05
  -2.04721003e-06 -1.54381848e-08  9.61918560e-10]
 [-8.46690542e-01 -2.02530650e-12 -3.19118882e-13  3.91081523e-11
  -1.15198504e-10 -5.86741720e-16  8.57463659e-16  1.65810515e-05
  -2.10774585e-06 -1.77183268e-08  9.98214034e-10]
 [-8.82646063e-01 -2.21430118e-12 -3.19118882e-13  4.51720352e-11
  -1.72886683e-10 -4.46726872e-16  8.79345236e-16  1.38926179e-05
  -2.04721003e-06 -1.46729723e-08  9.98214034e-10]
 [-8.83261626e-01 -1.87722385e-12 -3.03528324e-13  5.87628961e-11
  -2.58282184e-10 -1.86060132e-15  8.87078986e-16  2.39976097e-05
  -2.20629133e-06 -1.89410189e-08  9.35621799e-10]
 [-9.00543070e-01 -2.12134379e-12 -3.35746461e-13  6.45764292e-11
  -1.62312347e-10 -1.94968615e-15  8.17089439e-16  1.80781366e-05
  -1.64213396e-06 -1.77183268e-08  9.65266921e-10]
 [-8.02420788e-01 -3.04240243e-12 -2.78631790e-13  6.01051517e-11
  -1.20565158e-10 -1.28456735e-15  7.99936532e-16  2.48817479e-05
  -1.35993388e-06 -2.41053257e-08  9.18961600e-10]
 [-9.04853293e-01 -2.21430118e-12 -2.78631790e-13  5.45934953e-11
  -1.25572443e-10 -3.97234318e-16  8.57463659e-16  1.65810515e-05
  -2.04721003e-06 -1.46729723e-08  9.98214034e-10]
 [ 7.36207142e-01 -1.27980381e-12 -2.33352895e-13  3.93090895e-11
  -2.75743149e-10 -2.19396909e-15  8.52944060e-16  2.63838155e-05
  -1.88631172e-06 -1.51328814e-08  1.02765340e-09]
 [ 8.19905665e-01 -2.04283015e-12 -3.03528324e-13  4.79107086e-11
  -2.19392432e-10 -1.94968615e-15  7.37238837e-16  2.63838155e-05
  -2.04721003e-06 -1.59792834e-08  1.06172282e-09]]Best offspring gen errors:
[[3.18321626e+11 1.54742140e+12]
 [2.15295851e+11 3.52399237e+11]
 [2.15295851e+11 3.52399237e+11]
 [2.15295851e+11 3.52399237e+11]
 [1.59524424e+11 1.72043916e+11]]
