Fitness funtion: -1 * (train_validation_error[:, 1] + train_validation_error[:, 0])
Initialed with the best that we have until now
Starting all over again with new root population
No of generations: 10
Population size: 10
Mutation coefficient: 0.2
Split point: 7
Two offspring per pair
Population:
[[ 0.00000000e+00  0.00000000e+00  0.00000000e+00  0.00000000e+00
   0.00000000e+00  0.00000000e+00  0.00000000e+00  0.00000000e+00
  -2.39767339e+00  0.00000000e+00]
 [-1.45799022e-12 -1.45799022e-12 -1.45799022e-12 -1.45799022e-12
  -1.45799022e-12 -1.45799022e-12 -1.45799022e-12 -1.45799022e-12
   6.70927509e+00  9.59730545e+00]
 [-2.28980078e-13 -2.28980078e-13 -2.28980078e-13 -2.28980078e-13
  -2.28980078e-13 -2.28980078e-13 -2.28980078e-13 -2.28980078e-13
  -2.28980078e-13 -2.28980078e-13]
 [ 4.62010753e-11  4.62010753e-11  4.62010753e-11  2.83613866e+00
  -7.04209952e+00  4.62010753e-11  4.62010753e-11  4.62010753e-11
   4.62010753e-11  7.17180359e-01]
 [-1.75214813e-10 -1.75214813e-10 -1.75214813e-10 -8.42188055e+00
   2.42683785e+00 -1.75214813e-10 -1.75214813e-10 -1.75214813e-10
  -1.75214813e-10 -1.75214813e-10]
 [-1.83669770e-15 -1.83669770e-15 -1.83669770e-15 -1.83669770e-15
  -1.83669770e-15  1.60952571e-01 -7.88067422e+00 -1.83669770e-15
  -1.83669770e-15 -1.83669770e-15]
 [ 8.52944060e-16  8.52944060e-16  8.52944060e-16  8.52944060e-16
   8.52944060e-16  8.52944060e-16  8.52944060e-16  8.52944060e-16
   8.52944060e-16  8.52944060e-16]
 [ 2.29423303e-05 -8.41424442e+00  2.29423303e-05  2.29423303e-05
   2.29423303e-05  2.29423303e-05  2.29423303e-05  2.29423303e-05
   2.29423303e-05  2.29423303e-05]
 [-2.04721003e-06 -2.04721003e-06 -2.04721003e-06 -2.04721003e-06
  -2.04721003e-06 -2.04721003e-06 -2.04721003e-06 -2.04721003e-06
  -2.04721003e-06 -2.04721003e-06]
 [-1.59792834e-08 -4.99995673e+00 -1.59792834e-08 -1.59792834e-08
  -1.59792834e-08 -1.59792834e-08 -1.59792834e-08  8.66739216e+00
  -1.59792834e-08 -1.59792834e-08]
 [ 9.98214034e-10  9.98214034e-10  4.57503525e+00  9.98214034e-10
   9.98214034e-10  9.98214034e-10  9.98214034e-10  9.98214034e-10
  -8.44066436e+00  9.98214034e-10]]
Train validation errors
[[13510723304.19212, 368296592820.6967], [4.828534916263608e+30, 9.256847708065445e+30], [9.499296690893239e+33, 1.797148541245391e+34], [234816226640491.34, 429533106906764.0], [18286748429503.312, 36451388896912.8], [9.497548774666724e+39, 9.664767298997966e+39], [2.2768920851205913e+43, 2.3169801692745515e+43], [1.448885762681681e+31, 2.7776326851496855e+31], [3.233373134550695e+34, 6.117138985221317e+34], [14390004393.28204, 389424232393.80664]]
Selected parents:
[[ 0.00000000e+00 -1.45799022e-12 -2.28980078e-13  4.62010753e-11
  -1.75214813e-10 -1.83669770e-15  8.52944060e-16  2.29423303e-05
  -2.04721003e-06 -1.59792834e-08  9.98214034e-10]
 [ 0.00000000e+00 -1.45799022e-12 -2.28980078e-13  4.62010753e-11
  -1.75214813e-10 -1.83669770e-15  8.52944060e-16 -8.41424442e+00
  -2.04721003e-06 -4.99995673e+00  9.98214034e-10]
 [ 0.00000000e+00 -1.45799022e-12 -2.28980078e-13  2.83613866e+00
  -8.42188055e+00 -1.83669770e-15  8.52944060e-16  2.29423303e-05
  -2.04721003e-06 -1.59792834e-08  9.98214034e-10]
 [ 0.00000000e+00 -1.45799022e-12 -2.28980078e-13 -7.04209952e+00
   2.42683785e+00 -1.83669770e-15  8.52944060e-16  2.29423303e-05
  -2.04721003e-06 -1.59792834e-08  9.98214034e-10]
 [ 0.00000000e+00 -1.45799022e-12 -2.28980078e-13  4.62010753e-11
  -1.75214813e-10 -1.83669770e-15  8.52944060e-16  2.29423303e-05
  -2.04721003e-06  8.66739216e+00  9.98214034e-10]
 [ 0.00000000e+00  9.59730545e+00 -2.28980078e-13  7.17180359e-01
  -1.75214813e-10 -1.83669770e-15  8.52944060e-16  2.29423303e-05
  -2.04721003e-06 -1.59792834e-08  9.98214034e-10]]Population:
[[ 0.00000000e+00  0.00000000e+00 -7.14148397e+00 -4.99646839e+00
  -9.08420286e+00 -9.78611578e+00  0.00000000e+00  0.00000000e+00
   8.10017378e+00  0.00000000e+00]
 [-1.45799022e-12  9.59730545e+00 -1.45799022e-12 -1.45799022e-12
  -1.45799022e-12 -1.45799022e-12 -5.51365987e+00  3.62654226e+00
  -3.84089635e+00 -1.45799022e-12]
 [-2.28980078e-13 -2.28980078e-13  1.63166842e-01 -2.28980078e-13
  -2.28980078e-13 -5.53223172e+00 -2.28980078e-13 -2.28980078e-13
   6.34112555e+00 -2.28980078e-13]
 [ 4.62010753e-11  7.17180359e-01 -6.13508401e+00  7.48411406e+00
  -7.04209952e+00 -7.04209952e+00  2.83613866e+00 -7.04209952e+00
  -7.04209952e+00  2.83613866e+00]
 [-1.75214813e-10 -1.75214813e-10 -1.75214813e-10 -1.75214813e-10
   2.42683785e+00 -1.75214813e-10 -3.41476350e+00  2.42683785e+00
  -8.42188055e+00  6.08984284e-01]
 [-1.83669770e-15 -1.83669770e-15 -1.83669770e-15 -1.83669770e-15
  -1.83669770e-15 -1.83669770e-15 -1.83669770e-15 -1.83669770e-15
  -1.83669770e-15 -1.83669770e-15]
 [ 8.52944060e-16  8.52944060e-16 -4.93148352e+00  8.52944060e-16
   8.52944060e-16 -7.66620859e+00  8.52944060e-16  8.52944060e-16
   8.52944060e-16  8.52944060e-16]
 [ 2.29423303e-05  2.29423303e-05  2.29423303e-05 -8.41424442e+00
  -7.32345214e-01 -8.41424442e+00 -2.94839470e+00  6.36592952e+00
  -5.64076367e+00  2.29423303e-05]
 [-2.04721003e-06 -2.04721003e-06  2.06373361e+00 -2.04721003e-06
  -2.04721003e-06  2.79863489e+00 -2.04721003e-06 -2.04721003e-06
  -2.04721003e-06 -2.04721003e-06]
 [-1.59792834e-08 -1.59792834e-08 -4.99995673e+00 -1.59792834e-08
  -4.99995673e+00 -5.98973083e+00 -1.59792834e-08  4.68646039e+00
  -1.59792834e-08 -1.59792834e-08]
 [ 9.98214034e-10  9.98214034e-10 -5.89860887e+00  9.98214034e-10
   9.98214034e-10  6.67679254e-01  9.98214034e-10  9.98214034e-10
  -7.85411783e-02  5.58325451e-01]]
Train validation errors
[[13510723304.19212, 368296592820.6967], [14390004393.28204, 389424232393.80664], [1.633255539014133e+34, 3.0924494647377008e+34], [2.530460976212234e+24, 4.945184501855808e+24], [4.8221887917898954e+30, 9.244544006999381e+30], [1.363283713353143e+32, 2.5465670539399253e+32], [3.107084717490269e+23, 6.072072697695683e+23], [4.2408429224234825e+30, 8.130150157494908e+30], [2.8030383327422664e+30, 5.303325770272193e+30], [1.414742542171199e+32, 2.6765165661897685e+32]]
Selected parents:
[[ 0.00000000e+00 -1.45799022e-12 -2.28980078e-13  4.62010753e-11
  -1.75214813e-10 -1.83669770e-15  8.52944060e-16  2.29423303e-05
  -2.04721003e-06 -1.59792834e-08  9.98214034e-10]
 [ 0.00000000e+00  9.59730545e+00 -2.28980078e-13  7.17180359e-01
  -1.75214813e-10 -1.83669770e-15  8.52944060e-16  2.29423303e-05
  -2.04721003e-06 -1.59792834e-08  9.98214034e-10]
 [-4.99646839e+00 -1.45799022e-12 -2.28980078e-13  7.48411406e+00
  -1.75214813e-10 -1.83669770e-15  8.52944060e-16 -8.41424442e+00
  -2.04721003e-06 -1.59792834e-08  9.98214034e-10]
 [ 0.00000000e+00 -5.51365987e+00 -2.28980078e-13  2.83613866e+00
  -3.41476350e+00 -1.83669770e-15  8.52944060e-16 -2.94839470e+00
  -2.04721003e-06 -1.59792834e-08  9.98214034e-10]
 [ 0.00000000e+00  3.62654226e+00 -2.28980078e-13 -7.04209952e+00
   2.42683785e+00 -1.83669770e-15  8.52944060e-16  6.36592952e+00
  -2.04721003e-06  4.68646039e+00  9.98214034e-10]
 [ 8.10017378e+00 -3.84089635e+00  6.34112555e+00 -7.04209952e+00
  -8.42188055e+00 -1.83669770e-15  8.52944060e-16 -5.64076367e+00
  -2.04721003e-06 -1.59792834e-08 -7.85411783e-02]]Population:
[[ 0.00000000e+00  0.00000000e+00  8.10017378e+00  8.10017378e+00
   0.00000000e+00  0.00000000e+00  0.00000000e+00 -9.16924394e-01
   8.10017378e+00  0.00000000e+00]
 [-1.45799022e-12  9.59730545e+00 -8.68410920e+00  4.85031301e+00
   9.59730545e+00 -3.09651479e+00  9.59730545e+00  9.59730545e+00
  -8.12887904e+00 -1.45799022e-12]
 [-2.28980078e-13 -2.28980078e-13 -4.00506947e+00  6.34112555e+00
  -2.28980078e-13 -2.28980078e-13 -2.28980078e-13  6.06464348e+00
   6.34112555e+00 -2.28980078e-13]
 [ 4.62010753e-11  7.17180359e-01 -4.14944306e+00 -7.04209952e+00
   1.65774994e+00  7.17180359e-01  4.27046537e+00  7.48411406e+00
   4.62010753e-11  4.62010753e-11]
 [-1.75214813e-10 -1.75214813e-10  4.86118146e+00 -8.42188055e+00
   2.42683785e+00 -1.75214813e-10 -4.82247261e-01 -1.75214813e-10
  -8.42188055e+00 -1.75214813e-10]
 [-1.83669770e-15 -1.83669770e-15 -1.83669770e-15 -4.35895765e+00
   2.45714368e+00 -1.83669770e-15 -1.83669770e-15 -1.83669770e-15
  -1.83669770e-15 -1.83669770e-15]
 [ 8.52944060e-16  8.52944060e-16  8.52944060e-16  8.52944060e-16
   8.52944060e-16  8.52944060e-16  8.52944060e-16 -2.25790202e+00
   8.52944060e-16  8.52944060e-16]
 [ 2.29423303e-05  2.29423303e-05 -7.31962561e+00 -9.37972970e+00
  -6.74835583e+00  2.29423303e-05 -5.45217586e+00 -8.41424442e+00
   8.14959650e+00 -5.64076367e+00]
 [-2.04721003e-06 -2.04721003e-06 -8.94812410e+00 -2.04721003e-06
  -2.71776994e+00  8.47563331e+00 -2.04721003e-06 -1.30711670e+00
   1.46336608e+00  4.68978113e+00]
 [-1.59792834e-08 -1.59792834e-08  3.45034658e+00 -1.59792834e-08
   4.68646039e+00  8.19325006e+00 -1.59792834e-08 -1.59792834e-08
   7.78014995e+00 -1.59792834e-08]
 [ 9.98214034e-10  9.98214034e-10  9.98214034e-10  1.01886695e+00
   9.98214034e-10  5.16554529e+00  5.43550382e+00  4.76424940e+00
   9.98214034e-10  9.98214034e-10]]
Train validation errors
[[13510723304.19212, 368296592820.6967], [14390004393.28204, 389424232393.80664], [2.0598214938872777e+30, 3.932194646281596e+30], [6.965855912056166e+42, 7.088463991985025e+42], [2.2134915454323798e+42, 2.252465309128287e+42], [1.2917604987127097e+34, 2.4475665226360925e+34], [1.3408331778310598e+34, 2.5366870760908997e+34], [1.0298576120854895e+34, 1.9483532395143462e+34], [1.177314712340088e+31, 2.2576494060122326e+31], [1.7311519173552805e+27, 3.3467806571723134e+27]]
Selected parents:
[[ 0.00000000e+00 -1.45799022e-12 -2.28980078e-13  4.62010753e-11
  -1.75214813e-10 -1.83669770e-15  8.52944060e-16  2.29423303e-05
  -2.04721003e-06 -1.59792834e-08  9.98214034e-10]
 [ 0.00000000e+00  9.59730545e+00 -2.28980078e-13  7.17180359e-01
  -1.75214813e-10 -1.83669770e-15  8.52944060e-16  2.29423303e-05
  -2.04721003e-06 -1.59792834e-08  9.98214034e-10]
 [ 8.10017378e+00 -8.68410920e+00 -4.00506947e+00 -4.14944306e+00
   4.86118146e+00 -1.83669770e-15  8.52944060e-16 -7.31962561e+00
  -8.94812410e+00  3.45034658e+00  9.98214034e-10]
 [-9.16924394e-01  9.59730545e+00  6.06464348e+00  7.48411406e+00
  -1.75214813e-10 -1.83669770e-15 -2.25790202e+00 -8.41424442e+00
  -1.30711670e+00 -1.59792834e-08  4.76424940e+00]
 [ 8.10017378e+00 -8.12887904e+00  6.34112555e+00  4.62010753e-11
  -8.42188055e+00 -1.83669770e-15  8.52944060e-16  8.14959650e+00
   1.46336608e+00  7.78014995e+00  9.98214034e-10]
 [ 0.00000000e+00 -1.45799022e-12 -2.28980078e-13  4.62010753e-11
  -1.75214813e-10 -1.83669770e-15  8.52944060e-16 -5.64076367e+00
   4.68978113e+00 -1.59792834e-08  9.98214034e-10]]Population:
[[ 0.00000000e+00  0.00000000e+00  0.00000000e+00 -2.11886549e+00
   8.10017378e+00  0.00000000e+00  8.76410512e+00  0.00000000e+00
   3.86153688e+00  0.00000000e+00]
 [-1.45799022e-12  9.59730545e+00 -1.45799022e-12 -1.45799022e-12
  -1.45799022e-12 -1.45799022e-12  7.82198526e+00 -1.45799022e-12
   8.54469602e+00 -9.91606605e+00]
 [-2.28980078e-13 -2.28980078e-13 -2.28980078e-13  6.06464348e+00
   6.34112555e+00  7.78112814e+00  6.06464348e+00  1.94520651e+00
  -2.28980078e-13 -2.28980078e-13]
 [ 4.62010753e-11  7.17180359e-01 -9.66306938e+00 -3.08605457e+00
   2.77065493e-01  4.62010753e-11  3.19560367e+00  4.62010753e-11
   2.53681159e+00 -4.95468744e+00]
 [-1.75214813e-10 -1.75214813e-10 -1.75214813e-10 -7.14026792e-01
  -8.42188055e+00 -1.75214813e-10  1.78041228e-01 -1.75214813e-10
  -1.75214813e-10 -2.92355030e+00]
 [-1.83669770e-15 -1.83669770e-15 -3.32295760e+00 -9.76527054e-01
   4.86971851e+00 -1.83669770e-15  7.16660954e+00 -1.83669770e-15
  -8.94643698e+00 -1.83669770e-15]
 [ 8.52944060e-16  8.52944060e-16  5.62582543e+00 -5.76013515e-01
   8.52944060e-16 -7.91551852e+00  8.52944060e-16  8.52944060e-16
   8.52944060e-16  8.74024216e+00]
 [ 2.29423303e-05  2.29423303e-05 -5.64076367e+00 -8.41424442e+00
   2.29423303e-05  2.29423303e-05 -2.82344643e+00 -7.29410740e+00
   2.29423303e-05 -8.21636049e+00]
 [-2.04721003e-06 -2.04721003e-06 -1.30711670e+00 -1.30711670e+00
   1.46336608e+00 -2.04721003e-06 -1.59525981e+00  4.40667703e+00
   2.60402418e+00 -2.04721003e-06]
 [-1.59792834e-08 -1.59792834e-08 -1.59792834e-08  9.42105102e+00
  -1.59792834e-08 -1.59792834e-08 -1.59792834e-08  7.42164217e+00
  -1.59792834e-08 -2.52628057e-01]
 [ 9.98214034e-10  9.98214034e-10  9.98214034e-10  6.76704984e+00
  -9.80535618e+00  9.98214034e-10  4.76424940e+00  1.89695665e+00
   9.44225956e+00 -7.60204130e+00]]
Train validation errors
[[13510723304.19212, 368296592820.6967], [14390004393.28204, 389424232393.80664], [4.048231164520507e+42, 4.119506334377237e+42], [3.4945056834773295e+41, 3.555477347007888e+41], [8.692952810167281e+42, 8.845615914159112e+42], [13986880925.810581, 372258904213.0016], [1.8830493508835896e+43, 1.9162310846872131e+43], [1.9057321825865245e+33, 3.61786647223921e+33], [2.9341783358650077e+43, 2.9857700362728566e+43], [2.6263645582936974e+34, 4.968924054495696e+34]]
Selected parents:
[[ 0.00000000e+00 -1.45799022e-12 -2.28980078e-13  4.62010753e-11
  -1.75214813e-10 -1.83669770e-15  8.52944060e-16  2.29423303e-05
  -2.04721003e-06 -1.59792834e-08  9.98214034e-10]
 [ 0.00000000e+00  9.59730545e+00 -2.28980078e-13  7.17180359e-01
  -1.75214813e-10 -1.83669770e-15  8.52944060e-16  2.29423303e-05
  -2.04721003e-06 -1.59792834e-08  9.98214034e-10]
 [-2.11886549e+00 -1.45799022e-12  6.06464348e+00 -3.08605457e+00
  -7.14026792e-01 -9.76527054e-01 -5.76013515e-01 -8.41424442e+00
  -1.30711670e+00  9.42105102e+00  6.76704984e+00]
 [ 0.00000000e+00 -1.45799022e-12  7.78112814e+00  4.62010753e-11
  -1.75214813e-10 -1.83669770e-15 -7.91551852e+00  2.29423303e-05
  -2.04721003e-06 -1.59792834e-08  9.98214034e-10]
 [ 0.00000000e+00 -1.45799022e-12  1.94520651e+00  4.62010753e-11
  -1.75214813e-10 -1.83669770e-15  8.52944060e-16 -7.29410740e+00
   4.40667703e+00  7.42164217e+00  1.89695665e+00]
 [ 0.00000000e+00 -9.91606605e+00 -2.28980078e-13 -4.95468744e+00
  -2.92355030e+00 -1.83669770e-15  8.74024216e+00 -8.21636049e+00
  -2.04721003e-06 -2.52628057e-01 -7.60204130e+00]]Population:
[[ 0.00000000e+00  0.00000000e+00  0.00000000e+00  0.00000000e+00
   0.00000000e+00  0.00000000e+00 -2.11886549e+00  2.46555304e+00
   6.41277801e+00  0.00000000e+00]
 [-1.45799022e-12 -1.45799022e-12 -9.91606605e+00 -9.91606605e+00
   2.61089381e+00 -1.45799022e-12 -1.45799022e-12 -3.46147189e+00
  -9.91606605e+00 -9.91606605e+00]
 [-2.28980078e-13  7.78112814e+00 -2.28980078e-13 -1.42552965e+00
   7.78112814e+00  7.78112814e+00  6.06464348e+00  6.06464348e+00
  -2.28980078e-13  7.51686241e+00]
 [ 4.62010753e-11  4.62010753e-11 -4.95468744e+00 -4.95468744e+00
   4.62010753e-11  4.62010753e-11 -3.08605457e+00 -5.28092433e+00
   8.36384496e+00  7.17180359e-01]
 [-1.75214813e-10 -1.75214813e-10 -2.92355030e+00  7.34380977e+00
  -1.75214813e-10  9.14411673e+00 -1.04612494e+00 -3.12096254e+00
  -2.92355030e+00 -2.92355030e+00]
 [-1.83669770e-15 -1.83669770e-15  4.04610338e+00  9.91978018e-01
   3.91218872e+00  7.52709575e+00 -8.27122010e-01 -1.83669770e-15
  -1.83669770e-15  5.65942958e+00]
 [ 8.52944060e-16 -7.91551852e+00 -8.42321745e+00  8.74024216e+00
  -3.83797481e-01  8.52944060e-16 -5.76013515e-01  5.18411142e+00
   8.74024216e+00  1.41158540e+00]
 [ 2.29423303e-05  2.29423303e-05 -8.21636049e+00  2.29423303e-05
   2.29423303e-05  2.29423303e-05 -8.41424442e+00  2.29423303e-05
  -3.06704632e+00 -8.21636049e+00]
 [-2.04721003e-06 -2.04721003e-06 -4.07522079e+00  3.40146111e+00
  -2.04721003e-06 -2.04721003e-06 -1.80759516e+00 -2.76992435e+00
  -2.04721003e-06 -2.04721003e-06]
 [-1.59792834e-08 -1.59792834e-08  1.57791356e+00  8.19917510e-01
  -1.59792834e-08  4.41988843e+00  6.66230059e+00  2.93257811e+00
  -2.52628057e-01 -2.52628057e-01]
 [ 9.98214034e-10  9.98214034e-10  2.08541998e+00 -7.60204130e+00
  -4.68340250e+00  9.98214034e-10 -1.51880826e+00 -8.10342918e+00
   2.37289676e+00  9.98214034e-10]]
Train validation errors
[[13510723304.19212, 368296592820.6967], [13986880925.810581, 372258904213.0016], [6.00211367697813e+42, 6.107859684693941e+42], [3.605842758534186e+41, 3.668715806340044e+41], [5.610763207488411e+42, 5.709399669077871e+42], [2.077164596129925e+43, 2.1137367476166025e+43], [2.5084271023572014e+41, 2.55268480503399e+41], [2.937534651924308e+34, 5.5554330884567815e+34], [2.544351789995329e+33, 4.813076379800601e+33], [1.1742511498629912e+43, 1.1949255695503746e+43]]
Selected parents:
[[ 0.00000000e+00 -1.45799022e-12 -2.28980078e-13  4.62010753e-11
  -1.75214813e-10 -1.83669770e-15  8.52944060e-16  2.29423303e-05
  -2.04721003e-06 -1.59792834e-08  9.98214034e-10]
 [ 0.00000000e+00 -1.45799022e-12  7.78112814e+00  4.62010753e-11
  -1.75214813e-10 -1.83669770e-15 -7.91551852e+00  2.29423303e-05
  -2.04721003e-06 -1.59792834e-08  9.98214034e-10]
 [ 0.00000000e+00 -9.91606605e+00 -1.42552965e+00 -4.95468744e+00
   7.34380977e+00  9.91978018e-01  8.74024216e+00  2.29423303e-05
   3.40146111e+00  8.19917510e-01 -7.60204130e+00]
 [-2.11886549e+00 -1.45799022e-12  6.06464348e+00 -3.08605457e+00
  -1.04612494e+00 -8.27122010e-01 -5.76013515e-01 -8.41424442e+00
  -1.80759516e+00  6.66230059e+00 -1.51880826e+00]
 [ 2.46555304e+00 -3.46147189e+00  6.06464348e+00 -5.28092433e+00
  -3.12096254e+00 -1.83669770e-15  5.18411142e+00  2.29423303e-05
  -2.76992435e+00  2.93257811e+00 -8.10342918e+00]
 [ 6.41277801e+00 -9.91606605e+00 -2.28980078e-13  8.36384496e+00
  -2.92355030e+00 -1.83669770e-15  8.74024216e+00 -3.06704632e+00
  -2.04721003e-06 -2.52628057e-01  2.37289676e+00]]