Fitness funtion: -1 * (train_validation_error[:, 1] + train_validation_error[:, 0])
Initialed with the best that we have until now
Starting all over again with new root population
No of generations: 7
Population size: 10
Mutation coefficient: 0.2
Split point: 7
Two offspring per pair
Population:
[[ 0.00000000e+00  6.43150600e+00  0.00000000e+00  0.00000000e+00
   0.00000000e+00  0.00000000e+00  0.00000000e+00 -5.39305572e+00
   0.00000000e+00  0.00000000e+00]
 [-1.45799022e-12 -1.45799022e-12 -1.45799022e-12 -1.45799022e-12
  -1.45799022e-12 -1.45799022e-12 -1.45799022e-12 -1.45799022e-12
  -1.45799022e-12 -1.45799022e-12]
 [-2.28980078e-13 -2.28980078e-13  7.49788242e+00 -2.28980078e-13
  -6.53313247e+00 -2.28980078e-13 -2.28980078e-13 -2.28980078e-13
  -2.28980078e-13 -2.28980078e-13]
 [ 4.62010753e-11 -6.64720243e+00 -2.24357691e+00  4.62010753e-11
   4.62010753e-11  4.62010753e-11 -6.13334389e+00  7.55946479e+00
   4.62010753e-11  4.62010753e-11]
 [-1.75214813e-10 -1.75214813e-10 -1.75214813e-10 -1.75214813e-10
   4.12422367e+00 -1.75214813e-10 -1.75214813e-10 -1.75214813e-10
  -1.75214813e-10 -1.75214813e-10]
 [-1.83669770e-15 -4.51860637e+00 -1.83669770e-15 -1.83669770e-15
  -1.83669770e-15 -1.83669770e-15 -7.74972016e+00 -1.83669770e-15
  -1.83669770e-15 -4.15471739e+00]
 [ 8.52944060e-16  8.52944060e-16  8.52944060e-16  8.52944060e-16
   8.52944060e-16  8.52944060e-16  8.52944060e-16  7.57957172e-01
   8.52944060e-16  8.52944060e-16]
 [ 2.29423303e-05  3.67386711e+00  2.29423303e-05  2.29423303e-05
   2.29423303e-05 -2.17970757e+00  8.00854297e+00 -2.05171373e+00
   2.29423303e-05  2.29423303e-05]
 [-2.04721003e-06 -2.04721003e-06 -2.04721003e-06 -2.04721003e-06
  -2.04721003e-06 -2.04721003e-06 -8.58295989e+00 -2.04721003e-06
  -2.04721003e-06 -2.04721003e-06]
 [-1.59792834e-08 -3.22199096e+00 -1.59792834e-08 -1.59792834e-08
  -1.59792834e-08 -1.59792834e-08 -1.59792834e-08  8.69874657e-01
   7.37222611e+00 -1.59792834e-08]
 [ 9.98214034e-10 -1.02535023e+00  7.70170255e+00  9.98214034e-10
   9.98214034e-10  9.98214034e-10  9.98214034e-10  9.98214034e-10
   9.98214034e-10  9.98214034e-10]]
Train validation errors
[[13510723304.19212, 368296592820.6967], [7.485683184614857e+42, 7.617520077418259e+42], [2.6920061431849623e+34, 5.092940109844013e+34], [13510723304.19212, 368296592820.6967], [57096681151630.67, 113762838097797.2], [1.6981372243354963e+23, 3.318602366339623e+23], [2.201850114268488e+43, 2.240616995797033e+43], [1.4564413351774766e+29, 2.7920534748297453e+29], [1.0482250753536307e+31, 2.009533329518864e+31], [6.328469247287124e+42, 6.439891395665998e+42]]
Selected parents:
[[ 0.00000000e+00 -1.45799022e-12 -2.28980078e-13  4.62010753e-11
  -1.75214813e-10 -1.83669770e-15  8.52944060e-16  2.29423303e-05
  -2.04721003e-06 -1.59792834e-08  9.98214034e-10]
 [ 0.00000000e+00 -1.45799022e-12 -2.28980078e-13  4.62010753e-11
  -1.75214813e-10 -1.83669770e-15  8.52944060e-16  2.29423303e-05
  -2.04721003e-06 -1.59792834e-08  9.98214034e-10]
 [ 0.00000000e+00 -1.45799022e-12 -6.53313247e+00  4.62010753e-11
   4.12422367e+00 -1.83669770e-15  8.52944060e-16  2.29423303e-05
  -2.04721003e-06 -1.59792834e-08  9.98214034e-10]
 [ 0.00000000e+00 -1.45799022e-12 -2.28980078e-13  4.62010753e-11
  -1.75214813e-10 -1.83669770e-15  8.52944060e-16 -2.17970757e+00
  -2.04721003e-06 -1.59792834e-08  9.98214034e-10]
 [-5.39305572e+00 -1.45799022e-12 -2.28980078e-13  7.55946479e+00
  -1.75214813e-10 -1.83669770e-15  7.57957172e-01 -2.05171373e+00
  -2.04721003e-06  8.69874657e-01  9.98214034e-10]
 [ 0.00000000e+00 -1.45799022e-12 -2.28980078e-13  4.62010753e-11
  -1.75214813e-10 -1.83669770e-15  8.52944060e-16  2.29423303e-05
  -2.04721003e-06  7.37222611e+00  9.98214034e-10]]Population:
[[ 0.00000000e+00  0.00000000e+00 -4.69320755e-01  7.62086742e+00
  -7.77443568e-01 -2.73869066e+00 -7.82460951e+00 -5.52364749e-01
   0.00000000e+00  0.00000000e+00]
 [-1.45799022e-12 -1.45799022e-12 -1.10691288e-01 -1.45799022e-12
  -1.45799022e-12 -1.45799022e-12  5.97772407e+00 -1.45799022e-12
  -7.48079213e+00 -1.45799022e-12]
 [-2.28980078e-13 -2.28980078e-13 -5.04595198e+00 -2.57994824e+00
  -2.28980078e-13 -2.28980078e-13  5.19809060e+00 -2.28980078e-13
  -2.28980078e-13 -7.95808080e+00]
 [ 4.62010753e-11  4.62010753e-11 -4.01920424e+00  4.62010753e-11
   4.62010753e-11 -4.92147553e+00  4.62010753e-11  4.62010753e-11
   4.62010753e-11  4.62010753e-11]
 [-1.75214813e-10 -1.75214813e-10 -1.75214813e-10 -1.75214813e-10
   5.40349871e+00 -1.75214813e-10 -1.99143622e+00 -1.75214813e-10
  -1.75214813e-10 -4.98090222e+00]
 [-1.83669770e-15 -1.83669770e-15 -1.83669770e-15  5.54750809e+00
  -1.83669770e-15 -1.83669770e-15 -1.83669770e-15 -3.09638849e-01
  -1.83669770e-15 -1.83669770e-15]
 [ 8.52944060e-16  8.52944060e-16  1.91092316e+00  8.52944060e-16
   8.52944060e-16  8.52944060e-16  8.52944060e-16  4.19549990e+00
   8.52944060e-16  8.52944060e-16]
 [ 2.29423303e-05  2.29423303e-05 -5.33033629e+00  2.60325558e+00
   1.81685715e+00  2.29423303e-05  5.00637614e+00  2.29423303e-05
  -2.17970757e+00 -1.64639714e-01]
 [-2.04721003e-06 -2.04721003e-06 -2.04721003e-06 -2.04721003e-06
   4.13899828e+00 -2.04721003e-06 -2.04721003e-06 -2.04721003e-06
  -2.04721003e-06  1.57025339e+00]
 [-1.59792834e-08 -1.59792834e-08 -5.05692132e+00  7.58379270e+00
   7.37222611e+00  4.85436175e+00 -1.59792834e-08  2.14261698e+00
  -1.59792834e-08  6.14850939e+00]
 [ 9.98214034e-10  9.98214034e-10  9.98214034e-10  9.98214034e-10
   9.98214034e-10  9.98214034e-10  9.98214034e-10  9.98214034e-10
  -1.29561029e+00 -3.41274727e+00]]
Train validation errors
[[13510723304.19212, 368296592820.6967], [13510723304.19212, 368296592820.6967], [4.9365275278252775e+30, 9.46382419612862e+30], [1.128268230073437e+43, 1.1481337948733374e+43], [1.0722005075909933e+31, 2.0571581638677853e+31], [4.544870644870396e+30, 8.71288929713834e+30], [8.957924347017801e+23, 1.7506131904257323e+24], [3.5149785400358765e+40, 3.576853659012024e+40], [7.618400441713592e+32, 1.441308494460212e+33], [4.9056319711572716e+33, 9.262954898245369e+33]]
Selected parents:
[[ 0.00000000e+00 -1.45799022e-12 -2.28980078e-13  4.62010753e-11
  -1.75214813e-10 -1.83669770e-15  8.52944060e-16  2.29423303e-05
  -2.04721003e-06 -1.59792834e-08  9.98214034e-10]
 [ 0.00000000e+00 -1.45799022e-12 -2.28980078e-13  4.62010753e-11
  -1.75214813e-10 -1.83669770e-15  8.52944060e-16  2.29423303e-05
  -2.04721003e-06 -1.59792834e-08  9.98214034e-10]
 [-4.69320755e-01 -1.10691288e-01 -5.04595198e+00 -4.01920424e+00
  -1.75214813e-10 -1.83669770e-15  1.91092316e+00 -5.33033629e+00
  -2.04721003e-06 -5.05692132e+00  9.98214034e-10]
 [-7.77443568e-01 -1.45799022e-12 -2.28980078e-13  4.62010753e-11
   5.40349871e+00 -1.83669770e-15  8.52944060e-16  1.81685715e+00
   4.13899828e+00  7.37222611e+00  9.98214034e-10]
 [-2.73869066e+00 -1.45799022e-12 -2.28980078e-13 -4.92147553e+00
  -1.75214813e-10 -1.83669770e-15  8.52944060e-16  2.29423303e-05
  -2.04721003e-06  4.85436175e+00  9.98214034e-10]
 [-7.82460951e+00  5.97772407e+00  5.19809060e+00  4.62010753e-11
  -1.99143622e+00 -1.83669770e-15  8.52944060e-16  5.00637614e+00
  -2.04721003e-06 -1.59792834e-08  9.98214034e-10]]Population:
[[ 0.00000000e+00  0.00000000e+00  0.00000000e+00  6.53886301e+00
   0.00000000e+00  0.00000000e+00 -7.82460951e+00 -7.82460951e+00
  -4.69320755e-01 -4.69320755e-01]
 [-1.45799022e-12 -1.45799022e-12  5.97772407e+00 -1.45799022e-12
   5.97772407e+00 -1.45799022e-12 -1.45799022e-12 -1.45799022e-12
  -1.10691288e-01 -4.42958911e+00]
 [-2.28980078e-13 -2.28980078e-13 -5.91475860e+00  3.34768657e-01
  -2.28980078e-13 -1.70670937e-01 -2.28980078e-13 -6.46090028e+00
  -4.37981898e-01 -5.04595198e+00]
 [ 4.62010753e-11  4.62010753e-11  4.62010753e-11  4.62010753e-11
   4.62010753e-11  7.95613457e+00  4.62010753e-11  1.74478425e+00
  -4.21496454e+00 -4.01920424e+00]
 [-1.75214813e-10 -1.75214813e-10 -1.75214813e-10 -1.99143622e+00
  -6.38247143e+00 -1.75214813e-10 -5.79694703e+00 -1.99143622e+00
  -1.99143622e+00 -1.75214813e-10]
 [-1.83669770e-15 -1.83669770e-15  2.45848845e+00 -1.38008345e+00
   7.58517824e+00 -1.83669770e-15 -1.83669770e-15  7.67386680e+00
  -1.83669770e-15 -6.01911766e+00]
 [ 8.52944060e-16  8.52944060e-16  5.81830104e+00  8.52944060e-16
   4.02851013e+00  8.52944060e-16  8.52944060e-16  8.52944060e-16
   8.52944060e-16  2.55023369e+00]
 [ 2.29423303e-05  2.29423303e-05  7.24445288e+00  5.00637614e+00
   2.29423303e-05  2.29423303e-05 -2.14757212e+00  6.49218225e+00
  -3.01032063e-01 -5.33033629e+00]
 [-2.04721003e-06 -2.04721003e-06  8.95791787e+00 -6.21874996e+00
   6.43226777e+00 -8.79849758e+00  1.66594404e+00 -2.04721003e-06
  -2.04721003e-06  8.59414800e+00]
 [-1.59792834e-08 -1.59792834e-08 -1.59792834e-08 -1.59792834e-08
  -1.59792834e-08 -5.74427105e+00  7.46616778e+00 -1.59792834e-08
  -5.05692132e+00 -1.59792834e-08]
 [ 9.98214034e-10  9.98214034e-10 -2.78054916e+00  9.98214034e-10
   2.72236922e-01  9.98214034e-10  9.98214034e-10  9.98214034e-10
   9.98214034e-10  9.98214034e-10]]
Train validation errors
[[13510723304.19212, 368296592820.6967], [13510723304.19212, 368296592820.6967], [2.2157490744209285e+42, 2.254704984057311e+42], [6.98274926697999e+41, 7.105691293231908e+41], [2.109348262152711e+43, 2.14648818849282e+43], [6.761413943934881e+30, 1.2989715119711659e+31], [1.084490772277597e+31, 2.079726366639996e+31], [2.1589580929502724e+43, 2.1969697734897752e+43], [4.932326088447531e+30, 9.455678569692385e+30], [1.3282546584074905e+43, 1.3516405462789576e+43]]
Selected parents:
[[ 0.00000000e+00 -1.45799022e-12 -2.28980078e-13  4.62010753e-11
  -1.75214813e-10 -1.83669770e-15  8.52944060e-16  2.29423303e-05
  -2.04721003e-06 -1.59792834e-08  9.98214034e-10]
 [ 0.00000000e+00 -1.45799022e-12 -2.28980078e-13  4.62010753e-11
  -1.75214813e-10 -1.83669770e-15  8.52944060e-16  2.29423303e-05
  -2.04721003e-06 -1.59792834e-08  9.98214034e-10]
 [ 6.53886301e+00 -1.45799022e-12  3.34768657e-01  4.62010753e-11
  -1.99143622e+00 -1.38008345e+00  8.52944060e-16  5.00637614e+00
  -6.21874996e+00 -1.59792834e-08  9.98214034e-10]
 [ 0.00000000e+00 -1.45799022e-12 -1.70670937e-01  7.95613457e+00
  -1.75214813e-10 -1.83669770e-15  8.52944060e-16  2.29423303e-05
  -8.79849758e+00 -5.74427105e+00  9.98214034e-10]
 [-7.82460951e+00 -1.45799022e-12 -2.28980078e-13  4.62010753e-11
  -5.79694703e+00 -1.83669770e-15  8.52944060e-16 -2.14757212e+00
   1.66594404e+00  7.46616778e+00  9.98214034e-10]
 [-4.69320755e-01 -1.10691288e-01 -4.37981898e-01 -4.21496454e+00
  -1.99143622e+00 -1.83669770e-15  8.52944060e-16 -3.01032063e-01
  -2.04721003e-06 -5.05692132e+00  9.98214034e-10]]Population:
[[ 0.00000000e+00  0.00000000e+00  0.00000000e+00  0.00000000e+00
   0.00000000e+00  0.00000000e+00 -7.68781525e+00 -7.82460951e+00
   0.00000000e+00  5.50468544e-01]
 [-1.45799022e-12 -1.45799022e-12 -1.45799022e-12 -1.45799022e-12
  -1.45799022e-12 -1.45799022e-12 -4.14197362e+00 -1.98003083e-01
   2.85503940e+00 -1.45799022e-12]
 [-2.28980078e-13 -2.28980078e-13 -2.07600348e+00 -2.28980078e-13
  -1.77299516e+00 -2.28980078e-13  7.40565954e+00  2.32560916e+00
  -7.28907455e+00  9.55879667e-01]
 [ 4.62010753e-11  4.62010753e-11  7.65500117e+00  1.99492869e+00
   4.62010753e-11  8.01726380e+00  3.80597252e-01  7.95613457e+00
   4.62010753e-11  4.62010753e-11]
 [-1.75214813e-10 -1.75214813e-10 -1.75214813e-10 -1.75214813e-10
  -1.75214813e-10 -1.75214813e-10  2.16747246e+00 -1.75214813e-10
  -3.84731504e+00 -1.75214813e-10]
 [-1.83669770e-15 -1.83669770e-15 -1.83669770e-15 -1.83669770e-15
   1.52207861e+00 -6.38050056e+00 -1.83669770e-15 -1.83669770e-15
  -1.83669770e-15 -1.38008345e+00]
 [ 8.52944060e-16  8.52944060e-16  8.52944060e-16  8.52944060e-16
   8.52944060e-16  8.52944060e-16  8.47358850e+00  8.52944060e-16
   8.52944060e-16  2.11347752e+00]
 [ 2.29423303e-05  2.29423303e-05  2.29423303e-05  2.29423303e-05
   2.29423303e-05  2.29423303e-05 -2.14757212e+00  2.29423303e-05
   3.00488847e+00  2.29423303e-05]
 [-2.04721003e-06 -2.04721003e-06 -2.04721003e-06 -2.04721003e-06
   3.41527814e-03 -8.79849758e+00  1.66594404e+00  6.11820638e+00
  -2.04721003e-06 -2.04721003e-06]
 [-1.59792834e-08 -1.59792834e-08 -1.59792834e-08 -1.59792834e-08
  -1.59792834e-08 -1.59792834e-08 -3.10717729e+00 -5.74427105e+00
  -1.59792834e-08 -1.59792834e-08]
 [ 9.98214034e-10  9.98214034e-10  9.98214034e-10  9.98214034e-10
   9.98214034e-10 -5.03627874e+00  9.98214034e-10  9.98214034e-10
   9.98214034e-10  9.98214034e-10]]
Train validation errors
[[13510723304.19212, 368296592820.6967], [13510723304.19212, 368296592820.6967], [112411097175.38382, 749152162009.6357], [20277119485.693375, 434458286839.95105], [8.4935620118893e+41, 8.64310385067369e+41], [1.4926129538954015e+43, 1.51891885780144e+43], [1.8233081873554594e+30, 3.4926529754146554e+30], [6.095110383969323e+30, 1.1665845217641952e+31], [3.2270696303861374e+23, 6.30652795911335e+23], [6.982748449945525e+41, 7.105690160409815e+41]]
Selected parents:
[[ 0.00000000e+00 -1.45799022e-12 -2.28980078e-13  4.62010753e-11
  -1.75214813e-10 -1.83669770e-15  8.52944060e-16  2.29423303e-05
  -2.04721003e-06 -1.59792834e-08  9.98214034e-10]
 [ 0.00000000e+00 -1.45799022e-12 -2.28980078e-13  4.62010753e-11
  -1.75214813e-10 -1.83669770e-15  8.52944060e-16  2.29423303e-05
  -2.04721003e-06 -1.59792834e-08  9.98214034e-10]
 [ 0.00000000e+00 -1.45799022e-12 -2.07600348e+00  7.65500117e+00
  -1.75214813e-10 -1.83669770e-15  8.52944060e-16  2.29423303e-05
  -2.04721003e-06 -1.59792834e-08  9.98214034e-10]
 [ 0.00000000e+00 -1.45799022e-12 -2.28980078e-13  1.99492869e+00
  -1.75214813e-10 -1.83669770e-15  8.52944060e-16  2.29423303e-05
  -2.04721003e-06 -1.59792834e-08  9.98214034e-10]
 [-7.68781525e+00 -4.14197362e+00  7.40565954e+00  3.80597252e-01
   2.16747246e+00 -1.83669770e-15  8.47358850e+00 -2.14757212e+00
   1.66594404e+00 -3.10717729e+00  9.98214034e-10]
 [ 0.00000000e+00  2.85503940e+00 -7.28907455e+00  4.62010753e-11
  -3.84731504e+00 -1.83669770e-15  8.52944060e-16  3.00488847e+00
  -2.04721003e-06 -1.59792834e-08  9.98214034e-10]]Population:
[[ 0.00000000e+00  0.00000000e+00 -4.87234907e+00  0.00000000e+00
   0.00000000e+00  0.00000000e+00 -4.61487941e+00 -6.29811575e-01
  -1.41886118e+00  0.00000000e+00]
 [-1.45799022e-12 -1.45799022e-12 -1.45799022e-12 -6.00090542e+00
  -1.45799022e-12  2.85503940e+00 -1.45799022e-12  4.35456564e+00
  -4.14197362e+00  6.51114007e+00]
 [-2.28980078e-13 -2.28980078e-13 -2.28980078e-13 -3.41303175e+00
  -2.07600348e+00 -2.07600348e+00  7.40565954e+00  7.40565954e+00
   8.42338895e+00 -7.85513895e+00]
 [ 4.62010753e-11  4.62010753e-11  4.62010753e-11  4.62010753e-11
  -3.37054964e+00  7.65500117e+00  1.99492869e+00  3.80597252e-01
   4.62010753e-11  4.62010753e-11]
 [-1.75214813e-10 -1.75214813e-10 -3.23657748e+00 -1.75214813e-10
  -3.84731504e+00 -3.45031106e+00 -1.75214813e-10  2.16747246e+00
  -3.84731504e+00  2.16747246e+00]
 [-1.83669770e-15 -1.83669770e-15 -1.83669770e-15 -1.54310767e+00
   3.02938768e-01 -1.83669770e-15 -1.83669770e-15 -1.83669770e-15
  -1.83669770e-15 -1.83669770e-15]
 [ 8.52944060e-16  8.52944060e-16  8.27189503e+00  2.49022565e+00
   8.52944060e-16  2.05752770e+00  6.48578348e+00  4.89117098e+00
   8.52944060e-16  8.47358850e+00]
 [ 2.29423303e-05  2.29423303e-05  8.91918305e+00  2.29423303e-05
   3.00488847e+00  2.29423303e-05  7.29844482e+00 -2.14757212e+00
   3.00488847e+00  3.00488847e+00]
 [-2.04721003e-06 -2.04721003e-06 -2.04721003e-06 -2.04721003e-06
  -2.04721003e-06 -2.04721003e-06  1.66594404e+00  1.66594404e+00
   9.32471930e-01  1.66594404e+00]
 [-1.59792834e-08 -1.59792834e-08 -1.59792834e-08 -1.59792834e-08
  -1.59792834e-08 -1.59792834e-08 -2.20603380e-01 -8.30127881e+00
  -1.59792834e-08 -3.10717729e+00]
 [ 9.98214034e-10  9.98214034e-10  2.69742809e+00  9.98214034e-10
   9.98214034e-10 -1.36121700e+00  9.98214034e-10 -5.71209857e+00
   9.98214034e-10  9.98214034e-10]]
Train validation errors
[[13510723304.19212, 368296592820.6967], [13510723304.19212, 368296592820.6967], [3.302378103008647e+33, 6.247705517219203e+33], [8.729877680279107e+41, 8.883580208996995e+41], [3.3645377899881743e+40, 3.423775507238793e+40], [8.409250547443581e+32, 1.590925396461596e+33], [6.547159371391462e+27, 1.2356773805871177e+28], [1.5688611091629066e+34, 2.9721879068464406e+34], [8.12600316162875e+25, 1.5855952720416598e+26], [1.8206922055471657e+30, 3.4875842925651076e+30]]
Selected parents:
[[ 0.00000000e+00 -1.45799022e-12 -2.28980078e-13  4.62010753e-11
  -1.75214813e-10 -1.83669770e-15  8.52944060e-16  2.29423303e-05
  -2.04721003e-06 -1.59792834e-08  9.98214034e-10]
 [ 0.00000000e+00 -1.45799022e-12 -2.28980078e-13  4.62010753e-11
  -1.75214813e-10 -1.83669770e-15  8.52944060e-16  2.29423303e-05
  -2.04721003e-06 -1.59792834e-08  9.98214034e-10]
 [ 0.00000000e+00  2.85503940e+00 -2.07600348e+00  7.65500117e+00
  -3.45031106e+00 -1.83669770e-15  2.05752770e+00  2.29423303e-05
  -2.04721003e-06 -1.59792834e-08 -1.36121700e+00]
 [-4.61487941e+00 -1.45799022e-12  7.40565954e+00  1.99492869e+00
  -1.75214813e-10 -1.83669770e-15  6.48578348e+00  7.29844482e+00
   1.66594404e+00 -2.20603380e-01  9.98214034e-10]
 [-1.41886118e+00 -4.14197362e+00  8.42338895e+00  4.62010753e-11
  -3.84731504e+00 -1.83669770e-15  8.52944060e-16  3.00488847e+00
   9.32471930e-01 -1.59792834e-08  9.98214034e-10]
 [ 0.00000000e+00  6.51114007e+00 -7.85513895e+00  4.62010753e-11
   2.16747246e+00 -1.83669770e-15  8.47358850e+00  3.00488847e+00
   1.66594404e+00 -3.10717729e+00  9.98214034e-10]]Population:
[[ 0.00000000e+00  0.00000000e+00  0.00000000e+00  0.00000000e+00
   0.00000000e+00 -4.61487941e+00  0.00000000e+00 -7.49352298e+00
   0.00000000e+00  0.00000000e+00]
 [-1.45799022e-12 -1.45799022e-12 -1.45799022e-12 -6.38100887e+00
  -1.45799022e-12 -1.45799022e-12  3.45867592e+00 -5.77342924e+00
  -1.45799022e-12  2.85503940e+00]
 [-2.28980078e-13 -2.28980078e-13 -6.33816884e-01 -2.28980078e-13
  -5.67778836e+00  7.40565954e+00  7.40565954e+00  7.40565954e+00
  -2.28980078e-13 -2.07600348e+00]
 [ 4.62010753e-11  4.62010753e-11  4.62010753e-11  4.62010753e-11
  -8.90043630e+00  4.62010753e-11  4.62010753e-11  1.99492869e+00
  -3.98764033e+00  3.62681170e+00]
 [-1.75214813e-10 -1.75214813e-10  2.16747246e+00 -3.99318682e+00
  -1.75214813e-10 -1.75214813e-10 -4.02633080e+00 -1.75214813e-10
  -1.75214813e-10  8.88128036e+00]
 [-1.83669770e-15 -1.83669770e-15 -1.83669770e-15 -1.83669770e-15
  -2.51326898e+00 -1.83669770e-15 -1.83669770e-15 -1.83669770e-15
  -1.83669770e-15 -1.83669770e-15]
 [ 8.52944060e-16  8.52944060e-16  8.52944060e-16  8.52944060e-16
   6.48578348e+00  3.62773296e+00 -6.71560695e+00  8.52944060e-16
   2.05752770e+00 -4.14448963e+00]
 [ 2.29423303e-05  2.29423303e-05  3.00488847e+00  2.29423303e-05
   7.29844482e+00  2.29423303e-05  2.29423303e-05 -3.98806267e+00
   7.38254703e+00  2.29423303e-05]
 [-2.04721003e-06 -2.04721003e-06 -3.93529994e+00 -1.69088572e+00
   1.66594404e+00 -2.04721003e-06  1.66594404e+00  1.20400086e+00
   5.90609700e+00  8.47242565e+00]
 [-1.59792834e-08 -1.59792834e-08 -1.59792834e-08 -3.10717729e+00
  -2.90412875e+00 -1.59792834e-08 -1.59792834e-08 -4.31768118e+00
  -1.59792834e-08 -1.59792834e-08]
 [ 9.98214034e-10  9.98214034e-10  9.98214034e-10 -1.27757174e-01
   1.01292935e+00 -1.80142968e+00  9.98214034e-10  6.36153084e+00
   9.98214034e-10  9.98214034e-10]]
Train validation errors
[[13510723304.19212, 368296592820.6967], [13510723304.19212, 368296592820.6967], [1.240642597197365e+27, 2.4010588824402395e+27], [1.66861836957214e+31, 3.196216590535651e+31], [2.315704056305958e+42, 2.3564559537944597e+42], [1.472777678980629e+33, 2.7863118117350397e+33], [2.291882086673642e+26, 4.4434262707040916e+26], [1.7868210804610556e+34, 3.3780971220498877e+34], [3.024615673544839e+27, 5.879776686115855e+27], [5.927706635633951e+27, 1.149244419207722e+28]]
Selected parents:
[[ 0.00000000e+00 -1.45799022e-12 -2.28980078e-13  4.62010753e-11
  -1.75214813e-10 -1.83669770e-15  8.52944060e-16  2.29423303e-05
  -2.04721003e-06 -1.59792834e-08  9.98214034e-10]
 [ 0.00000000e+00 -1.45799022e-12 -2.28980078e-13  4.62010753e-11
  -1.75214813e-10 -1.83669770e-15  8.52944060e-16  2.29423303e-05
  -2.04721003e-06 -1.59792834e-08  9.98214034e-10]
 [ 0.00000000e+00 -1.45799022e-12 -6.33816884e-01  4.62010753e-11
   2.16747246e+00 -1.83669770e-15  8.52944060e-16  3.00488847e+00
  -3.93529994e+00 -1.59792834e-08  9.98214034e-10]
 [ 0.00000000e+00  3.45867592e+00  7.40565954e+00  4.62010753e-11
  -4.02633080e+00 -1.83669770e-15 -6.71560695e+00  2.29423303e-05
   1.66594404e+00 -1.59792834e-08  9.98214034e-10]
 [ 0.00000000e+00 -1.45799022e-12 -2.28980078e-13 -3.98764033e+00
  -1.75214813e-10 -1.83669770e-15  2.05752770e+00  7.38254703e+00
   5.90609700e+00 -1.59792834e-08  9.98214034e-10]
 [ 0.00000000e+00  2.85503940e+00 -2.07600348e+00  3.62681170e+00
   8.88128036e+00 -1.83669770e-15 -4.14448963e+00  2.29423303e-05
   8.47242565e+00 -1.59792834e-08  9.98214034e-10]]Population:
[[ 0.00000000e+00  0.00000000e+00  0.00000000e+00  0.00000000e+00
   0.00000000e+00  0.00000000e+00  0.00000000e+00  1.23779846e+00
   0.00000000e+00  0.00000000e+00]
 [-1.45799022e-12 -1.45799022e-12 -1.45799022e-12 -5.57127393e+00
   2.32697304e+00 -1.45799022e-12  2.85503940e+00  2.85503940e+00
  -1.45799022e-12 -2.56021943e+00]
 [-2.28980078e-13 -2.28980078e-13 -2.07600348e+00 -7.24694186e+00
  -2.28980078e-13 -2.28980078e-13 -2.28980078e-13  7.45734898e+00
  -2.78135462e+00  1.85825584e+00]
 [ 4.62010753e-11  4.62010753e-11 -3.98764033e+00 -3.98764033e+00
   4.62010753e-11  4.62010753e-11  4.62010753e-11  3.05353446e+00
   4.62010753e-11  4.62010753e-11]
 [-1.75214813e-10 -1.75214813e-10 -1.07848364e+00  8.88128036e+00
   2.16747246e+00  2.16747246e+00 -8.41917003e+00 -1.75214813e-10
   2.16747246e+00  2.16747246e+00]
 [-1.83669770e-15 -1.83669770e-15 -1.83669770e-15 -1.83669770e-15
  -3.52013167e+00 -1.83669770e-15 -6.03728819e-01 -1.83669770e-15
  -2.46198722e+00 -1.83669770e-15]
 [ 8.52944060e-16  8.52944060e-16  2.05752770e+00  3.91217262e-01
   5.71510067e+00  8.52944060e-16  8.52944060e-16 -1.06347331e+00
   8.52944060e-16  8.52944060e-16]
 [ 2.29423303e-05  2.29423303e-05 -6.46932336e+00  3.45831423e+00
  -1.16344901e-01  3.00488847e+00  2.29423303e-05  2.29095337e+00
   2.29423303e-05  3.00488847e+00]
 [-2.04721003e-06 -2.04721003e-06 -9.32379731e-01  8.47242565e+00
  -2.04721003e-06 -3.93529994e+00 -2.04721003e-06 -2.04721003e-06
  -6.47967940e+00 -2.04721003e-06]
 [-1.59792834e-08 -1.59792834e-08 -1.59792834e-08 -3.38720201e-01
  -1.59792834e-08 -1.59792834e-08 -1.59792834e-08 -1.59792834e-08
   1.12205977e+00 -1.59792834e-08]
 [ 9.98214034e-10  9.98214034e-10  5.21618226e+00  7.68923599e+00
   9.98214034e-10  9.98214034e-10 -4.50205356e+00 -2.92932131e+00
   9.98214034e-10  9.98214034e-10]]
Train validation errors
[[13510723304.19212, 368296592820.6967], [13510723304.19212, 368296592820.6967], [1.2346188775946916e+34, 2.335737826867672e+34], [2.681047721326102e+34, 5.072049540618175e+34], [4.542903532701056e+42, 4.6228881311728194e+42], [1.2406425971623927e+27, 2.4010588823725794e+27], [1.3369255981818324e+41, 1.3606858898786356e+41], [3.89431246647124e+33, 7.367548880222619e+33], [2.2222200342086098e+42, 2.2613451206889252e+42], [3.227173459715584e+23, 6.306763106923912e+23]]
Selected parents:
[[ 0.00000000e+00 -1.45799022e-12 -2.28980078e-13  4.62010753e-11
  -1.75214813e-10 -1.83669770e-15  8.52944060e-16  2.29423303e-05
  -2.04721003e-06 -1.59792834e-08  9.98214034e-10]
 [ 0.00000000e+00 -1.45799022e-12 -2.28980078e-13  4.62010753e-11
  -1.75214813e-10 -1.83669770e-15  8.52944060e-16  2.29423303e-05
  -2.04721003e-06 -1.59792834e-08  9.98214034e-10]
 [ 0.00000000e+00 -1.45799022e-12 -2.07600348e+00 -3.98764033e+00
  -1.07848364e+00 -1.83669770e-15  2.05752770e+00 -6.46932336e+00
  -9.32379731e-01 -1.59792834e-08  5.21618226e+00]
 [ 0.00000000e+00 -1.45799022e-12 -2.28980078e-13  4.62010753e-11
   2.16747246e+00 -1.83669770e-15  8.52944060e-16  3.00488847e+00
  -3.93529994e+00 -1.59792834e-08  9.98214034e-10]
 [ 1.23779846e+00  2.85503940e+00  7.45734898e+00  3.05353446e+00
  -1.75214813e-10 -1.83669770e-15 -1.06347331e+00  2.29095337e+00
  -2.04721003e-06 -1.59792834e-08 -2.92932131e+00]
 [ 0.00000000e+00 -2.56021943e+00  1.85825584e+00  4.62010753e-11
   2.16747246e+00 -1.83669770e-15  8.52944060e-16  3.00488847e+00
  -2.04721003e-06 -1.59792834e-08  9.98214034e-10]]Best offspring gen errors:
[[1.35107233e+10 3.68296593e+11]
 [1.35107233e+10 3.68296593e+11]
 [1.35107233e+10 3.68296593e+11]
 [1.35107233e+10 3.68296593e+11]
 [1.35107233e+10 3.68296593e+11]
 [1.35107233e+10 3.68296593e+11]
 [1.35107233e+10 3.68296593e+11]]