No of generations: 15
Population size: 16
Mutation coefficient: 0.15
Split point: 7
One offspring per pair
Population:
[[ 0.00000000e+00 -7.94804524e+00  5.98216267e+00 -3.54120149e+00
  -4.43338848e-01 -3.22566620e+00  1.00159096e+00  2.85243204e+00
   5.75873370e+00  4.03859126e+00  9.63783840e+00  2.41550575e+00
   6.46540188e+00  4.46425789e+00 -8.47684107e+00  8.18107713e+00]
 [-1.45799022e-12 -6.74043157e+00  6.87070334e+00 -5.15728370e+00
  -5.69014926e+00 -4.66205486e-01  3.72610083e+00  9.19058307e+00
   6.83333176e+00  6.57889334e-01  2.97044741e+00  6.86565903e+00
  -5.00698739e-01  5.48351901e+00  3.10152261e+00 -2.11637801e+00]
 [-2.28980078e-13  1.29771293e+00 -2.95504586e+00 -6.24518340e+00
   1.42894700e+00 -5.43785581e+00 -1.41935195e+00 -4.43927408e+00
  -8.30355780e+00  1.80235039e+00  8.53253118e+00 -5.59795299e+00
   4.35847570e+00  4.68024311e+00 -8.40978365e+00  2.07368083e+00]
 [ 4.62010753e-11  8.28721589e+00  9.36726187e+00  6.87886111e+00
   9.07130602e+00  6.20185056e-01 -5.30453075e+00 -7.67674968e+00
   8.59011774e+00 -1.56479686e+00 -1.24475616e+00 -5.75280404e+00
  -6.48544232e+00  6.89631060e-01 -2.52586118e+00 -3.18529477e-01]
 [-1.75214813e-10 -4.12460198e+00  8.50077921e+00 -7.32127965e+00
   2.64732076e+00  5.27525142e+00 -1.03392134e-01  3.03541262e+00
  -8.54569762e-01  9.20470741e+00  7.71728027e+00 -6.75417643e+00
  -7.52846124e+00  8.00767149e+00 -8.77043937e+00  5.16911289e+00]
 [-1.83669770e-15 -6.19269397e+00 -3.41514141e-01  6.65271012e+00
  -1.36776826e+00  3.51199549e+00 -1.71224162e+00  8.71294392e+00
  -6.31327693e+00  7.46405595e+00  3.70213771e-01 -6.47156172e+00
   7.64989431e+00 -6.85840063e+00  9.60800979e-01 -3.60605756e+00]
 [ 8.52944060e-16  3.66727710e+00  8.73245448e-01 -3.49756683e+00
   4.50460636e+00  9.35008504e+00 -8.91973700e+00 -4.86189400e+00
  -2.35971933e-01  8.59601261e+00 -1.32147577e+00  8.18500007e+00
   8.29933610e+00 -3.26511259e-01  5.20930871e+00 -4.30047453e+00]
 [ 2.29423303e-05  6.34428643e+00  9.43717115e+00  6.00493788e+00
   2.79484054e+00 -8.06312314e+00  2.38085655e+00 -4.08821583e+00
  -1.74367227e+00  2.30461289e+00 -4.16319308e+00 -8.99189328e+00
  -5.09345088e+00 -1.85018087e+00  4.93490975e-01 -6.92655871e-01]
 [-2.04721003e-06 -3.45955688e+00  3.84015463e+00  2.19837102e+00
   7.19895676e+00 -8.88877955e+00 -7.42657947e+00  8.20358467e-01
  -3.82040433e+00  1.16697794e+00 -6.78311716e+00  6.45154007e+00
   8.46819587e+00  9.85322352e+00 -4.40656594e+00  4.94211988e+00]
 [-1.59792834e-08 -3.54433413e+00  6.54040842e+00 -2.94766616e-01
  -1.13469925e+00 -3.93130746e+00 -6.30359556e+00  4.43993166e+00
  -1.12551165e+00 -1.16375117e-01 -1.55721816e+00 -3.02048671e+00
  -2.62103814e+00 -7.62254705e+00  4.11950012e+00 -6.66120691e+00]
 [ 9.98214034e-10  7.32647765e+00 -8.75353133e+00  3.56737552e+00
  -4.96320001e+00  3.06932050e+00 -4.07564381e+00 -7.89081709e+00
  -3.46279206e+00  9.58323504e+00 -2.79828848e+00 -6.71834653e+00
   5.49643724e-01  9.77068802e-01  7.96624542e+00  5.78543395e+00]]
Train validation errors
[[13510723304.19212, 368296592820.6967], [1.4058607464086414e+43, 1.4305764102967502e+43], [4.282880554909415e+40, 4.360689125157368e+40], [1.6226610691688744e+43, 1.6512497649789102e+43], [6.860286197614129e+41, 6.98162773814636e+41], [4.522174139616441e+42, 4.6018791998172806e+42], [1.0750142856182676e+42, 1.094000317528147e+42], [2.7830473463596677e+43, 2.8319916507003186e+43], [1.461304651029062e+43, 1.487051058327463e+43], [2.0426842091457008e+43, 2.0787070348935048e+43], [5.0223578413457625e+40, 5.109928741977525e+40], [1.535546834332182e+43, 1.5626182038876936e+43], [2.1454993572414532e+43, 2.183277185575906e+43], [1.7244795276879943e+43, 1.7548369681212028e+43], [3.3862257115314256e+41, 3.446476275228308e+41], [4.7669142572064096e+42, 4.8506768249093364e+42]]
Population:
[[ 0.00000000e+00  9.72667176e+00  5.98216267e+00 -3.22566620e+00
  -3.54120149e+00  8.18107713e+00  5.98216267e+00  4.46425789e+00
   0.00000000e+00 -6.61726765e+00  9.63783840e+00  1.00159096e+00
   0.00000000e+00  5.98216267e+00  2.41550575e+00 -4.43338848e-01]
 [-1.45799022e-12  6.87070334e+00  4.50931369e+00 -4.66205486e-01
  -5.15728370e+00 -2.11637801e+00  6.87070334e+00  5.48351901e+00
  -1.45799022e-12  6.87070334e+00  9.22613994e+00  3.72610083e+00
  -1.45799022e-12  6.87070334e+00  6.86565903e+00 -5.69014926e+00]
 [-2.28980078e-13 -2.95504586e+00 -7.86082958e-01 -5.43785581e+00
  -6.24518340e+00  2.07368083e+00 -2.95504586e+00  4.68024311e+00
  -2.28980078e-13 -9.04192680e+00  8.53253118e+00 -1.41935195e+00
  -2.28980078e-13 -2.95504586e+00 -5.59795299e+00  1.42894700e+00]
 [ 4.62010753e-11  1.31367627e+00  9.36726187e+00  6.20185056e-01
   6.87886111e+00 -3.18529477e-01  9.36726187e+00  6.89631060e-01
   4.62010753e-11  9.36726187e+00 -1.24475616e+00  9.42376367e+00
   4.62010753e-11  9.36726187e+00 -5.75280404e+00  9.07130602e+00]
 [-1.75214813e-10  1.38711103e+00  8.50077921e+00  5.27525142e+00
  -7.32127965e+00  5.16911289e+00  8.50077921e+00  8.00767149e+00
  -1.75214813e-10  8.50077921e+00  7.71728027e+00  7.49099302e+00
   5.44707323e+00  8.50077921e+00 -6.75417643e+00  2.64732076e+00]
 [-1.83669770e-15 -3.41514141e-01 -3.41514141e-01  3.51199549e+00
   6.65271012e+00 -3.60605756e+00 -3.41514141e-01 -6.85840063e+00
  -1.83669770e-15 -5.57147756e+00  3.70213771e-01 -1.71224162e+00
  -1.83669770e-15 -3.41514141e-01 -4.43670024e+00 -1.36776826e+00]
 [ 8.52944060e-16  8.73245448e-01  8.73245448e-01  9.35008504e+00
  -8.29634412e+00 -1.14499322e+00  8.73245448e-01 -3.26511259e-01
   8.52944060e-16  8.73245448e-01 -1.32147577e+00 -8.91973700e+00
  -6.19679306e-01  8.73245448e-01  8.18500007e+00  3.89121487e+00]
 [ 9.43717115e+00  3.78539345e+00 -8.06312314e+00  9.43717115e+00
  -6.92655871e-01  6.00493788e+00 -1.85018087e+00  9.43717115e+00
   9.43717115e+00  2.29423303e-05  2.38085655e+00 -4.16319308e+00
   9.43717115e+00  2.29423303e-05  2.79484054e+00  6.90345244e+00]
 [ 3.84015463e+00 -2.04721003e-06 -8.88877955e+00  2.79157591e+00
   4.94211988e+00  2.19837102e+00  9.85322352e+00  3.84015463e+00
   3.84015463e+00 -2.04721003e-06 -7.42657947e+00 -6.78311716e+00
   3.84015463e+00 -2.04721003e-06  7.19895676e+00  6.45154007e+00]
 [ 6.54040842e+00 -1.59792834e-08 -3.93130746e+00  9.23987186e+00
  -6.66120691e+00 -2.94766616e-01 -7.62254705e+00  6.54040842e+00
  -8.13177461e-01 -1.59792834e-08 -6.30359556e+00 -1.55721816e+00
   6.54040842e+00 -1.59792834e-08 -1.13469925e+00 -1.87256140e+00]
 [-8.75353133e+00  9.98214034e-10  3.06932050e+00 -8.75353133e+00
   5.78543395e+00  3.56737552e+00  9.77068802e-01 -8.75353133e+00
  -8.75353133e+00  9.98214034e-10 -8.62247799e+00 -2.79828848e+00
  -8.75353133e+00  9.98214034e-10 -4.96320001e+00 -6.71834653e+00]]
Train validation errors
[[3.3718273621936692e+34, 6.374142065631285e+34], [4.2759545411546005e+40, 4.3512390944340296e+40], [4.2735568501906024e+40, 4.3479688094641842e+40], [4.521220148436416e+42, 4.600577896720305e+42], [1.6226937692332974e+43, 1.6512943575293072e+43], [4.767091492263819e+42, 4.8509185104267533e+42], [4.275290796755905e+40, 4.350334841179495e+40], [1.7246318839875433e+43, 1.7550447857744436e+43], [3.489242235309534e+34, 6.601784339584476e+34], [1.1380372280620911e+43, 1.1580740723495392e+43], [5.017206071083278e+40, 5.102900664626963e+40], [1.0749589592356939e+42, 1.093924787742776e+42], [3.371827361857787e+34, 6.3741420649757735e+34], [4.275954566537663e+40, 4.351239129921919e+40], [7.217173782657524e+42, 7.344423218818289e+42], [6.860855767993562e+41, 6.982404933499836e+41]]
Population:
[[ 5.98216267e+00  0.00000000e+00 -2.33617593e+00  9.72667176e+00
   0.00000000e+00  0.00000000e+00  5.98216267e+00  5.98216267e+00
   0.00000000e+00  9.72667176e+00  0.00000000e+00  0.00000000e+00
   0.00000000e+00  5.98216267e+00  5.98216267e+00  9.63783840e+00]
 [ 6.87070334e+00 -1.45799022e-12  4.50931369e+00  6.87070334e+00
  -1.45799022e-12 -1.45799022e-12  4.50931369e+00  6.87070334e+00
  -1.45799022e-12  6.87070334e+00 -1.45799022e-12 -1.45799022e-12
  -1.45799022e-12 -5.22172968e+00  4.50931369e+00  9.22613994e+00]
 [-2.95504586e+00 -2.28980078e-13 -7.86082958e-01 -2.95504586e+00
  -2.28980078e-13 -2.28980078e-13 -7.86082958e-01 -2.95504586e+00
  -2.28980078e-13 -2.95504586e+00 -2.28980078e-13 -2.28980078e-13
   8.54498875e+00 -7.86082958e-01 -7.86082958e-01 -9.15206003e+00]
 [ 9.36726187e+00  4.62010753e-11  9.36726187e+00  1.31367627e+00
   4.62010753e-11  4.62010753e-11 -7.09022101e-01  9.36726187e+00
   4.62010753e-11  1.31367627e+00  4.62010753e-11  4.62010753e-11
   2.57988510e-02  9.36726187e+00  9.36726187e+00 -1.24475616e+00]
 [ 8.50077921e+00 -1.75214813e-10  8.50077921e+00  1.87406404e+00
   5.44707323e+00 -1.75214813e-10  8.50077921e+00  8.50077921e+00
  -1.75214813e-10  1.38711103e+00  5.44707323e+00 -1.75214813e-10
   5.44707323e+00  8.50077921e+00  8.50077921e+00  7.71728027e+00]
 [-3.41514141e-01 -1.83669770e-15 -3.41514141e-01 -3.41514141e-01
  -1.83669770e-15 -1.83669770e-15 -3.41514141e-01 -3.41514141e-01
  -1.83669770e-15 -3.41514141e-01 -1.83669770e-15 -1.83669770e-15
  -1.83669770e-15 -3.41514141e-01 -3.41514141e-01  3.70213771e-01]
 [ 8.73245448e-01  8.52944060e-16  8.73245448e-01  8.73245448e-01
  -6.19679306e-01  8.52944060e-16  8.73245448e-01  8.73245448e-01
   8.52944060e-16  8.73245448e-01 -6.19679306e-01  8.52944060e-16
  -6.19679306e-01  8.73245448e-01  8.73245448e-01 -1.32147577e+00]
 [ 9.43717115e+00 -1.85018087e+00  3.78539345e+00 -8.06312314e+00
   9.43717115e+00  7.07926191e+00 -1.85018087e+00 -8.06312314e+00
   3.78539345e+00  9.43717115e+00  9.43717115e+00  9.43717115e+00
  -8.06312314e+00  9.43717115e+00  2.38085655e+00 -8.06312314e+00]
 [-3.84141571e+00  9.85322352e+00 -2.04721003e-06 -8.88877955e+00
   3.84015463e+00  3.84015463e+00  9.85322352e+00 -8.88877955e+00
  -2.04721003e-06  3.84015463e+00  3.84015463e+00  3.84015463e+00
  -8.88877955e+00  5.15629237e+00 -7.42657947e+00 -8.88877955e+00]
 [ 6.54040842e+00 -7.62254705e+00 -1.59792834e-08 -6.16439167e+00
   6.54040842e+00  6.54040842e+00 -7.62254705e+00 -3.93130746e+00
  -1.59792834e-08  6.54040842e+00  6.54040842e+00  6.54040842e+00
  -3.93130746e+00  6.54040842e+00 -6.30359556e+00 -3.93130746e+00]
 [-8.75353133e+00  9.77068802e-01  9.98214034e-10  3.06932050e+00
  -8.75353133e+00 -8.75353133e+00  9.77068802e-01  3.06932050e+00
  -6.96973189e+00 -8.75353133e+00 -8.75353133e+00 -8.75353133e+00
   3.06932050e+00 -8.75353133e+00 -8.62247799e+00  3.06932050e+00]]
Train validation errors
[[4.2828830963471643e+40, 4.360692650705968e+40], [3.1078075610889584e+32, 5.8187930349540554e+32], [4.275954541154193e+40, 4.3512390944334454e+40], [4.27359321996528e+40, 4.3480188272446435e+40], [3.371827361857787e+34, 6.3741420649757735e+34], [3.3718430748592028e+34, 6.3741733008259e+34], [4.2752907967559166e+40, 4.3503348411795116e+40], [4.2735568501906024e+40, 4.3479688094641842e+40], [2.204604485343928e+34, 4.170834975083361e+34], [4.2828805549098224e+40, 4.360689125157953e+40], [3.371827361857787e+34, 6.3741420649757735e+34], [3.3718273621936692e+34, 6.374142065631285e+34], [4.0463835228241515e+33, 7.644703944488429e+33], [4.2828801194670205e+40, 4.360688521100399e+40], [4.2829884318333144e+40, 4.360838779446293e+40], [5.027423845692889e+40, 5.116840054242918e+40]]
Population:
[[ 0.00000000e+00  0.00000000e+00  0.00000000e+00  0.00000000e+00
   0.00000000e+00 -3.32100882e+00  5.98216267e+00  0.00000000e+00
   0.00000000e+00  0.00000000e+00  0.00000000e+00  0.00000000e+00
   5.98216267e+00  5.98216267e+00  9.72667176e+00  0.00000000e+00]
 [-1.45799022e-12 -1.45799022e-12 -1.45799022e-12 -1.45799022e-12
  -1.45799022e-12 -1.13489630e-01  6.87070334e+00 -1.45799022e-12
  -1.45799022e-12 -1.45799022e-12 -1.45799022e-12 -1.45799022e-12
   4.50931369e+00  6.87070334e+00  6.87070334e+00 -1.45799022e-12]
 [-2.28980078e-13 -2.28980078e-13  8.54498875e+00 -2.28980078e-13
  -2.28980078e-13 -9.15206003e+00 -2.95504586e+00 -2.28980078e-13
  -2.28980078e-13 -2.28980078e-13  8.54498875e+00 -2.28980078e-13
  -7.86082958e-01 -2.95504586e+00 -2.95504586e+00 -2.28980078e-13]
 [ 4.62010753e-11  4.62010753e-11  2.57988510e-02  4.62010753e-11
   4.62010753e-11 -1.24475616e+00  9.36726187e+00  4.62010753e-11
   1.07914099e+00  4.62010753e-11  2.57988510e-02  4.62010753e-11
  -7.09022101e-01  9.36726187e+00  1.31367627e+00  4.62010753e-11]
 [-1.75214813e-10 -1.75214813e-10  5.44707323e+00 -7.61647816e+00
  -1.75214813e-10  7.71728027e+00  2.76751395e+00  6.90749189e+00
  -1.75214813e-10 -1.75214813e-10  5.44707323e+00 -1.75214813e-10
   8.50077921e+00  8.50077921e+00  1.87406404e+00  5.44707323e+00]
 [-1.83669770e-15 -1.83669770e-15 -1.83669770e-15 -1.83669770e-15
  -1.83669770e-15  3.70213771e-01 -3.41514141e-01 -1.83669770e-15
  -1.83669770e-15 -1.83669770e-15 -1.83669770e-15 -1.83669770e-15
  -3.41514141e-01 -3.41514141e-01 -3.41514141e-01 -4.89960875e+00]
 [ 8.52944060e-16  8.52944060e-16 -6.19679306e-01 -6.19679306e-01
   8.52944060e-16 -1.32147577e+00  8.73245448e-01  8.52944060e-16
   7.44944825e+00  8.52944060e-16 -6.19679306e-01  8.52944060e-16
   8.73245448e-01  8.73245448e-01  8.73245448e-01 -6.19679306e-01]
 [ 9.43717115e+00 -1.85018087e+00  9.43717115e+00 -8.06312314e+00
  -8.06312314e+00  9.43717115e+00  3.78539345e+00 -8.06312314e+00
  -1.85018087e+00  9.43717115e+00 -1.85018087e+00 -8.06312314e+00
   7.12107130e+00 -1.85018087e+00  9.43717115e+00 -8.06312314e+00]
 [ 3.84015463e+00  9.85322352e+00  3.84015463e+00 -8.81721346e+00
  -8.88877955e+00  3.84015463e+00  3.62255145e+00 -8.88877955e+00
   9.85322352e+00  3.84015463e+00  9.85322352e+00 -8.88877955e+00
   6.58161288e+00  9.85322352e+00  3.84015463e+00 -8.88877955e+00]
 [ 6.54040842e+00 -7.62254705e+00  6.54040842e+00 -4.65616156e+00
   1.15675626e+00  6.54040842e+00 -1.59792834e-08  1.25009950e+00
  -7.62254705e+00  6.54040842e+00 -7.62254705e+00 -3.93130746e+00
  -3.93130746e+00 -7.62254705e+00  6.54040842e+00 -6.16439167e+00]
 [-8.75353133e+00  9.77068802e-01 -8.75353133e+00  3.06932050e+00
   3.06932050e+00  4.73599857e+00 -6.96973189e+00  3.06932050e+00
   9.77068802e-01 -8.75353133e+00  9.77068802e-01  3.06932050e+00
   3.06932050e+00  9.77068802e-01 -7.94834726e+00  3.06932050e+00]]
Train validation errors
[[3.3718273621936692e+34, 6.374142065631285e+34], [3.1078075610889584e+32, 5.8187930349540554e+32], [3.371827361857526e+34, 6.374142064975254e+34], [4.0068462170546947e+33, 7.568029700725471e+33], [4.3301931424745495e+33, 8.19495193753241e+33], [5.029065255558542e+40, 5.119082020261479e+40], [4.2815533737874786e+40, 4.358878967149176e+40], [4.3354930624429214e+33, 8.205225358052556e+33], [3.1078075611008905e+32, 5.8187930349800055e+32], [3.3718273621936692e+34, 6.374142065631285e+34], [3.1078075643433716e+32, 5.818793041210718e+32], [4.04638352165906e+33, 7.644703942216858e+33], [4.2735516369753145e+40, 4.347961580133618e+40], [4.275290796755905e+40, 4.350334841179495e+40], [4.2822332608441177e+40, 4.35980567665963e+40], [8.800792493556879e+42, 8.955626270446906e+42]]
Population:
[[ 0.00000000e+00  0.00000000e+00  0.00000000e+00  0.00000000e+00
   0.00000000e+00  5.98216267e+00  0.00000000e+00  0.00000000e+00
   0.00000000e+00 -8.14879514e+00 -7.58848480e+00  0.00000000e+00
   0.00000000e+00  5.98216267e+00  0.00000000e+00  0.00000000e+00]
 [-1.45799022e-12 -1.45799022e-12 -1.45799022e-12 -1.45799022e-12
  -1.45799022e-12  6.87070334e+00  9.22299594e+00 -1.45799022e-12
  -1.45799022e-12 -1.45799022e-12 -1.45799022e-12 -1.45799022e-12
  -1.45799022e-12  4.50931369e+00 -1.45799022e-12  6.43546951e+00]
 [-2.28980078e-13 -2.28980078e-13 -2.28980078e-13  8.54498875e+00
  -2.28980078e-13 -2.95504586e+00  7.63640165e+00 -2.28980078e-13
  -2.28980078e-13  8.54498875e+00  8.54498875e+00 -2.28980078e-13
  -2.28980078e-13  3.47911940e+00 -2.28980078e-13 -2.28980078e-13]
 [-6.72620256e-01  4.62010753e-11  4.62010753e-11  2.57988510e-02
   4.62010753e-11  9.36726187e+00  4.62010753e-11  4.62010753e-11
   4.62010753e-11  8.22689384e+00  2.57988510e-02  4.62010753e-11
  -7.76655759e+00 -7.09022101e-01  1.07914099e+00  4.62010753e-11]
 [ 6.90749189e+00 -1.75214813e-10  6.90749189e+00  5.44707323e+00
  -7.61647816e+00  2.76751395e+00 -1.75214813e-10 -1.75214813e-10
  -7.61647816e+00  5.44707323e+00  5.44707323e+00 -1.75214813e-10
  -7.61647816e+00  3.27890300e+00 -1.75214813e-10 -9.48942868e+00]
 [-1.83669770e-15 -1.83669770e-15 -1.83669770e-15 -1.83669770e-15
  -1.83669770e-15 -3.41514141e-01 -1.83669770e-15 -1.83669770e-15
  -1.83669770e-15 -1.83669770e-15 -1.83669770e-15 -1.83669770e-15
  -1.83669770e-15 -3.41514141e-01 -1.83669770e-15 -1.83669770e-15]
 [ 8.52944060e-16  8.52944060e-16  8.52944060e-16 -6.19679306e-01
  -6.19679306e-01  8.73245448e-01 -4.77299554e+00  8.52944060e-16
  -6.19679306e-01 -6.19679306e-01 -6.19679306e-01 -1.16649467e+00
  -6.78834445e+00  8.73245448e-01  7.44944825e+00  8.52944060e-16]
 [-1.85018087e+00 -8.06312314e+00 -5.37404296e+00 -8.06312314e+00
   3.78539345e+00 -8.06312314e+00 -8.06312314e+00 -1.85018087e+00
  -1.85018087e+00 -8.06312314e+00 -8.06312314e+00 -1.85018087e+00
   7.12107130e+00 -8.06312314e+00 -8.06312314e+00 -1.85018087e+00]
 [ 9.85322352e+00 -8.88877955e+00  9.85322352e+00 -8.88877955e+00
   3.62255145e+00 -8.81721346e+00 -8.88877955e+00  9.85322352e+00
   7.79726985e+00 -8.81721346e+00 -8.88877955e+00  9.85322352e+00
   6.58161288e+00  2.86113253e+00 -8.88877955e+00  9.85322352e+00]
 [-7.62254705e+00  1.25009950e+00 -7.62254705e+00  1.25009950e+00
  -1.59792834e-08 -4.65616156e+00  1.15675626e+00 -7.62254705e+00
  -7.62254705e+00 -4.65616156e+00 -3.93130746e+00 -7.62254705e+00
  -3.93130746e+00 -4.65616156e+00 -3.93130746e+00 -3.68257124e+00]
 [ 9.77068802e-01  3.06932050e+00  9.77068802e-01  3.06932050e+00
  -6.96973189e+00  3.06932050e+00  3.06932050e+00  9.77068802e-01
   9.77068802e-01  3.06932050e+00  3.06932050e+00  9.77068802e-01
   3.06932050e+00  3.06932050e+00  4.73422133e+00  9.77068802e-01]]
Train validation errors
[[3.107807565205244e+32, 5.818793042865758e+32], [4.3354930609175313e+33, 8.20522535506941e+33], [3.107584394974103e+32, 5.8183473592461304e+32], [4.335493062121355e+33, 8.205225357423706e+33], [2.20363069013122e+34, 4.168968132852869e+34], [4.2735686320710804e+40, 4.3479850122980783e+40], [4.330193142475306e+33, 8.1949519375339e+33], [3.1078075610889584e+32, 5.8187930349540554e+32], [3.1012416776409037e+32, 5.806290001935839e+32], [4.0068462198679436e+33, 7.568029706214393e+33], [4.0463835228241515e+33, 7.644703944488429e+33], [3.1078075610889584e+32, 5.8187930349540554e+32], [4.0645766596283893e+33, 7.679573685874642e+33], [4.273564773529244e+40, 4.3479796623892975e+40], [9.816674828919654e+33, 1.8555598555565188e+34], [3.732085818668368e+32, 7.031045365913224e+32]]
Population:
[[-7.58848480e+00  0.00000000e+00  0.00000000e+00 -8.74485669e+00
   0.00000000e+00  5.98216267e+00  0.00000000e+00  0.00000000e+00
  -7.58848480e+00  0.00000000e+00  0.00000000e+00  0.00000000e+00
   0.00000000e+00 -7.58848480e+00  0.00000000e+00  0.00000000e+00]
 [-1.45799022e-12  6.43546951e+00 -1.45799022e-12  6.43546951e+00
  -1.45799022e-12  4.50931369e+00  6.43546951e+00 -1.45799022e-12
  -1.45799022e-12 -1.45799022e-12 -1.45799022e-12 -1.45799022e-12
  -1.45799022e-12 -1.45799022e-12 -1.45799022e-12 -1.45799022e-12]
 [ 8.54498875e+00 -2.28980078e-13 -2.28980078e-13 -2.28980078e-13
  -2.28980078e-13  3.47911940e+00  9.69405699e+00 -2.28980078e-13
   8.54498875e+00 -2.28980078e-13 -2.28980078e-13 -2.28980078e-13
  -2.28980078e-13  8.54498875e+00 -2.28980078e-13 -2.28980078e-13]
 [ 2.57988510e-02  4.62010753e-11  4.62010753e-11  4.62010753e-11
   4.62010753e-11 -7.09022101e-01 -7.43165184e+00 -1.55452271e+00
   2.57988510e-02  4.62010753e-11 -7.76655759e+00  4.62010753e-11
   4.62010753e-11  2.57988510e-02  4.62010753e-11 -6.72620256e-01]
 [ 5.44707323e+00 -9.48942868e+00 -1.75214813e-10 -9.48942868e+00
  -7.61647816e+00  3.27890300e+00 -9.48942868e+00  6.90749189e+00
   5.44707323e+00  6.90749189e+00 -7.61647816e+00  9.43322160e+00
   6.90749189e+00  5.44707323e+00 -1.75214813e-10  6.90749189e+00]
 [-1.83669770e-15 -1.83669770e-15  3.09855344e+00 -1.83669770e-15
  -1.83669770e-15 -3.41514141e-01 -1.83669770e-15 -1.83669770e-15
  -1.83669770e-15 -1.83669770e-15 -1.83669770e-15  7.25442647e-01
  -1.83669770e-15 -1.83669770e-15 -1.83669770e-15 -1.83669770e-15]
 [-6.19679306e-01  8.52944060e-16  8.52944060e-16  8.52944060e-16
  -6.19679306e-01 -3.70267827e+00  8.52944060e-16  2.71560581e+00
  -9.40986894e+00  8.52944060e-16 -7.17982437e-01 -1.16649467e+00
   8.52944060e-16 -6.19679306e-01 -1.16649467e+00  8.52944060e-16]
 [-1.85018087e+00 -8.06312314e+00 -1.85018087e+00 -1.85018087e+00
  -8.06312314e+00  6.63346431e-01 -1.85018087e+00  2.99492682e+00
  -5.37404296e+00 -8.06312314e+00 -1.85018087e+00  7.12107130e+00
  -8.06312314e+00 -5.37404296e+00 -1.85018087e+00 -1.85018087e+00]
 [ 9.85322352e+00 -8.88877955e+00  9.85322352e+00  9.85322352e+00
   2.86113253e+00  7.79726985e+00  9.85322352e+00  9.85322352e+00
  -9.47631474e+00 -8.88877955e+00  9.85322352e+00  6.58161288e+00
  -8.88877955e+00  9.85322352e+00  9.85322352e+00  9.85322352e+00]
 [-3.68257124e+00 -3.93130746e+00 -3.68257124e+00 -7.62254705e+00
   6.56320356e+00 -7.62254705e+00  5.81420775e+00 -3.68257124e+00
  -7.62254705e+00 -3.93130746e+00 -5.81053459e+00 -3.93130746e+00
  -3.93130746e+00  7.62421489e+00 -7.62254705e+00 -7.62254705e+00]
 [ 9.77068802e-01  3.06932050e+00  9.77068802e-01  9.77068802e-01
   3.06932050e+00  9.77068802e-01  9.77068802e-01  9.77068802e-01
   9.77068802e-01 -1.36177345e+00  9.77068802e-01  3.06932050e+00
   3.06932050e+00  9.77068802e-01  9.77068802e-01  9.77068802e-01]]
Train validation errors
[[3.7320858283950664e+32, 7.031045384785025e+32], [4.0463835196309296e+33, 7.644703938262668e+33], [3.519993231258423e+42, 3.581990815544133e+42], [3.1078075554238657e+32, 5.818793024062896e+32], [4.657206640411189e+33, 8.828452498475206e+33], [4.2752914593631026e+40, 4.350335759787729e+40], [5.482933439219383e+32, 1.042482736757824e+33], [3.732424218156236e+32, 7.031719329916626e+32], [3.0461316639242528e+32, 5.701336311538858e+32], [9.479769467776462e+32, 1.798281201099777e+33], [3.387479176788102e+32, 6.362056450373366e+32], [1.9299087374867397e+41, 1.964064572053546e+41], [4.0463835231353717e+33, 7.644703945095186e+33], [5.855789420905129e+32, 1.1146705205277854e+33], [3.1078075610889584e+32, 5.8187930349540554e+32], [3.107807565205244e+32, 5.818793042865758e+32]]
Population:
[[ 0.00000000e+00 -1.99509879e+00  0.00000000e+00  0.00000000e+00
   0.00000000e+00 -7.58848480e+00  0.00000000e+00  0.00000000e+00
  -7.58848480e+00  0.00000000e+00  0.00000000e+00  0.00000000e+00
   0.00000000e+00 -7.92313302e+00 -7.58848480e+00 -8.74485669e+00]
 [-1.45799022e-12 -1.45799022e-12  6.43546951e+00 -1.45799022e-12
   6.43546951e+00 -1.45799022e-12 -1.45799022e-12 -1.45799022e-12
  -1.45799022e-12 -1.45799022e-12 -1.45799022e-12 -1.45799022e-12
  -1.45799022e-12  6.43546951e+00 -1.45799022e-12  6.43546951e+00]
 [-2.28980078e-13 -2.28980078e-13  9.69405699e+00 -2.28980078e-13
   9.69405699e+00  8.54498875e+00  3.05229103e+00 -2.28980078e-13
   8.54498875e+00 -2.28980078e-13 -2.28980078e-13 -2.28980078e-13
  -2.28980078e-13 -2.28980078e-13 -6.05378235e+00 -2.28980078e-13]
 [-1.55452271e+00  4.62010753e-11 -7.43165184e+00  4.62010753e-11
  -7.43165184e+00  2.57988510e-02  4.62010753e-11  4.62010753e-11
   2.57988510e-02 -7.76655759e+00 -7.76655759e+00  4.62010753e-11
   4.62010753e-11  4.62010753e-11  2.57988510e-02  4.62010753e-11]
 [ 6.90749189e+00 -1.75214813e-10 -5.46288266e+00 -1.75214813e-10
  -9.48942868e+00  5.44707323e+00 -7.61647816e+00 -1.75214813e-10
   5.44707323e+00 -7.61647816e+00 -7.61647816e+00  6.90749189e+00
   6.90749189e+00 -9.48942868e+00  5.44707323e+00 -9.48942868e+00]
 [-1.83669770e-15 -4.51727882e+00 -1.83669770e-15 -1.83669770e-15
  -1.83669770e-15 -1.83669770e-15 -1.83669770e-15 -1.83669770e-15
  -1.83669770e-15  6.37250295e+00 -1.83669770e-15 -1.83669770e-15
  -1.83669770e-15 -1.83669770e-15 -1.83669770e-15 -1.83669770e-15]
 [ 2.71560581e+00  1.06836343e+00  8.52944060e-16  7.67429840e+00
   8.52944060e-16 -1.62384445e+00 -6.19679306e-01 -1.16649467e+00
  -6.19679306e-01 -7.17982437e-01 -7.17982437e-01  8.52944060e-16
   8.52944060e-16  8.52944060e-16 -6.19679306e-01  8.52944060e-16]
 [-1.85018087e+00  2.99492682e+00 -1.85018087e+00 -1.85018087e+00
  -5.37404296e+00 -1.85018087e+00 -1.85018087e+00 -8.06312314e+00
  -1.85018087e+00 -5.37404296e+00 -8.06312314e+00 -1.85018087e+00
  -8.06312314e+00 -8.06312314e+00 -1.85018087e+00 -1.85018087e+00]
 [ 9.85322352e+00  9.85322352e+00  9.85322352e+00  9.85322352e+00
  -9.47631474e+00 -1.52415408e+00  9.85322352e+00  2.86113253e+00
   1.41135922e+00  9.85322352e+00  2.34670769e+00  9.85322352e+00
  -8.88877955e+00 -8.88877955e+00 -5.51367468e+00  9.85322352e+00]
 [-7.62254705e+00 -3.68257124e+00 -7.62254705e+00  5.81420775e+00
  -7.62254705e+00  5.81420775e+00 -7.62254705e+00  6.56320356e+00
  -5.81053459e+00 -3.04301725e+00 -3.93130746e+00 -5.81053459e+00
  -3.93130746e+00 -3.93130746e+00 -7.62254705e+00 -3.68257124e+00]
 [ 9.77068802e-01  9.77068802e-01  2.10183825e-01  9.77068802e-01
   9.77068802e-01  9.77068802e-01  9.77068802e-01  3.06932050e+00
   9.77068802e-01  9.77068802e-01  3.06932050e+00  9.77068802e-01
   2.31606693e-01 -1.36177345e+00  9.77068802e-01  9.77068802e-01]]
Train validation errors
[[3.107807565195493e+32, 5.8187930428445514e+32], [7.481073177616602e+42, 7.612755327579413e+42], [2.0486262448040587e+30, 2.7466495159559313e+30], [5.482933446743168e+32, 1.0424827382437221e+33], [3.0461316550170724e+32, 5.701336294397608e+32], [5.4348574387799446e+32, 1.0332301609728533e+33], [3.1078075565427843e+32, 5.8187930262139974e+32], [4.6572066421514527e+33, 8.828452501888569e+33], [3.359380220951523e+32, 6.3084526652689465e+32], [1.4888118183196332e+43, 1.5150293413676238e+43], [4.0593375196019777e+33, 7.669513707272472e+33], [3.38747918590999e+32, 6.362056468009027e+32], [1.0072745883539966e+31, 1.8354160167023173e+31], [9.479769484668087e+32, 1.7982812044169274e+33], [3.058900862526152e+32, 5.7256686630944386e+32], [3.732085818668367e+32, 7.031045365913221e+32]]
Population:
[[ 0.00000000e+00 -7.00740218e-01 -7.58848480e+00  0.00000000e+00
  -7.58848480e+00  0.00000000e+00 -8.74485669e+00  0.00000000e+00
  -1.28889669e+00  0.00000000e+00 -8.74485669e+00 -7.58848480e+00
   0.00000000e+00  0.00000000e+00  0.00000000e+00  0.00000000e+00]
 [-1.45799022e-12 -1.45799022e-12 -1.45799022e-12 -1.45799022e-12
  -1.45799022e-12 -1.45799022e-12  6.43546951e+00 -1.45799022e-12
  -1.45799022e-12  6.43546951e+00  1.40838817e+00 -1.45799022e-12
  -1.45799022e-12 -1.45799022e-12  6.43546951e+00 -1.45799022e-12]
 [-2.28980078e-13 -2.28980078e-13 -6.05378235e+00 -1.34581960e+00
  -6.05378235e+00 -2.28980078e-13 -2.28980078e-13 -2.28980078e-13
  -2.28980078e-13  9.69405699e+00 -2.28980078e-13  8.54498875e+00
  -2.28980078e-13 -2.28980078e-13  9.69405699e+00  3.05229103e+00]
 [ 4.62010753e-11 -7.76655759e+00  2.57988510e-02  4.62010753e-11
   2.57988510e-02  4.62010753e-11  4.62010753e-11  4.62010753e-11
   4.62010753e-11 -7.43165184e+00  4.62010753e-11  2.57988510e-02
   4.62010753e-11 -7.76655759e+00 -7.43165184e+00  4.62010753e-11]
 [-1.75214813e-10 -7.61647816e+00  5.44707323e+00 -7.61647816e+00
   5.44707323e+00  6.90749189e+00 -9.48942868e+00  6.90749189e+00
  -1.75214813e-10  8.82784464e+00 -9.48942868e+00  5.44707323e+00
   6.90749189e+00  9.04711369e+00 -9.48942868e+00 -7.61647816e+00]
 [-1.83669770e-15  6.37250295e+00 -1.83669770e-15 -1.83669770e-15
  -1.83669770e-15 -1.83669770e-15 -1.83669770e-15 -1.83669770e-15
  -4.51727882e+00 -1.83669770e-15 -1.83669770e-15 -2.95891417e-01
  -1.83669770e-15  4.88580040e+00 -1.83669770e-15 -1.83669770e-15]
 [ 7.67429840e+00 -7.17982437e-01 -6.19679306e-01 -6.19679306e-01
  -6.19679306e-01  8.52944060e-16  8.52944060e-16  8.52944060e-16
   5.22138231e+00  8.52944060e-16  8.52944060e-16 -6.19679306e-01
   8.52944060e-16 -7.17982437e-01  8.52944060e-16 -6.19679306e-01]
 [-5.37404296e+00 -1.85018087e+00 -1.85018087e+00 -1.85018087e+00
  -8.06312314e+00  5.21331279e+00 -8.06312314e+00 -1.85018087e+00
  -1.85018087e+00 -3.91291658e+00 -1.85018087e+00 -1.85018087e+00
  -5.37404296e+00 -1.86516851e+00 -1.85018087e+00 -5.37404296e+00]
 [ 9.85322352e+00  9.85322352e+00  9.08840957e+00 -5.51367468e+00
  -8.88877955e+00 -5.51367468e+00 -8.88877955e+00  3.31779532e+00
   9.85322352e+00  9.85322352e+00  1.41135922e+00  9.85322352e+00
   9.85322352e+00  9.85322352e+00  9.85322352e+00 -9.47631474e+00]
 [ 8.51954586e+00  5.81420775e+00 -7.62254705e+00 -7.62254705e+00
  -3.93130746e+00 -7.62254705e+00 -3.93130746e+00 -3.68257124e+00
  -7.62254705e+00 -2.55926205e+00  5.76163982e+00 -3.68257124e+00
  -3.04301725e+00 -5.81053459e+00 -7.62254705e+00 -7.62254705e+00]
 [ 9.77068802e-01  9.77068802e-01  9.77068802e-01  9.77068802e-01
   2.31606693e-01  9.77068802e-01  2.31606693e-01  9.77068802e-01
   1.43935260e+00  2.93114026e+00  9.77068802e-01  9.77068802e-01
   9.77068802e-01  9.77068802e-01  9.77068802e-01  9.77068802e-01]]
Train validation errors
[[6.0450455151968005e+32, 1.1513037649009639e+33], [1.4888145114243894e+43, 1.515033045604483e+43], [3.105364244547921e+32, 5.814140340173614e+32], [3.0589008547913927e+32, 5.725668648226502e+32], [1.0072745867624732e+31, 1.8354160137358658e+31], [3.059344690848123e+32, 5.7265548271476816e+32], [1.0072745705129846e+31, 1.8354159834447067e+31], [3.709246116805809e+32, 6.987388736680044e+32], [7.48103256180647e+42, 7.612700008209181e+42], [3.7735248658092755e+33, 7.132879545270896e+33], [5.436626490887595e+32, 1.0335581638576858e+33], [3.209187490346027e+40, 3.2654718720279277e+40], [3.8388203549363375e+32, 7.238155286945138e+32], [8.751692763389452e+42, 8.905813632028794e+42], [3.1078075553442622e+32, 5.818793023889083e+32], [3.0461316562033612e+32, 5.701336296698299e+32]]
Population:
[[ 0.00000000e+00 -7.58848480e+00  0.00000000e+00 -8.74485669e+00
  -8.74485669e+00 -7.00740218e-01 -8.74485669e+00  0.00000000e+00
   1.27089666e+00  0.00000000e+00  0.00000000e+00  0.00000000e+00
   0.00000000e+00  0.00000000e+00  0.00000000e+00  0.00000000e+00]
 [-1.45799022e-12 -1.45799022e-12 -1.45799022e-12  6.43546951e+00
   6.43546951e+00 -1.45799022e-12  1.40838817e+00 -1.45799022e-12
   6.43546951e+00  9.87138428e+00 -1.45799022e-12  6.43546951e+00
  -1.45799022e-12  6.43546951e+00 -1.45799022e-12 -1.45799022e-12]
 [ 3.05229103e+00 -6.05378235e+00  3.05229103e+00 -2.28980078e-13
  -2.28980078e-13 -2.28980078e-13 -2.28980078e-13 -2.28980078e-13
   9.69405699e+00  7.51712895e-01  3.05229103e+00  9.69405699e+00
   3.05229103e+00  9.69405699e+00 -2.28980078e-13 -2.28980078e-13]
 [-1.24998281e+00  2.57988510e-02  4.62010753e-11  4.62010753e-11
   4.62010753e-11 -7.76655759e+00  4.62010753e-11  4.62010753e-11
  -7.43165184e+00  4.62010753e-11  4.62010753e-11 -7.43165184e+00
   4.62010753e-11 -7.43165184e+00  4.62010753e-11  4.62010753e-11]
 [-7.61647816e+00  5.44707323e+00 -7.61647816e+00 -9.48942868e+00
   1.24320060e+00 -7.61647816e+00 -9.48942868e+00 -1.75214813e-10
  -9.48942868e+00 -7.61647816e+00  5.95568528e+00 -9.48942868e+00
   5.76118166e+00  8.82784464e+00  6.90749189e+00 -1.75214813e-10]
 [-1.83669770e-15 -1.83669770e-15 -1.83669770e-15 -1.83669770e-15
  -1.83669770e-15  6.37250295e+00 -1.83669770e-15 -8.62035306e+00
  -1.83669770e-15 -1.83669770e-15 -1.83669770e-15 -1.83669770e-15
  -1.83669770e-15 -9.39161624e+00 -1.83669770e-15  3.76016997e-01]
 [-6.19679306e-01 -6.19679306e-01 -6.19679306e-01  8.52944060e-16
   7.20642886e+00 -7.17982437e-01 -3.31619076e+00  7.67429840e+00
   8.52944060e-16 -6.19679306e-01 -6.19679306e-01  8.52944060e-16
  -6.19679306e-01  8.52944060e-16  8.52944060e-16  7.63564963e-01]
 [-8.06312314e+00 -5.37404296e+00 -3.56096867e+00 -5.37404296e+00
  -1.85018087e+00 -8.06312314e+00 -5.37404296e+00 -1.85018087e+00
  -2.64193230e+00 -1.85018087e+00 -1.85018087e+00 -5.37404296e+00
  -3.91291658e+00 -5.37404296e+00 -5.37404296e+00  5.21331279e+00]
 [-8.88877955e+00 -9.47631474e+00 -8.88877955e+00 -9.47631474e+00
   9.85322352e+00 -8.88877955e+00  9.85322352e+00  1.41135922e+00
   1.85066777e+00 -1.53713440e+00  9.85322352e+00 -9.47631474e+00
   9.85322352e+00  6.31270205e+00  9.85322352e+00 -5.51367468e+00]
 [-3.93130746e+00 -7.62254705e+00 -3.93130746e+00 -7.62254705e+00
   5.81420775e+00 -3.93130746e+00  8.51954586e+00  5.76163982e+00
  -7.62254705e+00 -7.62254705e+00 -7.62254705e+00 -7.62254705e+00
  -2.55926205e+00 -7.62254705e+00  8.51954586e+00 -7.62254705e+00]
 [ 2.31606693e-01  9.77068802e-01  2.31606693e-01  9.77068802e-01
   9.77068802e-01  2.31606693e-01  9.77068802e-01  9.77068802e-01
   9.77068802e-01  9.77068802e-01  8.82911177e+00  9.77068802e-01
   2.93114026e+00  9.77068802e-01  9.77068802e-01  9.77068802e-01]]
Train validation errors
[[1.0072745725287503e+31, 1.83541598719315e+31], [3.046131663920425e+32, 5.701336311531559e+32], [1.0077758434217705e+31, 1.836425406523995e+31], [3.0461316550958753e+32, 5.701336294569598e+32], [5.482933447714452e+32, 1.0424827384353376e+33], [1.488800260329975e+43, 1.5150135666751241e+43], [6.0450455074314044e+32, 1.1513037633632802e+33], [2.724346032194384e+43, 2.772304490750504e+43], [3.0822400117908193e+32, 5.770102958938095e+32], [3.0715191912731146e+32, 5.749694217722031e+32], [3.4186000503546174e+34, 6.461889004943103e+34], [3.0461316550170724e+32, 5.701336294397608e+32], [3.773524865205255e+33, 7.132879544097858e+33], [3.2336568176636605e+43, 3.2905838917612953e+43], [6.045045520849352e+32, 1.1513037660202678e+33], [5.184315450258052e+40, 5.275843025274471e+40]]
Population:
[[ 0.00000000e+00  0.00000000e+00  0.00000000e+00 -8.74485669e+00
   3.13608942e+00  0.00000000e+00  0.00000000e+00 -7.58848480e+00
  -8.74485669e+00 -8.74485669e+00  0.00000000e+00 -7.58848480e+00
   1.27089666e+00 -7.00740218e-01  1.27089666e+00 -8.74485669e+00]
 [ 9.87138428e+00 -1.45799022e-12 -1.45799022e-12  6.43546951e+00
  -1.45799022e-12 -4.26833323e+00 -1.45799022e-12 -1.45799022e-12
   6.43546951e+00  6.43546951e+00 -1.45799022e-12 -1.45799022e-12
   6.43546951e+00 -1.45799022e-12  6.43546951e+00  1.40838817e+00]
 [ 7.51712895e-01  3.05229103e+00 -2.28980078e-13 -2.28980078e-13
   3.05229103e+00  7.51712895e-01  3.05229103e+00 -6.05378235e+00
  -2.28980078e-13 -2.28980078e-13 -2.28980078e-13 -6.05378235e+00
   9.69405699e+00 -2.28980078e-13  9.69405699e+00 -2.28980078e-13]
 [ 4.62010753e-11  4.62010753e-11  4.62010753e-11  4.62010753e-11
   4.62010753e-11  4.62010753e-11  4.62010753e-11  2.57988510e-02
  -5.10834966e+00  4.62010753e-11  4.62010753e-11  2.56567130e+00
  -7.43165184e+00 -7.76655759e+00 -7.43165184e+00  4.62010753e-11]
 [ 3.32016929e+00 -7.61647816e+00  6.90749189e+00 -9.48942868e+00
   5.95568528e+00 -7.61647816e+00  5.95568528e+00  5.44707323e+00
  -9.48942868e+00  1.24320060e+00 -3.51891868e-01  5.44707323e+00
   1.50231885e+00 -7.61647816e+00 -9.48942868e+00 -9.48942868e+00]
 [-1.83669770e-15 -1.83669770e-15 -1.83669770e-15 -1.83669770e-15
  -1.83669770e-15 -1.83669770e-15 -1.83669770e-15 -1.83669770e-15
  -1.83669770e-15 -1.83669770e-15 -9.78554010e+00 -6.84610534e+00
  -1.83669770e-15  9.94309617e+00 -1.83669770e-15  6.46550941e+00]
 [-6.19679306e-01 -6.19679306e-01  8.52944060e-16  8.52944060e-16
  -6.19679306e-01 -6.19679306e-01 -6.19679306e-01 -6.19679306e-01
   8.52944060e-16  7.20642886e+00  8.52944060e-16 -6.19679306e-01
   3.02202796e+00 -7.17982437e-01  8.52944060e-16 -3.31619076e+00]
 [-3.56096867e+00 -1.85018087e+00 -9.05402744e+00 -5.37404296e+00
  -1.85018087e+00 -1.85018087e+00 -5.37404296e+00 -1.85018087e+00
  -1.85018087e+00 -5.37404296e+00 -5.37404296e+00 -5.37404296e+00
  -8.06312314e+00 -2.64193230e+00 -5.37404296e+00 -2.64193230e+00]
 [-8.88877955e+00 -1.53713440e+00 -9.47631474e+00  9.85322352e+00
  -2.62921051e+00  9.85322352e+00 -9.47631474e+00  4.46434974e-01
  -4.78699437e+00 -9.47631474e+00 -9.47631474e+00  9.85322352e+00
  -8.88877955e+00  1.85066777e+00  9.85322352e+00  1.55016063e+00]
 [-3.93130746e+00 -7.62254705e+00 -7.62254705e+00  8.51954586e+00
  -7.62254705e+00 -7.62254705e+00 -7.62254705e+00 -7.62254705e+00
   5.81420775e+00 -7.62254705e+00  1.28703647e+00  8.51954586e+00
  -3.93130746e+00 -7.62254705e+00  8.51954586e+00 -7.62254705e+00]
 [ 2.31606693e-01  8.59151518e+00  9.77068802e-01 -2.00623234e+00
   2.63399500e+00  8.82911177e+00  9.77068802e-01 -5.91113586e+00
   9.77068802e-01 -1.18321971e+00 -5.58419781e+00  9.77068802e-01
   2.31606693e-01 -9.95236706e+00  9.77068802e-01 -2.53647165e+00]]
Train validation errors
[[1.007775855323422e+31, 1.836425428711237e+31], [3.2302807495034204e+34, 6.105676935067377e+34], [3.0459009354712434e+32, 5.7008756545473e+32], [1.5198068328299338e+33, 2.860830179948531e+33], [2.788526817131633e+33, 5.25852109191597e+33], [3.4186000495117487e+34, 6.461889003298489e+34], [3.046131664223067e+32, 5.7013363121131665e+32], [1.669583700600377e+34, 3.1625418433159516e+34], [5.421109483436906e+32, 1.0305843229422695e+33], [8.172190063539108e+32, 1.5542757515343553e+33], [3.510759945598347e+43, 3.572616494781221e+43], [1.7182967034478692e+43, 1.74854340795326e+43], [1.0072745823373043e+31, 1.835416005432421e+31], [3.624354438577555e+43, 3.688084631024087e+43], [6.045045507315011e+32, 1.1513037633387221e+33], [1.5325321761369832e+43, 1.559500482312285e+43]]
Population:
[[-8.74485669e+00  1.27089666e+00 -8.74485669e+00 -8.74485669e+00
   0.00000000e+00 -7.58848480e+00 -8.74485669e+00  0.00000000e+00
   3.13608942e+00  0.00000000e+00  8.10933578e+00 -8.74485669e+00
   1.27089666e+00  3.13608942e+00  0.00000000e+00  0.00000000e+00]
 [ 6.43546951e+00  6.43546951e+00  6.43546951e+00  6.43546951e+00
   9.87138428e+00 -1.45799022e-12  6.43546951e+00 -1.45799022e-12
  -1.45799022e-12 -1.45799022e-12 -1.45799022e-12  6.43546951e+00
   6.43546951e+00 -1.45799022e-12  9.87138428e+00 -6.22369055e+00]
 [-2.28980078e-13  9.69405699e+00 -2.28980078e-13 -2.28980078e-13
   7.51712895e-01 -6.05378235e+00 -2.28980078e-13 -2.28980078e-13
   3.05229103e+00 -2.28980078e-13 -2.28980078e-13 -2.28980078e-13
   9.69405699e+00  2.88641632e+00  7.51712895e-01 -2.28980078e-13]
 [ 4.62010753e-11 -7.43165184e+00 -5.10834966e+00  4.62010753e-11
   4.62010753e-11  2.57988510e-02 -5.10834966e+00  9.34669971e+00
   4.62010753e-11  4.62010753e-11  4.62010753e-11  4.62010753e-11
  -7.43165184e+00  4.62010753e-11  4.62010753e-11  4.62010753e-11]
 [-9.48942868e+00 -9.48942868e+00 -9.48942868e+00 -9.48942868e+00
   8.20474458e+00  5.44707323e+00 -9.48942868e+00  6.90749189e+00
   5.95568528e+00  6.90749189e+00  6.90749189e+00  3.21107696e+00
   1.50231885e+00 -7.28618523e+00  3.32016929e+00  6.90749189e+00]
 [-1.83669770e-15  5.75278339e+00 -1.83669770e-15 -1.83669770e-15
  -1.83669770e-15 -1.83669770e-15 -1.83669770e-15 -1.83669770e-15
  -1.83669770e-15 -1.83669770e-15 -1.83669770e-15 -1.83669770e-15
  -1.83669770e-15 -1.83669770e-15 -1.83669770e-15 -1.83669770e-15]
 [ 8.52944060e-16  8.52944060e-16  4.57266779e+00  8.52944060e-16
  -6.19679306e-01  9.87214604e-02  8.52944060e-16  8.52944060e-16
  -6.19679306e-01  8.52944060e-16  8.52944060e-16  8.52944060e-16
   3.02202796e+00 -6.19679306e-01 -6.19679306e-01  8.52944060e-16]
 [-5.37404296e+00 -5.37404296e+00 -5.37404296e+00 -1.85018087e+00
  -1.85018087e+00 -3.56096867e+00 -9.05402744e+00 -1.85018087e+00
  -9.05402744e+00 -1.85018087e+00 -5.50633440e+00 -9.05402744e+00
  -1.85018087e+00 -8.06312314e+00 -9.05402744e+00 -3.56096867e+00]
 [ 9.85322352e+00  9.85322352e+00  9.85322352e+00 -4.78699437e+00
   4.46434974e-01 -8.88877955e+00 -9.47631474e+00 -4.78699437e+00
  -9.47631474e+00 -2.62921051e+00  9.85322352e+00 -9.47631474e+00
  -2.62921051e+00 -8.88877955e+00 -9.47631474e+00 -8.88877955e+00]
 [ 8.51954586e+00  8.51954586e+00  8.51954586e+00  5.81420775e+00
  -7.62254705e+00 -3.93130746e+00 -7.62254705e+00  5.81420775e+00
  -7.62254705e+00 -3.73798315e+00  8.51954586e+00 -7.62254705e+00
  -7.62254705e+00 -3.93130746e+00  6.77679837e-01 -3.93130746e+00]
 [ 9.77068802e-01 -2.00623234e+00 -2.00623234e+00  9.77068802e-01
  -5.91113586e+00  2.31606693e-01  9.77068802e-01  9.77068802e-01
   9.77068802e-01  2.63399500e+00 -2.00623234e+00  9.77068802e-01
   2.63399500e+00  2.31606693e-01  9.77068802e-01  2.31606693e-01]]
Train validation errors
[[6.0450455074314404e+32, 1.1513037633632878e+33], [1.2132851530137913e+43, 1.234638294741313e+43], [1.5198068328425897e+33, 2.8608301799757986e+33], [5.4211094835145465e+32, 1.0305843229586843e+33], [1.669583700480864e+34, 3.16254184308187e+34], [1.0077758576352772e+31, 1.836425433021308e+31], [3.0459009257268697e+32, 5.7008756358034595e+32], [5.421109496391077e+32, 1.0305843255010764e+33], [3.0459009349096474e+32, 5.70087565346784e+32], [2.9679000152015376e+33, 5.606441842877389e+33], [1.5198086939527838e+33, 2.8608338870765746e+33], [3.045900933287161e+32, 5.700875650349264e+32], [2.78852681631554e+33, 5.258521090324695e+33], [1.0072745729116444e+31, 1.8354159879159804e+31], [4.418336497067646e+32, 8.363643992012922e+32], [1.0077758592271318e+31, 1.8364254359885004e+31]]
Population:
[[ 0.00000000e+00 -8.74485669e+00  1.78478894e+00 -8.74485669e+00
   0.00000000e+00 -8.74485669e+00  3.13608942e+00 -8.74485669e+00
  -8.07400778e+00  0.00000000e+00  0.00000000e+00  0.00000000e+00
   1.27089666e+00  3.30049422e-01  0.00000000e+00 -8.74485669e+00]
 [ 9.87138428e+00  6.43546951e+00 -1.45799022e-12  6.43546951e+00
  -6.22369055e+00  6.43546951e+00 -1.45799022e-12  6.43546951e+00
   6.43546951e+00 -1.45799022e-12 -6.22369055e+00  9.87138428e+00
   6.43546951e+00 -1.45799022e-12 -1.45799022e-12  6.43546951e+00]
 [ 7.51712895e-01 -2.28980078e-13 -1.12383690e+00 -2.28980078e-13
  -2.28980078e-13 -2.28980078e-13  3.05229103e+00 -2.28980078e-13
  -2.28980078e-13 -2.28980078e-13 -2.28980078e-13  7.51712895e-01
   9.69405699e+00  2.88641632e+00  3.28318186e+00 -2.28980078e-13]
 [ 3.22962299e+00  4.62010753e-11  2.57988510e-02  9.62672187e-01
   4.62010753e-11 -5.10834966e+00  4.62010753e-11  8.45239867e+00
  -5.10834966e+00  9.34669971e+00  4.62010753e-11  4.62010753e-11
  -7.43165184e+00  4.62010753e-11  4.62010753e-11  4.62010753e-11]
 [ 3.32016929e+00 -9.48942868e+00  5.44707323e+00  3.21107696e+00
   6.90749189e+00 -9.48942868e+00  5.95568528e+00 -9.48942868e+00
  -9.48942868e+00  6.90749189e+00  6.90749189e+00  3.32016929e+00
   1.50231885e+00 -7.28618523e+00  6.90749189e+00 -9.48942868e+00]
 [-1.83669770e-15 -1.83669770e-15 -1.83669770e-15 -1.53190414e+00
  -1.83669770e-15 -1.83669770e-15 -1.83669770e-15 -1.83669770e-15
  -1.83669770e-15 -2.16177190e+00  1.92690584e+00 -1.83669770e-15
  -1.83669770e-15  8.47173547e+00 -1.83669770e-15 -1.83669770e-15]
 [-6.19679306e-01  8.52944060e-16  9.87214604e-02  8.52944060e-16
   8.52944060e-16  8.52944060e-16 -6.19679306e-01  8.52944060e-16
   8.52944060e-16  8.52944060e-16  8.52944060e-16 -6.19679306e-01
   3.02202796e+00 -6.19679306e-01  8.52944060e-16  8.52944060e-16]
 [-5.37404296e+00 -9.05402744e+00 -9.05402744e+00 -3.56096867e+00
  -4.29958445e+00 -3.56096867e+00 -1.85018087e+00 -9.05402744e+00
  -1.85018087e+00 -9.05402744e+00 -9.78828423e+00 -3.56096867e+00
  -8.06312314e+00 -1.85018087e+00 -6.12927117e+00 -1.85018087e+00]
 [ 9.85322352e+00 -9.47631474e+00 -9.47631474e+00 -8.88877955e+00
  -9.47631474e+00 -8.88877955e+00 -4.78699437e+00 -9.47631474e+00
  -4.78699437e+00 -9.47631474e+00 -9.47631474e+00 -8.88877955e+00
  -8.88877955e+00 -2.62921051e+00  9.85322352e+00 -2.62921051e+00]
 [ 8.51954586e+00  6.77679837e-01 -7.62254705e+00 -3.93130746e+00
  -7.62254705e+00 -3.93130746e+00  5.81420775e+00 -7.62254705e+00
   5.81420775e+00 -7.62254705e+00  6.77679837e-01 -3.93130746e+00
  -3.93130746e+00 -7.62254705e+00  8.51954586e+00 -3.73798315e+00]
 [ 9.77068802e-01  9.77068802e-01  9.77068802e-01  3.77470561e+00
   9.77068802e-01  2.31606693e-01  9.77068802e-01  9.77068802e-01
   9.77068802e-01  9.77068802e-01  9.77068802e-01  2.31606693e-01
   2.31606693e-01  2.63399500e+00  9.77068802e-01  2.63399500e+00]]
Train validation errors
[[6.045045517966207e+32, 1.1513037654500166e+33], [4.4183364880406004e+32, 8.363643974350458e+32], [3.04590093460831e+32, 5.7008756528887215e+32], [8.602243863379322e+41, 8.753238501733218e+41], [3.04619903349064e+32, 5.7014708169475515e+32], [1.0077758412854824e+31, 1.8364254025045565e+31], [5.4211094955108446e+32, 1.0305843253254114e+33], [3.0459009258752947e+32, 5.700875636126128e+32], [5.421109483436906e+32, 1.0305843229422695e+33], [1.713266354346353e+42, 1.7434166301192547e+42], [1.361290930812234e+42, 1.3852739990821528e+42], [1.007775855323422e+31, 1.836425428711237e+31], [1.0072745823373043e+31, 1.835416005432421e+31], [2.631289431325385e+43, 2.677634295919464e+43], [6.0449775581282735e+32, 1.1512903108363977e+33], [2.9679000121996967e+33, 5.60644183702627e+33]]
Population:
[[ 1.78478894e+00 -1.90910244e+00 -8.74485669e+00 -8.74485669e+00
  -8.07400778e+00  0.00000000e+00 -8.74485669e+00 -6.67146390e+00
   1.27089666e+00  0.00000000e+00 -5.82135115e+00 -8.74485669e+00
   1.27089666e+00 -8.74485669e+00  3.95364702e+00  9.97527667e+00]
 [-1.45799022e-12  6.43546951e+00  7.18914602e+00  6.43546951e+00
   6.43546951e+00 -1.45799022e-12  6.43546951e+00  9.87138428e+00
   6.43546951e+00 -6.22369055e+00  9.87138428e+00  6.43546951e+00
   6.43546951e+00  6.43546951e+00  6.43546951e+00  6.43546951e+00]
 [-1.12383690e+00 -2.28980078e-13 -2.28980078e-13 -2.28980078e-13
  -2.28980078e-13  3.28318186e+00 -2.28980078e-13  7.51712895e-01
   9.69405699e+00 -2.28980078e-13  7.51712895e-01 -2.28980078e-13
   9.69405699e+00 -2.28980078e-13 -2.28980078e-13 -2.28980078e-13]
 [ 2.57988510e-02 -9.59299233e+00  4.62010753e-11  5.03431610e+00
  -5.10834966e+00  4.62010753e-11  4.62010753e-11  4.62010753e-11
  -7.43165184e+00 -4.34996776e+00  3.22962299e+00  4.62010753e-11
  -7.43165184e+00  9.62672187e-01  4.62010753e-11  8.45239867e+00]
 [-3.09452456e+00 -9.48942868e+00 -9.48942868e+00 -9.48942868e+00
  -9.48942868e+00  6.90749189e+00 -9.48942868e+00  3.32016929e+00
   1.50231885e+00  6.90749189e+00  3.32016929e+00 -9.48942868e+00
   1.50231885e+00  3.21107696e+00 -9.48942868e+00 -8.60119449e+00]
 [-1.83669770e-15 -1.83669770e-15 -1.83669770e-15 -1.83669770e-15
  -3.21930339e-01 -1.83669770e-15 -1.83669770e-15 -1.83669770e-15
  -1.83669770e-15 -1.83669770e-15 -1.83669770e-15 -1.83669770e-15
  -1.83669770e-15 -5.08202512e-01 -1.83669770e-15 -1.83669770e-15]
 [ 9.87214604e-02  8.52944060e-16  8.52944060e-16  8.52944060e-16
   8.52944060e-16 -6.99484292e+00  8.52944060e-16 -6.19679306e-01
   3.02202796e+00  8.52944060e-16 -6.19679306e-01  8.52944060e-16
   3.02202796e+00  8.52944060e-16  8.52944060e-16  8.52944060e-16]
 [-1.85018087e+00 -9.05402744e+00 -3.56096867e+00 -1.85018087e+00
  -6.12927117e+00 -1.85018087e+00  2.25207427e+00 -9.05402744e+00
  -4.29958445e+00 -8.06312314e+00  2.61048895e+00 -5.37404296e+00
  -3.56096867e+00 -8.06312314e+00 -9.05402744e+00 -1.85018087e+00]
 [-4.78699437e+00 -9.47631474e+00 -6.83523621e-01 -2.62921051e+00
   9.85322352e+00 -4.78699437e+00 -8.88877955e+00 -9.47631474e+00
  -9.47631474e+00  7.19017339e-01 -9.47631474e+00  9.85322352e+00
  -8.88877955e+00 -8.88877955e+00 -9.47631474e+00 -2.62921051e+00]
 [ 5.81420775e+00 -7.62254705e+00 -3.93130746e+00 -3.73798315e+00
   8.51954586e+00  2.30506271e+00 -3.93130746e+00  6.77679837e-01
  -7.62254705e+00 -3.93130746e+00  6.77679837e-01 -7.50593153e+00
  -3.93130746e+00 -3.93130746e+00 -7.62254705e+00 -3.73798315e+00]
 [ 9.77068802e-01  9.77068802e-01  2.31606693e-01  2.63399500e+00
   9.77068802e-01  3.93646819e+00  2.31606693e-01  9.77068802e-01
   9.77068802e-01  2.31606693e-01  9.77068802e-01  9.77068802e-01
   3.77470561e+00  2.31606693e-01  9.77068802e-01  2.63399500e+00]]
Train validation errors
[[5.421109488481059e+32, 1.0305843239385216e+33], [3.0459009256777852e+32, 5.700875635696752e+32], [1.0554626706863493e+31, 1.9260813522640485e+31], [2.9679000122172805e+33, 5.606441837063927e+33], [3.798740722864415e+40, 3.865318841221438e+40], [7.192907484786506e+33, 1.3615709760717208e+34], [1.0084232811749532e+31, 1.8377291525713421e+31], [4.4183364970676436e+32, 8.363643992012922e+32], [3.0461990302179775e+32, 5.701470810636579e+32], [1.063209801238023e+31, 1.9405838838380662e+31], [4.419227780786617e+32, 8.365414230912776e+32], [3.125201190845415e+32, 5.852577764061582e+32], [6.184097210026807e+33, 1.168655642194422e+34], [9.46850021979467e+40, 9.635147071366563e+40], [3.045900925782783e+32, 5.70087563592501e+32], [2.967900012391832e+33, 5.606441837406458e+33]]
Population:
[[-8.74485669e+00 -8.74485669e+00 -8.74485669e+00  1.27089666e+00
  -8.74485669e+00 -5.82135115e+00 -8.74485669e+00 -8.74485669e+00
   0.00000000e+00 -6.67146390e+00  0.00000000e+00 -6.67146390e+00
   1.27089666e+00 -8.74485669e+00  0.00000000e+00  1.78478894e+00]
 [ 6.43546951e+00  6.43546951e+00  6.43546951e+00 -6.32383609e+00
   6.43546951e+00  9.87138428e+00  6.43546951e+00  6.43546951e+00
  -8.83690854e+00  9.87138428e+00 -1.87737040e+00  9.87138428e+00
   6.43546951e+00  6.43546951e+00 -1.45799022e-12 -1.45799022e-12]
 [-2.28980078e-13 -2.28980078e-13 -2.28980078e-13  9.69405699e+00
  -2.28980078e-13  7.51712895e-01 -2.28980078e-13  7.41979837e+00
   3.28318186e+00  7.51712895e-01 -2.28980078e-13  7.51712895e-01
   9.69405699e+00 -2.28980078e-13  1.65903643e+00 -1.12383690e+00]
 [ 5.03431610e+00  4.62010753e-11  4.62010753e-11 -7.43165184e+00
   4.62010753e-11  3.22962299e+00  4.62010753e-11 -7.26609220e+00
   4.62010753e-11  4.62010753e-11  2.72187430e+00  4.62010753e-11
  -7.43165184e+00  4.62010753e-11 -1.97913049e+00  2.57988510e-02]
 [-9.48942868e+00 -9.48942868e+00 -9.48942868e+00  1.50231885e+00
  -9.48942868e+00  3.32016929e+00 -9.48942868e+00 -9.48942868e+00
   6.90749189e+00  2.82650688e-01 -3.41089158e+00  3.32016929e+00
   1.50231885e+00 -9.48942868e+00  6.90749189e+00 -3.09452456e+00]
 [-1.83669770e-15 -1.83669770e-15 -1.83669770e-15 -1.83669770e-15
  -1.83669770e-15 -1.83669770e-15 -1.83669770e-15 -1.83669770e-15
  -1.83669770e-15 -1.83669770e-15 -1.83669770e-15 -1.83669770e-15
  -1.83669770e-15 -1.83669770e-15 -1.83669770e-15 -1.83669770e-15]
 [ 8.52944060e-16  8.52944060e-16  8.52944060e-16  3.02202796e+00
   8.52944060e-16 -6.19679306e-01  8.52944060e-16  8.52944060e-16
  -6.99484292e+00 -3.09485436e+00  8.52944060e-16 -6.19679306e-01
   3.02202796e+00  8.52944060e-16 -6.95116719e+00  9.87214604e-02]
 [ 2.25207427e+00 -1.85018087e+00 -3.56096867e+00  2.25207427e+00
   2.61048895e+00  1.23742048e+00 -1.85018087e+00 -5.37404296e+00
  -9.05402744e+00 -1.85018087e+00 -7.23742176e+00 -8.06312314e+00
   2.25207427e+00 -3.56096867e+00 -1.85018087e+00 -1.85018087e+00]
 [-8.88877955e+00 -2.62921051e+00 -8.88877955e+00 -8.88877955e+00
  -9.47631474e+00 -8.88877955e+00 -2.62921051e+00  9.85322352e+00
  -9.47631474e+00 -4.78699437e+00 -9.47631474e+00  7.19017339e-01
  -8.88877955e+00 -8.88877955e+00 -4.12636224e-01 -4.78699437e+00]
 [-8.26738089e+00 -3.73798315e+00 -3.93130746e+00 -3.93130746e+00
   6.77679837e-01 -3.93130746e+00 -1.91829105e+00 -7.50593153e+00
   6.77679837e-01  2.30506271e+00  6.77679837e-01 -3.93130746e+00
   2.88287710e+00 -3.93130746e+00  5.81420775e+00  2.30506271e+00]
 [ 2.31606693e-01  2.63399500e+00  3.77470561e+00  2.31606693e-01
   9.77068802e-01  2.31606693e-01  2.63399500e+00  9.77068802e-01
   9.77068802e-01  3.93646819e+00  9.77068802e-01  2.31606693e-01
   2.31606693e-01  3.77470561e+00  9.77068802e-01  3.93646819e+00]]
Train validation errors
[[2.1336664590086947e+30, 2.758437132446074e+30], [2.9679000121996967e+33, 5.60644183702627e+33], [6.184097207159701e+33, 1.1686556416358886e+34], [1.0084232930055799e+31, 1.8377291745733534e+31], [4.41922777171493e+32, 8.365414213155005e+32], [1.008310268594919e+31, 1.8375015780451238e+31], [3.053927869946257e+33, 5.773260369589029e+33], [3.1252011907667806e+32, 5.852577763890094e+32], [4.418336499596272e+32, 8.363643996960448e+32], [7.192907482902129e+33, 1.3615709757030862e+34], [4.418475292491596e+32, 8.363919663344084e+32], [1.063209797311359e+31, 1.9405838765406855e+31], [3.7232626487716967e+31, 7.101539423396772e+31], [6.184097207159701e+33, 1.1686556416358886e+34], [5.439544823964237e+32, 1.0341322689628676e+33], [7.192907481941559e+33, 1.3615709755151733e+34]]
Population:
[[-8.74485669e+00  1.27089666e+00 -8.74485669e+00  0.00000000e+00
   9.09639424e+00 -6.67146390e+00  0.00000000e+00 -8.74485669e+00
  -8.74485669e+00 -1.10994391e+00 -8.74485669e+00 -9.34979928e+00
  -8.74485669e+00 -8.74485669e+00 -8.74485669e+00 -7.10359396e+00]
 [-3.76372820e+00  6.43546951e+00  6.43546951e+00 -1.45799022e-12
   6.06154371e+00  9.87138428e+00 -1.87737040e+00  6.43546951e+00
   9.21227551e+00  6.43546951e+00  6.43546951e+00  6.43546951e+00
   6.43546951e+00  6.43546951e+00  6.43546951e+00  9.87138428e+00]
 [-2.28980078e-13  9.69405699e+00 -2.28980078e-13  1.65903643e+00
   3.28318186e+00  7.51712895e-01 -2.28980078e-13 -2.28980078e-13
   7.41979837e+00 -2.28980078e-13 -2.28980078e-13 -4.41623517e-01
  -2.28980078e-13 -2.28980078e-13 -2.28980078e-13  7.51712895e-01]
 [ 4.62010753e-11 -7.43165184e+00  4.62010753e-11 -1.97913049e+00
  -3.80218369e+00  4.62010753e-11  2.72187430e+00  5.03431610e+00
  -7.26609220e+00  4.62010753e-11  5.03431610e+00  4.62010753e-11
   4.62010753e-11  4.62010753e-11  4.62010753e-11  3.22962299e+00]
 [-9.48942868e+00  1.50231885e+00 -9.48942868e+00  6.90749189e+00
   6.90749189e+00  2.82650688e-01 -3.41089158e+00 -9.48942868e+00
  -9.48942868e+00 -6.59293712e-01 -3.21893316e+00 -9.48942868e+00
  -9.48942868e+00 -9.48942868e+00 -9.48942868e+00 -8.27116100e-01]
 [-1.83669770e-15 -1.83669770e-15 -1.83669770e-15 -1.83669770e-15
  -1.83669770e-15 -1.83669770e-15 -1.83669770e-15 -1.83669770e-15
  -1.83669770e-15 -1.83669770e-15 -1.83669770e-15 -1.83669770e-15
  -1.83669770e-15 -1.83669770e-15 -1.83669770e-15 -1.83669770e-15]
 [ 8.52944060e-16  3.02202796e+00  8.52944060e-16 -6.95116719e+00
  -6.99484292e+00 -3.09485436e+00  8.52944060e-16  8.52944060e-16
   8.52944060e-16  8.52944060e-16  8.52944060e-16  8.52944060e-16
   8.52944060e-16  8.52944060e-16  8.52944060e-16 -4.37903432e+00]
 [ 2.25207427e+00 -1.85018087e+00 -1.85018087e+00  2.61048895e+00
  -1.85018087e+00 -9.05402744e+00  2.25207427e+00 -7.23742176e+00
   2.61048895e+00 -5.37404296e+00 -3.56096867e+00  2.25207427e+00
   2.61048895e+00 -3.56096867e+00  1.23742048e+00 -3.56096867e+00]
 [-8.88877955e+00 -2.62921051e+00 -4.12636224e-01 -9.47631474e+00
  -4.78699437e+00 -9.47631474e+00 -8.88877955e+00 -9.47631474e+00
  -9.47631474e+00  9.85322352e+00 -8.88877955e+00 -8.88877955e+00
  -9.47631474e+00 -8.88877955e+00 -8.88877955e+00 -8.88877955e+00]
 [ 2.88287710e+00 -1.91829105e+00  5.81420775e+00  6.77679837e-01
   2.30506271e+00  6.77679837e-01 -8.26738089e+00  6.77679837e-01
   6.77679837e-01 -3.48986696e+00 -3.93130746e+00 -8.26738089e+00
   6.77679837e-01 -3.93130746e+00 -3.93130746e+00 -3.93130746e+00]
 [ 2.31606693e-01  2.63399500e+00  2.54866534e+00  9.77068802e-01
   3.93646819e+00  9.77068802e-01  2.31606693e-01  9.77068802e-01
   9.77068802e-01  9.77068802e-01  3.77470561e+00  2.31606693e-01
   9.77068802e-01  3.77470561e+00  2.31606693e-01  3.77470561e+00]]
Train validation errors
[[3.723262626825609e+31, 7.101539379761998e+31], [3.053927871960397e+33, 5.773260373515068e+33], [3.226283801731824e+33, 6.116607488796884e+33], [4.419227783244415e+32, 8.365414235709388e+32], [7.192907484765732e+33, 1.3615709760672892e+34], [4.418336494927137e+32, 8.363643987824773e+32], [2.1336664889200193e+30, 2.7584371782629235e+30], [4.418475288239445e+32, 8.363919655029763e+32], [4.419227771618737e+32, 8.36541421294949e+32], [3.7639080229798955e+32, 7.092788906586898e+32], [6.184097208841474e+33, 1.1686556419644078e+34], [2.1336664587432385e+30, 2.758437131651217e+30], [4.41922777171493e+32, 8.365414213155005e+32], [6.184097207159701e+33, 1.1686556416358886e+34], [1.0083102545889002e+31, 1.837501551910164e+31], [6.18409720946426e+33, 1.1686556420857138e+34]]
