Fitness funtion: -1 * (train_validation_error[:, 1] + train_validation_error[:, 0])
Initialed with the best that we have until now
Starting all over again with new root population
No of generations: 5
Population size: 10
Mutation coefficient: 0.2
Split point: 7
Two offspring per pair
Population:
[[ 3.83073822e-02 -8.87306296e-13 -2.28980078e-13  4.62010753e-11
  -1.75214813e-10 -1.83669770e-15  8.67198966e-16  2.29423303e-05
  -2.16141589e-06 -1.59792834e-08  9.30690409e-10]
 [-6.04756926e-01 -1.45799022e-12 -2.23196759e-13  4.04218365e-11
  -1.75214813e-10 -2.72028174e-15  8.52944060e-16  2.29423303e-05
  -1.73161913e-06 -1.59792834e-08  9.98214034e-10]
 [ 0.00000000e+00 -1.45799022e-12 -2.28980078e-13  3.85076575e-11
  -1.75214813e-10 -1.40977013e-15  8.52944060e-16  2.29423303e-05
  -2.28857229e-06 -1.59393005e-08  1.05996028e-09]
 [ 0.00000000e+00 -2.06263764e-12 -2.01070835e-13  5.15398483e-11
  -1.75214813e-10 -1.83669770e-15  8.52944060e-16  2.89847653e-05
  -1.92801192e-06 -1.40698680e-08  9.98214034e-10]
 [ 0.00000000e+00 -1.45799022e-12 -2.28980078e-13  4.92995530e-11
  -1.14885894e-10 -1.83669770e-15  8.52944060e-16  3.06082375e-05
  -2.04721003e-06 -1.59792834e-08  9.98214034e-10]
 [ 8.09263546e-01 -1.81646868e-12 -2.21365943e-13  4.62010753e-11
  -1.75214813e-10 -1.18325317e-15  9.03584778e-16  2.29423303e-05
  -1.21246160e-06 -1.59792834e-08  1.07559462e-09]
 [ 0.00000000e+00 -1.86224681e-12 -1.71280075e-13  4.11313164e-11
  -1.78290007e-10 -1.82237413e-15  8.52944060e-16  2.29423303e-05
  -2.04721003e-06 -1.59792834e-08  1.00887315e-09]
 [ 4.69134609e-01 -1.45799022e-12 -3.05015481e-13  4.62010753e-11
  -1.75214813e-10 -2.71523598e-15  8.26233087e-16  2.79858562e-05
  -2.04721003e-06 -1.59792834e-08  9.98214034e-10]
 [ 0.00000000e+00 -8.61159258e-13 -2.97166465e-13  4.62010753e-11
  -1.47858442e-10 -1.83669770e-15  8.52944060e-16  2.65800922e-05
  -1.41227540e-06 -1.52620125e-08  9.98214034e-10]
 [ 0.00000000e+00 -8.62534901e-13 -2.80727865e-13  4.62010753e-11
  -1.75214813e-10 -1.33973309e-15  8.52944060e-16  2.51354172e-05
  -1.67645392e-06 -1.59792834e-08  1.03478918e-09]]
Train validation errors
[[6.09940448e+12 9.25268752e+12]
 [5.86370078e+12 1.56160903e+13]
 [4.62089208e+11 7.49413721e+11]
 [9.24687119e+12 2.19240266e+13]
 [2.12901042e+12 6.01830604e+12]
 [9.19528147e+13 1.84590794e+14]
 [7.19002655e+10 7.41255423e+11]
 [3.40589694e+11 1.80453169e+12]
 [4.54583846e+13 9.67943535e+13]
 [2.32293195e+13 4.93304201e+13]]
Selected parents:
[[ 3.83073822e-02 -6.04756926e-01  0.00000000e+00  0.00000000e+00
   0.00000000e+00  4.69134609e-01]
 [-8.87306296e-13 -1.45799022e-12 -1.45799022e-12 -1.45799022e-12
  -1.86224681e-12 -1.45799022e-12]
 [-2.28980078e-13 -2.23196759e-13 -2.28980078e-13 -2.28980078e-13
  -1.71280075e-13 -3.05015481e-13]
 [ 4.62010753e-11  4.04218365e-11  3.85076575e-11  4.92995530e-11
   4.11313164e-11  4.62010753e-11]
 [-1.75214813e-10 -1.75214813e-10 -1.75214813e-10 -1.14885894e-10
  -1.78290007e-10 -1.75214813e-10]
 [-1.83669770e-15 -2.72028174e-15 -1.40977013e-15 -1.83669770e-15
  -1.82237413e-15 -2.71523598e-15]
 [ 8.67198966e-16  8.52944060e-16  8.52944060e-16  8.52944060e-16
   8.52944060e-16  8.26233087e-16]
 [ 2.29423303e-05  2.29423303e-05  2.29423303e-05  3.06082375e-05
   2.29423303e-05  2.79858562e-05]
 [-2.16141589e-06 -1.73161913e-06 -2.28857229e-06 -2.04721003e-06
  -2.04721003e-06 -2.04721003e-06]
 [-1.59792834e-08 -1.59792834e-08 -1.59393005e-08 -1.59792834e-08
  -1.59792834e-08 -1.59792834e-08]
 [ 9.30690409e-10  9.98214034e-10  1.05996028e-09  9.98214034e-10
   1.00887315e-09  9.98214034e-10]]Population:
[[ 0.00000000e+00 -1.86224681e-12 -1.71280075e-13  4.11313164e-11
  -1.78290007e-10 -1.82237413e-15  8.52944060e-16  2.29423303e-05
  -2.04721003e-06 -1.59792834e-08  1.00887315e-09]
 [ 4.69134609e-01 -1.45799022e-12 -3.05015481e-13  4.62010753e-11
  -1.75214813e-10 -2.71523598e-15  8.26233087e-16  2.79858562e-05
  -2.04721003e-06 -1.59792834e-08  9.98214034e-10]
 [ 4.76975529e-01 -1.45799022e-12 -3.05015481e-13  4.92995530e-11
  -1.75214813e-10 -1.57972246e-15  8.93373818e-16  3.06082375e-05
  -2.05941624e-06 -1.59792834e-08  1.00040181e-09]
 [ 4.69134609e-01 -2.06117560e-12 -3.10544971e-13  4.92995530e-11
  -1.98414574e-10 -3.16083475e-15  8.38037997e-16  2.79858562e-05
  -1.32101524e-06 -1.59792834e-08  9.98214034e-10]
 [ 0.00000000e+00 -1.71347772e-12 -2.28980078e-13  5.63083858e-11
  -1.75214813e-10 -1.83669770e-15  9.13310000e-16  2.29423303e-05
  -2.03136595e-06 -1.59792834e-08  1.05996028e-09]
 [-1.72164667e-01 -1.01440223e-12 -2.28980078e-13  3.31521308e-11
  -1.14885894e-10 -1.64519838e-15  8.52944060e-16  1.84835316e-05
  -2.05009032e-06 -1.59393005e-08  9.58981996e-10]
 [ 0.00000000e+00 -1.48993993e-12 -1.82267755e-13  3.52401744e-11
  -1.75214813e-10 -1.40977013e-15  8.00931814e-16  2.79858562e-05
  -1.87434789e-06 -1.59393005e-08  1.42304902e-09]
 [ 4.60850902e-01 -1.28063454e-12 -3.05015481e-13  3.85076575e-11
  -1.75214813e-10 -3.59278893e-15  8.52944060e-16  2.79858562e-05
  -2.04721003e-06 -1.05839670e-08  1.05996028e-09]
 [ 0.00000000e+00 -1.83165387e-12 -1.78072820e-13  3.70751207e-11
  -2.60209441e-10 -2.14430073e-15  8.21858148e-16  2.29423303e-05
  -2.04721003e-06 -1.59792834e-08  9.30690409e-10]
 [ 4.19751457e-02 -9.17436010e-13 -1.71280075e-13  3.81340077e-11
  -1.75214813e-10 -1.83669770e-15  8.67198966e-16  2.29423303e-05
  -2.16141589e-06 -1.59792834e-08  1.00887315e-09]]
Train validation errors
[[7.19002655e+10 7.41255423e+11]
 [3.40589694e+11 1.80453169e+12]
 [2.35222237e+12 6.25695675e+12]
 [4.65380146e+13 1.04658784e+14]
 [2.16191082e+12 6.09138870e+12]
 [2.45159045e+12 3.57644801e+12]
 [1.39085522e+14 2.76715935e+14]
 [1.36564424e+13 3.49582924e+13]
 [2.58468223e+12 3.16583927e+12]
 [6.60109651e+11 7.64970861e+11]]
Selected parents:
[[ 0.00000000e+00  4.69134609e-01  4.76975529e-01  0.00000000e+00
  -1.72164667e-01  4.19751457e-02]
 [-1.86224681e-12 -1.45799022e-12 -1.45799022e-12 -1.71347772e-12
  -1.01440223e-12 -9.17436010e-13]
 [-1.71280075e-13 -3.05015481e-13 -3.05015481e-13 -2.28980078e-13
  -2.28980078e-13 -1.71280075e-13]
 [ 4.11313164e-11  4.62010753e-11  4.92995530e-11  5.63083858e-11
   3.31521308e-11  3.81340077e-11]
 [-1.78290007e-10 -1.75214813e-10 -1.75214813e-10 -1.75214813e-10
  -1.14885894e-10 -1.75214813e-10]
 [-1.82237413e-15 -2.71523598e-15 -1.57972246e-15 -1.83669770e-15
  -1.64519838e-15 -1.83669770e-15]
 [ 8.52944060e-16  8.26233087e-16  8.93373818e-16  9.13310000e-16
   8.52944060e-16  8.67198966e-16]
 [ 2.29423303e-05  2.79858562e-05  3.06082375e-05  2.29423303e-05
   1.84835316e-05  2.29423303e-05]
 [-2.04721003e-06 -2.04721003e-06 -2.05941624e-06 -2.03136595e-06
  -2.05009032e-06 -2.16141589e-06]
 [-1.59792834e-08 -1.59792834e-08 -1.59792834e-08 -1.59792834e-08
  -1.59393005e-08 -1.59792834e-08]
 [ 1.00887315e-09  9.98214034e-10  1.00040181e-09  1.05996028e-09
   9.58981996e-10  1.00887315e-09]]Population:
[[ 0.00000000e+00 -1.86224681e-12 -1.71280075e-13  4.11313164e-11
  -1.78290007e-10 -1.82237413e-15  8.52944060e-16  2.29423303e-05
  -2.04721003e-06 -1.59792834e-08  1.00887315e-09]
 [ 4.69134609e-01 -1.45799022e-12 -3.05015481e-13  4.62010753e-11
  -1.75214813e-10 -2.71523598e-15  8.26233087e-16  2.79858562e-05
  -2.04721003e-06 -1.59792834e-08  9.98214034e-10]
 [-2.29191507e-01 -1.86224681e-12 -1.71280075e-13  4.14716314e-11
  -1.78290007e-10 -2.28194114e-15  8.00878191e-16  3.74538128e-05
  -2.52927242e-06 -1.59792834e-08  1.00040181e-09]
 [ 4.76975529e-01 -1.45799022e-12 -1.71280075e-13  4.54348828e-11
  -1.75214813e-10 -1.97498266e-15  8.52944060e-16  3.06082375e-05
  -2.05941624e-06 -1.90891075e-08  1.00887315e-09]
 [ 4.46458185e-01 -1.86224681e-12 -3.04159620e-13  3.33147114e-11
  -2.29297658e-10 -2.71523598e-15  8.52944060e-16  2.29423303e-05
  -2.04721003e-06 -1.59792834e-08  1.08731636e-09]
 [ 4.69134609e-01 -2.26156258e-12 -2.49694797e-13  4.62010753e-11
  -1.25392707e-10 -3.11210312e-15  8.40094214e-16  2.89936731e-05
  -1.40234368e-06 -1.59792834e-08  9.94398958e-10]
 [ 2.84756487e-01 -1.86224681e-12 -2.28980078e-13  4.11313164e-11
  -1.57054629e-10 -1.62613723e-15  8.52944060e-16  2.29423303e-05
  -2.04721003e-06 -1.59792834e-08  1.05996028e-09]
 [ 0.00000000e+00 -2.16738990e-12 -2.28980078e-13  4.20058678e-11
  -2.03342201e-10 -2.22554102e-15  9.13310000e-16  1.67427763e-05
  -2.67009886e-06 -1.94743763e-08  1.05996028e-09]
 [ 4.88793022e-01 -2.10426570e-12 -3.05015481e-13  4.62010753e-11
  -1.75214813e-10 -2.71523598e-15  7.77017944e-16  2.95504311e-05
  -2.04721003e-06 -1.59792834e-08  9.92180898e-10]
 [ 5.53368282e-01 -1.14960108e-12 -1.71280075e-13  3.35204234e-11
  -1.78290007e-10 -1.65469492e-15  7.88788562e-16  3.13075750e-05
  -1.39279957e-06 -1.59792834e-08  1.44268886e-10]]
Train validation errors
[[7.19002655e+10 7.41255423e+11]
 [3.40589694e+11 1.80453169e+12]
 [4.58594617e+12 4.30715930e+12]
 [5.38426101e+10 5.08979447e+11]
 [2.07941185e+12 6.73461957e+12]
 [3.85903283e+13 8.80297338e+13]
 [2.08486344e+12 5.70435670e+12]
 [5.16219173e+13 9.32998112e+13]
 [5.56288607e+11 2.45512433e+12]
 [1.13510987e+14 1.97743155e+14]]
Selected parents:
[[ 0.00000000e+00  4.69134609e-01  4.76975529e-01  4.46458185e-01
   2.84756487e-01  4.88793022e-01]
 [-1.86224681e-12 -1.45799022e-12 -1.45799022e-12 -1.86224681e-12
  -1.86224681e-12 -2.10426570e-12]
 [-1.71280075e-13 -3.05015481e-13 -1.71280075e-13 -3.04159620e-13
  -2.28980078e-13 -3.05015481e-13]
 [ 4.11313164e-11  4.62010753e-11  4.54348828e-11  3.33147114e-11
   4.11313164e-11  4.62010753e-11]
 [-1.78290007e-10 -1.75214813e-10 -1.75214813e-10 -2.29297658e-10
  -1.57054629e-10 -1.75214813e-10]
 [-1.82237413e-15 -2.71523598e-15 -1.97498266e-15 -2.71523598e-15
  -1.62613723e-15 -2.71523598e-15]
 [ 8.52944060e-16  8.26233087e-16  8.52944060e-16  8.52944060e-16
   8.52944060e-16  7.77017944e-16]
 [ 2.29423303e-05  2.79858562e-05  3.06082375e-05  2.29423303e-05
   2.29423303e-05  2.95504311e-05]
 [-2.04721003e-06 -2.04721003e-06 -2.05941624e-06 -2.04721003e-06
  -2.04721003e-06 -2.04721003e-06]
 [-1.59792834e-08 -1.59792834e-08 -1.90891075e-08 -1.59792834e-08
  -1.59792834e-08 -1.59792834e-08]
 [ 1.00887315e-09  9.98214034e-10  1.00887315e-09  1.08731636e-09
   1.05996028e-09  9.92180898e-10]]Population:
[[ 0.00000000e+00 -1.86224681e-12 -1.71280075e-13  4.11313164e-11
  -1.78290007e-10 -1.82237413e-15  8.52944060e-16  2.29423303e-05
  -2.04721003e-06 -1.59792834e-08  1.00887315e-09]
 [ 4.76975529e-01 -1.45799022e-12 -1.71280075e-13  4.54348828e-11
  -1.75214813e-10 -1.97498266e-15  8.52944060e-16  3.06082375e-05
  -2.05941624e-06 -1.90891075e-08  1.00887315e-09]
 [ 0.00000000e+00 -1.38562596e-12 -1.71280075e-13  4.11313164e-11
  -2.19898911e-10 -2.12717191e-15  8.52944060e-16  2.29423303e-05
  -2.17636640e-06 -1.25051980e-08  1.46666413e-09]
 [ 3.72776360e-01 -1.86224681e-12 -3.63883449e-13  4.11313164e-11
  -2.26733609e-10 -1.56368703e-15  8.52944060e-16  2.29423303e-05
  -2.04721003e-06 -2.03567903e-08  1.08731636e-09]
 [ 4.46458185e-01 -1.86224681e-12 -1.71280075e-13  3.88259187e-11
  -2.36654394e-10 -3.11029173e-15  8.52944060e-16  1.69092129e-05
  -2.04721003e-06 -1.59792834e-08  1.08731636e-09]
 [-1.31268498e-01 -1.86224681e-12 -1.69394092e-13  2.90383005e-11
  -1.78290007e-10 -2.71523598e-15  8.52944060e-16  1.54727846e-05
  -1.73384429e-06 -1.59792834e-08  1.00887315e-09]
 [ 4.76975529e-01 -1.86224681e-12 -1.34138911e-13  3.33147114e-11
  -1.17967529e-10 -1.28068798e-15  8.52944060e-16  2.19070292e-05
  -2.73236285e-06 -1.90891075e-08  1.16910294e-09]
 [ 4.46458185e-01 -1.82755923e-12 -3.86890769e-13  3.95025436e-11
  -2.29297658e-10 -2.71523598e-15  8.52944060e-16  2.14855088e-05
  -2.05941624e-06 -1.54611492e-08  1.08731636e-09]
 [ 4.76975529e-01 -1.86224681e-12 -2.64754631e-13  4.54348828e-11
  -1.75214813e-10 -1.33372659e-15  8.52944060e-16  1.99232163e-05
  -2.04721003e-06 -2.30444958e-08  1.25376408e-09]
 [ 4.76975529e-01 -1.45799022e-12 -1.71280075e-13  4.54348828e-11
  -1.75214813e-10 -2.71903360e-15  8.52944060e-16  3.06082375e-05
  -2.51784519e-06 -1.90891075e-08  1.27900081e-09]]
Train validation errors
[[7.19002655e+10 7.41255423e+11]
 [5.38426101e+10 5.08979447e+11]
 [1.03243943e+14 2.09617701e+14]
 [1.82521454e+11 5.46240441e+11]
 [1.99297747e+11 8.99628201e+11]
 [1.92311228e+12 5.27777024e+12]
 [1.46367609e+13 2.71264337e+13]
 [1.66380580e+12 5.66914546e+12]
 [5.14869413e+12 1.00838309e+13]
 [1.78848657e+12 5.85410456e+12]]
Selected parents:
[[ 0.00000000e+00  4.76975529e-01  3.72776360e-01  4.46458185e-01
   4.46458185e-01  4.76975529e-01]
 [-1.86224681e-12 -1.45799022e-12 -1.86224681e-12 -1.86224681e-12
  -1.82755923e-12 -1.45799022e-12]
 [-1.71280075e-13 -1.71280075e-13 -3.63883449e-13 -1.71280075e-13
  -3.86890769e-13 -1.71280075e-13]
 [ 4.11313164e-11  4.54348828e-11  4.11313164e-11  3.88259187e-11
   3.95025436e-11  4.54348828e-11]
 [-1.78290007e-10 -1.75214813e-10 -2.26733609e-10 -2.36654394e-10
  -2.29297658e-10 -1.75214813e-10]
 [-1.82237413e-15 -1.97498266e-15 -1.56368703e-15 -3.11029173e-15
  -2.71523598e-15 -2.71903360e-15]
 [ 8.52944060e-16  8.52944060e-16  8.52944060e-16  8.52944060e-16
   8.52944060e-16  8.52944060e-16]
 [ 2.29423303e-05  3.06082375e-05  2.29423303e-05  1.69092129e-05
   2.14855088e-05  3.06082375e-05]
 [-2.04721003e-06 -2.05941624e-06 -2.04721003e-06 -2.04721003e-06
  -2.05941624e-06 -2.51784519e-06]
 [-1.59792834e-08 -1.90891075e-08 -2.03567903e-08 -1.59792834e-08
  -1.54611492e-08 -1.90891075e-08]
 [ 1.00887315e-09  1.00887315e-09  1.08731636e-09  1.08731636e-09
   1.08731636e-09  1.27900081e-09]]Population:
[[ 0.00000000e+00 -1.86224681e-12 -1.71280075e-13  4.11313164e-11
  -1.78290007e-10 -1.82237413e-15  8.52944060e-16  2.29423303e-05
  -2.04721003e-06 -1.59792834e-08  1.00887315e-09]
 [ 4.76975529e-01 -1.45799022e-12 -1.71280075e-13  4.54348828e-11
  -1.75214813e-10 -1.97498266e-15  8.52944060e-16  3.06082375e-05
  -2.05941624e-06 -1.90891075e-08  1.00887315e-09]
 [ 4.01097419e-01 -1.86224681e-12 -1.71280075e-13  4.30461172e-11
  -1.28417758e-10 -2.33977846e-15  7.92855362e-16  2.29423303e-05
  -2.05941624e-06 -1.66097454e-08  1.14547470e-10]
 [ 2.65053789e-01 -1.67473881e-12 -1.71280075e-13  3.59914771e-11
  -1.75214813e-10 -1.50034453e-15  8.53666080e-16  2.58750488e-05
  -2.39813281e-06 -2.18583169e-08  1.00887315e-09]
 [ 4.05039691e-01 -1.45799022e-12 -4.01913407e-13  4.54348828e-11
  -1.75214813e-10 -1.93655190e-15  8.52944060e-16  2.86237779e-05
  -2.51784519e-06 -1.54611492e-08  1.21738997e-09]
 [ 4.26368997e-01 -1.82755923e-12 -4.48168470e-13  3.44385394e-11
  -2.87307287e-10 -2.16589401e-15  8.49850540e-16  2.14855088e-05
  -2.47188652e-06 -1.54611492e-08  1.27900081e-09]
 [ 3.72776360e-01 -1.88679560e-12 -3.63883449e-13  4.18923861e-11
  -2.36654394e-10 -3.94288942e-15  8.52944060e-16  2.29423303e-05
  -2.49949796e-06 -1.59792834e-08  1.62438056e-09]
 [ 3.14211326e-01 -1.57668555e-12 -1.71280075e-13  3.77286426e-11
  -2.26733609e-10 -3.11029173e-15  8.52944060e-16  2.48762735e-05
  -2.04721003e-06 -1.89949562e-08  1.08731636e-09]
 [ 3.84950475e-01 -1.86224681e-12 -2.50591491e-13  3.62701844e-11
  -1.74126267e-10 -2.38430499e-15  8.03576905e-16  2.62020342e-05
  -1.62277674e-06 -1.59792834e-08  5.97876293e-10]
 [ 0.00000000e+00 -9.70752599e-13 -4.51988615e-13  4.11313164e-11
  -1.78290007e-10 -1.82237413e-15  8.52944060e-16  1.93715861e-05
  -2.88313235e-06 -1.59792834e-08  1.80097987e-09]]
Train validation errors
[[7.19002655e+10 7.41255423e+11]
 [5.38426101e+10 5.08979447e+11]
 [3.79441093e+14 6.91058011e+14]
 [2.27848613e+13 4.04496436e+13]
 [2.94660911e+12 7.43828982e+12]
 [3.76919126e+12 9.83585913e+12]
 [6.55443916e+13 1.42346782e+14]
 [2.20469457e+11 1.28929282e+12]
 [1.94879637e+13 2.94037646e+13]
 [7.96021408e+13 1.56973415e+14]]
Selected parents:
[[ 0.00000000e+00  4.76975529e-01  4.05039691e-01  4.26368997e-01
   3.14211326e-01  3.84950475e-01]
 [-1.86224681e-12 -1.45799022e-12 -1.45799022e-12 -1.82755923e-12
  -1.57668555e-12 -1.86224681e-12]
 [-1.71280075e-13 -1.71280075e-13 -4.01913407e-13 -4.48168470e-13
  -1.71280075e-13 -2.50591491e-13]
 [ 4.11313164e-11  4.54348828e-11  4.54348828e-11  3.44385394e-11
   3.77286426e-11  3.62701844e-11]
 [-1.78290007e-10 -1.75214813e-10 -1.75214813e-10 -2.87307287e-10
  -2.26733609e-10 -1.74126267e-10]
 [-1.82237413e-15 -1.97498266e-15 -1.93655190e-15 -2.16589401e-15
  -3.11029173e-15 -2.38430499e-15]
 [ 8.52944060e-16  8.52944060e-16  8.52944060e-16  8.49850540e-16
   8.52944060e-16  8.03576905e-16]
 [ 2.29423303e-05  3.06082375e-05  2.86237779e-05  2.14855088e-05
   2.48762735e-05  2.62020342e-05]
 [-2.04721003e-06 -2.05941624e-06 -2.51784519e-06 -2.47188652e-06
  -2.04721003e-06 -1.62277674e-06]
 [-1.59792834e-08 -1.90891075e-08 -1.54611492e-08 -1.54611492e-08
  -1.89949562e-08 -1.59792834e-08]
 [ 1.00887315e-09  1.00887315e-09  1.21738997e-09  1.27900081e-09
   1.08731636e-09  5.97876293e-10]]Best offspring gen errors:
[[7.19002655e+10 7.41255423e+11]
 [7.19002655e+10 7.41255423e+11]
 [5.38426101e+10 5.08979447e+11]
 [5.38426101e+10 5.08979447e+11]
 [5.38426101e+10 5.08979447e+11]]