Fitness funtion: -1 * (train_validation_error[:, 1] + train_validation_error[:, 0])
Initialed with the best that we have until now
Starting all over again with new root population
No of generations: 5
Population size: 10
Mutation coefficient: 0.2
Split point: 7
Two offspring per pair
Population:
[[ 0.00000000e+00  6.50194985e-12 -2.28980078e-13  4.62010753e-11
   6.32370118e-10 -1.83669770e-15  8.52944060e-16  1.04967499e-04
  -2.16945363e-06  3.41870278e-08  9.98214034e-10]
 [ 0.00000000e+00 -1.45799022e-12  5.84524493e-13  5.52387446e-11
  -5.81159210e-11  5.73651875e-15  1.27359380e-15  5.94632230e-05
  -2.04721003e-06 -1.59792834e-08  9.98214034e-10]
 [ 0.00000000e+00  3.86089256e-12 -2.28980078e-13  4.62010753e-11
  -8.70526427e-11 -1.06041238e-15  1.49091162e-15  2.29423303e-05
  -2.04721003e-06  5.51034869e-08  1.50995367e-09]
 [ 5.92769524e+00 -1.45799022e-12 -7.13012565e-14  4.62010753e-11
  -1.75214813e-10 -1.83669770e-15  1.47765309e-15  2.29423303e-05
   5.68962551e-06 -5.15000701e-10  9.98214034e-10]
 [ 0.00000000e+00 -1.45799022e-12  1.92272207e-14  5.32108730e-11
   3.66622699e-10  2.81239823e-15  1.06148510e-15  7.98401381e-05
  -2.04721003e-06  5.23300493e-08  1.38744324e-09]
 [ 4.72982316e+00 -2.03086523e-12 -2.28980078e-13  4.62010753e-11
  -1.75214813e-10 -1.83669770e-15  8.52944060e-16  2.29423303e-05
   5.37029033e-06 -1.68881863e-08  1.61063514e-09]
 [ 0.00000000e+00  3.62886329e-12 -2.28980078e-13  4.62010753e-11
  -1.75214813e-10 -1.83669770e-15  8.52944060e-16  7.68306355e-05
  -5.28737807e-07  5.11599071e-09  1.89819894e-09]
 [ 4.90405723e+00  6.96817225e-13  4.92125275e-13  4.62010753e-11
   9.57047167e-11 -1.83669770e-15  8.52944060e-16  1.08461373e-04
  -2.04721003e-06 -1.59792834e-08  9.98214034e-10]
 [ 8.58317462e+00  1.48241984e-12 -2.28980078e-13  4.62010753e-11
   5.17918720e-10 -1.83669770e-15  7.83272585e-16  2.29423303e-05
   4.01495993e-06  6.43324248e-08  9.98214034e-10]
 [ 0.00000000e+00  4.70691374e-12 -2.28980078e-13  8.25579992e-11
  -1.75214813e-10 -1.83669770e-15  1.64928907e-15  5.74370008e-05
  -2.04721003e-06 -1.59792834e-08  1.14683940e-09]]
Train validation errors
[[1.32695784e+15 2.59997036e+15]
 [1.23133009e+14 2.01910762e+14]
 [1.79799754e+15 3.48672079e+15]
 [5.91610783e+15 1.15976888e+16]
 [2.64063474e+15 5.01847022e+15]
 [6.40487954e+15 1.24566379e+16]
 [2.70184921e+15 5.32695497e+15]
 [2.61574752e+14 5.28437313e+14]
 [8.04715102e+15 1.58561329e+16]
 [9.23463392e+13 1.91899115e+14]]
Selected parents:
[[ 0.00000000e+00  0.00000000e+00  0.00000000e+00  0.00000000e+00
   4.90405723e+00  0.00000000e+00]
 [ 6.50194985e-12 -1.45799022e-12  3.86089256e-12 -1.45799022e-12
   6.96817225e-13  4.70691374e-12]
 [-2.28980078e-13  5.84524493e-13 -2.28980078e-13  1.92272207e-14
   4.92125275e-13 -2.28980078e-13]
 [ 4.62010753e-11  5.52387446e-11  4.62010753e-11  5.32108730e-11
   4.62010753e-11  8.25579992e-11]
 [ 6.32370118e-10 -5.81159210e-11 -8.70526427e-11  3.66622699e-10
   9.57047167e-11 -1.75214813e-10]
 [-1.83669770e-15  5.73651875e-15 -1.06041238e-15  2.81239823e-15
  -1.83669770e-15 -1.83669770e-15]
 [ 8.52944060e-16  1.27359380e-15  1.49091162e-15  1.06148510e-15
   8.52944060e-16  1.64928907e-15]
 [ 1.04967499e-04  5.94632230e-05  2.29423303e-05  7.98401381e-05
   1.08461373e-04  5.74370008e-05]
 [-2.16945363e-06 -2.04721003e-06 -2.04721003e-06 -2.04721003e-06
  -2.04721003e-06 -2.04721003e-06]
 [ 3.41870278e-08 -1.59792834e-08  5.51034869e-08  5.23300493e-08
  -1.59792834e-08 -1.59792834e-08]
 [ 9.98214034e-10  9.98214034e-10  1.50995367e-09  1.38744324e-09
   9.98214034e-10  1.14683940e-09]]