Run 1 of 3rd March is continued, we started with the final parameters of previous run i.e. run1 and simulated x more generations where x =
10
No of generations: 10
Population size: 10
Mutation coefficient: 0.2
Split point: 7
Two offspring per pair
Population:
[[ 0.00000000e+00  0.00000000e+00  0.00000000e+00 -7.41094540e+00
   0.00000000e+00 -1.51337115e-01  0.00000000e+00  1.15675626e+00
   0.00000000e+00  8.83333229e+00]
 [ 6.27937040e+00  6.27937040e+00  6.27937040e+00 -7.55657315e+00
   6.27937040e+00  6.27937040e+00  6.27937040e+00  3.84565414e+00
   9.25924570e-01  6.27937040e+00]
 [ 4.50931369e+00  4.50931369e+00  7.55829596e+00  4.50931369e+00
   7.55829596e+00  4.50931369e+00  4.50931369e+00 -8.13918614e+00
   2.97786417e+00 -8.13918614e+00]
 [-3.72370557e+00 -3.72370557e+00 -3.72370557e+00 -3.72370557e+00
  -3.72370557e+00 -3.72370557e+00 -3.72370557e+00 -7.86082958e-01
  -1.99509879e+00 -7.86082958e-01]
 [-1.75214813e-10 -1.75214813e-10 -1.75214813e-10 -1.75214813e-10
  -1.75214813e-10  7.63729175e+00 -1.75214813e-10 -1.75214813e-10
  -1.75214813e-10 -1.75214813e-10]
 [-1.83669770e-15 -1.83669770e-15 -1.83669770e-15 -1.83669770e-15
  -1.83669770e-15 -1.83669770e-15 -1.83669770e-15 -1.83669770e-15
  -1.83669770e-15 -1.83669770e-15]
 [ 8.52944060e-16  8.52944060e-16 -7.58848480e+00  8.52944060e-16
  -7.58848480e+00  8.52944060e-16  8.52944060e-16  8.52944060e-16
   8.52944060e-16  8.52944060e-16]
 [ 2.29423303e-05  2.29423303e-05  9.43322160e+00  2.29423303e-05
   2.29423303e-05  2.29423303e-05  2.29423303e-05  2.29423303e-05
   2.29423303e-05  2.29423303e-05]
 [-2.04721003e-06 -2.04721003e-06  7.25442647e-01 -2.04721003e-06
  -2.04721003e-06 -2.04721003e-06 -2.04721003e-06 -2.04721003e-06
  -4.51727882e+00 -2.04721003e-06]
 [-1.59792834e-08 -1.59792834e-08 -1.59792834e-08 -1.59792834e-08
  -1.59792834e-08 -1.59792834e-08 -1.59792834e-08 -1.59792834e-08
   1.06836343e+00 -5.46288266e+00]
 [ 9.98214034e-10  9.98214034e-10  9.98214034e-10  9.98214034e-10
   9.98214034e-10  9.98214034e-10  9.98214034e-10  9.98214034e-10
   9.98214034e-10  9.98214034e-10]]
Train validation errors
[[36643866303.08591, 308769359566.24585], [36643866303.08591, 308769359566.24585], [6.8947894825889415e+25, 1.3619050598474073e+26], [36757146907.787704, 308817409177.4836], [36406405422.26734, 308835770810.1388], [193126974884239.1, 372528218973567.9], [36643866303.08591, 308769359566.24585], [14426018465.054184, 345713101601.4459], [1.844807872198448e+29, 3.510856803027009e+29], [5.755737674961294e+30, 1.1034220570438541e+31]]
Selected parents:
[[ 0.00000000e+00  6.27937040e+00  4.50931369e+00 -3.72370557e+00
  -1.75214813e-10 -1.83669770e-15  8.52944060e-16  2.29423303e-05
  -2.04721003e-06 -1.59792834e-08  9.98214034e-10]
 [ 0.00000000e+00  6.27937040e+00  4.50931369e+00 -3.72370557e+00
  -1.75214813e-10 -1.83669770e-15  8.52944060e-16  2.29423303e-05
  -2.04721003e-06 -1.59792834e-08  9.98214034e-10]
 [-7.41094540e+00 -7.55657315e+00  4.50931369e+00 -3.72370557e+00
  -1.75214813e-10 -1.83669770e-15  8.52944060e-16  2.29423303e-05
  -2.04721003e-06 -1.59792834e-08  9.98214034e-10]
 [ 0.00000000e+00  6.27937040e+00  7.55829596e+00 -3.72370557e+00
  -1.75214813e-10 -1.83669770e-15 -7.58848480e+00  2.29423303e-05
  -2.04721003e-06 -1.59792834e-08  9.98214034e-10]
 [ 0.00000000e+00  6.27937040e+00  4.50931369e+00 -3.72370557e+00
  -1.75214813e-10 -1.83669770e-15  8.52944060e-16  2.29423303e-05
  -2.04721003e-06 -1.59792834e-08  9.98214034e-10]
 [ 1.15675626e+00  3.84565414e+00 -8.13918614e+00 -7.86082958e-01
  -1.75214813e-10 -1.83669770e-15  8.52944060e-16  2.29423303e-05
  -2.04721003e-06 -1.59792834e-08  9.98214034e-10]]Population:
[[ 0.00000000e+00  0.00000000e+00 -1.10832361e+00  0.00000000e+00
   0.00000000e+00  0.00000000e+00  1.21512337e-01  0.00000000e+00
   6.95112820e-01  0.00000000e+00]
 [ 6.27937040e+00  6.27937040e+00 -7.55657315e+00  6.27937040e+00
   6.27937040e+00  6.27937040e+00  6.27937040e+00  6.27937040e+00
   6.27937040e+00  6.27937040e+00]
 [ 4.50931369e+00  4.50931369e+00  4.50931369e+00  3.19484293e+00
   4.50931369e+00  4.50931369e+00  4.50931369e+00  4.50931369e+00
   7.55829596e+00  4.50931369e+00]
 [-3.72370557e+00 -3.72370557e+00 -3.72370557e+00 -3.72370557e+00
  -3.72370557e+00 -3.72370557e+00 -3.72370557e+00 -3.72370557e+00
  -3.72370557e+00 -3.72370557e+00]
 [-1.75214813e-10 -1.75214813e-10 -1.75214813e-10 -1.75214813e-10
  -1.75214813e-10 -1.75214813e-10 -1.75214813e-10 -1.75214813e-10
  -1.75214813e-10 -1.75214813e-10]
 [-1.83669770e-15 -1.83669770e-15 -1.83669770e-15 -1.83669770e-15
  -1.83669770e-15  3.05229103e+00 -1.83669770e-15 -1.83669770e-15
  -1.83669770e-15 -1.83669770e-15]
 [ 8.52944060e-16  8.52944060e-16  8.52944060e-16 -7.58848480e+00
   8.52944060e-16  8.52944060e-16  8.52944060e-16  8.52944060e-16
   6.37250295e+00  8.52944060e-16]
 [ 2.29423303e-05  2.29423303e-05  2.29423303e-05  2.29423303e-05
  -1.62384445e+00  2.29423303e-05  2.29423303e-05  2.29423303e-05
   2.29423303e-05  2.29423303e-05]
 [-2.04721003e-06 -2.04721003e-06 -2.04721003e-06 -2.04721003e-06
  -2.04721003e-06 -2.04721003e-06 -2.04721003e-06 -2.04721003e-06
  -2.04721003e-06 -2.04721003e-06]
 [-1.59792834e-08 -1.59792834e-08  7.67429840e+00 -1.59792834e-08
  -1.52415408e+00 -1.59792834e-08 -1.59792834e-08 -1.59792834e-08
  -1.59792834e-08 -1.59792834e-08]
 [ 9.98214034e-10  9.98214034e-10  9.98214034e-10  9.98214034e-10
   9.98214034e-10  9.98214034e-10  9.98214034e-10  9.98214034e-10
  -3.04301725e+00  9.98214034e-10]]
Train validation errors
[[36643866303.08591, 308769359566.24585], [36643866303.08591, 308769359566.24585], [1.135885655924629e+31, 2.1775858427289583e+31], [36751825098.012726, 308750648707.0375], [4.484470061958247e+29, 8.597185101357922e+29], [3.4156045095691793e+42, 3.4757413258509236e+42], [36643865467.10005, 308769350543.9751], [36643866303.08591, 308769359566.24585], [4.202535523246532e+33, 7.950673434868239e+33], [36643866303.08591, 308769359566.24585]]
Selected parents:
[[ 0.00000000e+00  6.27937040e+00  4.50931369e+00 -3.72370557e+00
  -1.75214813e-10 -1.83669770e-15  8.52944060e-16  2.29423303e-05
  -2.04721003e-06 -1.59792834e-08  9.98214034e-10]
 [ 0.00000000e+00  6.27937040e+00  4.50931369e+00 -3.72370557e+00
  -1.75214813e-10 -1.83669770e-15  8.52944060e-16  2.29423303e-05
  -2.04721003e-06 -1.59792834e-08  9.98214034e-10]
 [ 0.00000000e+00  6.27937040e+00  3.19484293e+00 -3.72370557e+00
  -1.75214813e-10 -1.83669770e-15 -7.58848480e+00  2.29423303e-05
  -2.04721003e-06 -1.59792834e-08  9.98214034e-10]
 [ 1.21512337e-01  6.27937040e+00  4.50931369e+00 -3.72370557e+00
  -1.75214813e-10 -1.83669770e-15  8.52944060e-16  2.29423303e-05
  -2.04721003e-06 -1.59792834e-08  9.98214034e-10]
 [ 0.00000000e+00  6.27937040e+00  4.50931369e+00 -3.72370557e+00
  -1.75214813e-10 -1.83669770e-15  8.52944060e-16  2.29423303e-05
  -2.04721003e-06 -1.59792834e-08  9.98214034e-10]
 [ 0.00000000e+00  6.27937040e+00  4.50931369e+00 -3.72370557e+00
  -1.75214813e-10 -1.83669770e-15  8.52944060e-16  2.29423303e-05
  -2.04721003e-06 -1.59792834e-08  9.98214034e-10]]Population:
[[ 0.00000000e+00  1.21512337e-01  0.00000000e+00  0.00000000e+00
   0.00000000e+00 -9.60792816e+00  0.00000000e+00  1.21512337e-01
   1.21512337e-01  0.00000000e+00]
 [ 6.27937040e+00  6.27937040e+00  6.27937040e+00  6.27937040e+00
  -7.92313302e+00  8.71393833e+00  6.27937040e+00  6.27937040e+00
   6.27937040e+00  6.27937040e+00]
 [ 3.19484293e+00  4.50931369e+00  4.50931369e+00 -9.31599109e+00
   4.50931369e+00  3.19484293e+00  3.19484293e+00  4.50931369e+00
   4.50931369e+00  4.50931369e+00]
 [-3.72370557e+00 -3.72370557e+00 -3.72370557e+00 -3.72370557e+00
  -3.72370557e+00 -3.72370557e+00 -3.72370557e+00 -3.72370557e+00
  -3.72370557e+00 -3.72370557e+00]
 [-1.75214813e-10 -1.75214813e-10 -1.75214813e-10 -1.75214813e-10
  -1.75214813e-10 -1.75214813e-10 -1.75214813e-10 -1.75214813e-10
  -1.75214813e-10 -1.75214813e-10]
 [-1.83669770e-15 -1.83669770e-15 -1.83669770e-15 -1.83669770e-15
  -1.83669770e-15 -6.05378235e+00 -1.83669770e-15 -1.83669770e-15
  -1.83669770e-15 -1.83669770e-15]
 [-7.58848480e+00  8.52944060e-16  8.52944060e-16  8.52944060e-16
   8.52944060e-16 -7.58848480e+00 -7.58848480e+00  8.52944060e-16
   8.52944060e-16  8.52944060e-16]
 [ 2.29423303e-05  2.29423303e-05  2.29423303e-05  2.29423303e-05
   2.29423303e-05  2.29423303e-05  2.29423303e-05  2.29423303e-05
   2.29423303e-05  2.29423303e-05]
 [-2.04721003e-06 -2.04721003e-06 -2.04721003e-06 -2.04721003e-06
  -2.04721003e-06 -2.04721003e-06 -2.04721003e-06 -2.04721003e-06
  -2.04721003e-06 -2.04721003e-06]
 [-1.59792834e-08 -1.59792834e-08 -1.59792834e-08 -1.59792834e-08
  -1.59792834e-08 -1.59792834e-08 -1.59792834e-08 -1.59792834e-08
  -1.59792834e-08  9.08840957e+00]
 [ 9.98214034e-10  9.98214034e-10  9.98214034e-10  9.98214034e-10
   9.98214034e-10  9.98214034e-10  9.98214034e-10  9.98214034e-10
   9.98214034e-10  9.98214034e-10]]
Train validation errors
[[36751825098.012726, 308750648707.0375], [36643865467.10005, 308769350543.9751], [36643866303.08591, 308769359566.24585], [37949351242.84015, 308828021386.8185], [36760098935.981544, 308818117861.2398], [1.3435978640220835e+43, 1.3672539101711236e+43], [36751825098.012726, 308750648707.0375], [36643865467.10005, 308769350543.9751], [36643865467.10005, 308769350543.9751], [1.593063297144966e+31, 3.0540328282580464e+31]]
Selected parents:
[[ 0.00000000e+00  6.27937040e+00  3.19484293e+00 -3.72370557e+00
  -1.75214813e-10 -1.83669770e-15 -7.58848480e+00  2.29423303e-05
  -2.04721003e-06 -1.59792834e-08  9.98214034e-10]
 [ 1.21512337e-01  6.27937040e+00  4.50931369e+00 -3.72370557e+00
  -1.75214813e-10 -1.83669770e-15  8.52944060e-16  2.29423303e-05
  -2.04721003e-06 -1.59792834e-08  9.98214034e-10]
 [ 0.00000000e+00  6.27937040e+00  4.50931369e+00 -3.72370557e+00
  -1.75214813e-10 -1.83669770e-15  8.52944060e-16  2.29423303e-05
  -2.04721003e-06 -1.59792834e-08  9.98214034e-10]
 [ 0.00000000e+00  6.27937040e+00  3.19484293e+00 -3.72370557e+00
  -1.75214813e-10 -1.83669770e-15 -7.58848480e+00  2.29423303e-05
  -2.04721003e-06 -1.59792834e-08  9.98214034e-10]
 [ 1.21512337e-01  6.27937040e+00  4.50931369e+00 -3.72370557e+00
  -1.75214813e-10 -1.83669770e-15  8.52944060e-16  2.29423303e-05
  -2.04721003e-06 -1.59792834e-08  9.98214034e-10]
 [ 1.21512337e-01  6.27937040e+00  4.50931369e+00 -3.72370557e+00
  -1.75214813e-10 -1.83669770e-15  8.52944060e-16  2.29423303e-05
  -2.04721003e-06 -1.59792834e-08  9.98214034e-10]]Population:
[[ 0.00000000e+00  0.00000000e+00  0.00000000e+00  1.21512337e-01
   0.00000000e+00  1.21512337e-01  0.00000000e+00 -9.59523663e+00
   1.21512337e-01  0.00000000e+00]
 [ 6.27937040e+00  6.27937040e+00 -1.34581960e+00  6.27937040e+00
   6.27937040e+00  6.27937040e+00  6.27937040e+00 -1.28889669e+00
   6.27937040e+00  6.27937040e+00]
 [ 3.19484293e+00  3.19484293e+00  3.19484293e+00  4.50931369e+00
   4.50931369e+00  4.50931369e+00  3.19484293e+00  4.50931369e+00
   4.50931369e+00  1.40838817e+00]
 [-3.72370557e+00 -3.72370557e+00 -3.72370557e+00 -3.72370557e+00
  -3.72370557e+00 -3.72370557e+00 -3.72370557e+00 -3.72370557e+00
   8.82784464e+00 -3.72370557e+00]
 [-1.75214813e-10 -1.75214813e-10 -1.75214813e-10 -1.75214813e-10
  -1.75214813e-10 -1.75214813e-10 -1.75214813e-10 -1.75214813e-10
  -1.75214813e-10 -1.75214813e-10]
 [-1.83669770e-15 -1.83669770e-15 -1.83669770e-15 -1.83669770e-15
  -1.83669770e-15 -1.83669770e-15 -1.83669770e-15 -1.83669770e-15
  -1.83669770e-15 -1.83669770e-15]
 [-7.58848480e+00 -7.58848480e+00 -7.58848480e+00  8.52944060e-16
   5.21331279e+00  8.52944060e-16 -7.58848480e+00  8.52944060e-16
  -3.91291658e+00 -7.58848480e+00]
 [ 2.29423303e-05  2.29423303e-05  2.29423303e-05  2.29423303e-05
   2.29423303e-05  2.29423303e-05  3.31779532e+00  5.22138231e+00
   2.29423303e-05  2.29423303e-05]
 [-2.04721003e-06 -2.04721003e-06 -2.04721003e-06 -2.04721003e-06
  -2.04721003e-06 -2.04721003e-06 -2.04721003e-06 -2.04721003e-06
  -2.55926205e+00 -2.04721003e-06]
 [-1.59792834e-08 -1.59792834e-08 -1.59792834e-08 -1.59792834e-08
  -1.59792834e-08 -1.59792834e-08 -1.59792834e-08 -1.59792834e-08
   2.93114026e+00 -1.59792834e-08]
 [ 9.98214034e-10  9.98214034e-10  9.98214034e-10  9.98214034e-10
   9.98214034e-10  9.98214034e-10  9.98214034e-10  9.98214034e-10
   9.98214034e-10  5.76163982e+00]]
Train validation errors
[[36751825098.012726, 308750648707.0375], [36751825098.012726, 308750648707.0375], [36814338866.45861, 308777471480.5065], [36643865467.10005, 308769350543.9751], [36643886712.30858, 308768800314.0117], [36643865467.10005, 308769350543.9751], [3.934233910478015e+23, 7.688534197480848e+23], [9.743931906104407e+23, 1.9042215584176783e+24], [1.5995271101484205e+30, 3.062370533603265e+30], [1.5065889389491556e+34, 2.850278501650009e+34]]
Selected parents:
[[ 0.00000000e+00  6.27937040e+00  3.19484293e+00 -3.72370557e+00
  -1.75214813e-10 -1.83669770e-15 -7.58848480e+00  2.29423303e-05
  -2.04721003e-06 -1.59792834e-08  9.98214034e-10]
 [ 0.00000000e+00  6.27937040e+00  3.19484293e+00 -3.72370557e+00
  -1.75214813e-10 -1.83669770e-15 -7.58848480e+00  2.29423303e-05
  -2.04721003e-06 -1.59792834e-08  9.98214034e-10]
 [ 0.00000000e+00 -1.34581960e+00  3.19484293e+00 -3.72370557e+00
  -1.75214813e-10 -1.83669770e-15 -7.58848480e+00  2.29423303e-05
  -2.04721003e-06 -1.59792834e-08  9.98214034e-10]
 [ 1.21512337e-01  6.27937040e+00  4.50931369e+00 -3.72370557e+00
  -1.75214813e-10 -1.83669770e-15  8.52944060e-16  2.29423303e-05
  -2.04721003e-06 -1.59792834e-08  9.98214034e-10]
 [ 0.00000000e+00  6.27937040e+00  4.50931369e+00 -3.72370557e+00
  -1.75214813e-10 -1.83669770e-15  5.21331279e+00  2.29423303e-05
  -2.04721003e-06 -1.59792834e-08  9.98214034e-10]
 [ 1.21512337e-01  6.27937040e+00  4.50931369e+00 -3.72370557e+00
  -1.75214813e-10 -1.83669770e-15  8.52944060e-16  2.29423303e-05
  -2.04721003e-06 -1.59792834e-08  9.98214034e-10]]Population:
[[ 0.00000000e+00  0.00000000e+00  0.00000000e+00  0.00000000e+00
   0.00000000e+00  1.21512337e-01  0.00000000e+00  1.21512337e-01
   1.21512337e-01  0.00000000e+00]
 [ 6.27937040e+00  6.27937040e+00  6.27937040e+00  6.27937040e+00
   6.27937040e+00  6.27937040e+00  6.27937040e+00  6.27937040e+00
   6.27937040e+00  6.27937040e+00]
 [ 3.19484293e+00  3.19484293e+00  3.19484293e+00  4.50931369e+00
   4.50931369e+00  4.50931369e+00  3.19484293e+00  4.50931369e+00
   4.50931369e+00  3.19484293e+00]
 [-3.72370557e+00 -3.72370557e+00 -3.72370557e+00 -3.72370557e+00
   9.04711369e+00 -3.72370557e+00 -3.72370557e+00 -3.72370557e+00
  -3.72370557e+00 -3.72370557e+00]
 [-1.75214813e-10 -1.75214813e-10 -2.95891417e-01 -1.75214813e-10
   4.88580040e+00 -1.75214813e-10 -1.75214813e-10 -1.24998281e+00
  -1.75214813e-10 -1.75214813e-10]
 [-1.83669770e-15 -1.83669770e-15 -1.83669770e-15 -1.83669770e-15
  -1.83669770e-15 -1.83669770e-15 -1.83669770e-15 -1.83669770e-15
  -1.83669770e-15 -1.83669770e-15]
 [-7.58848480e+00 -7.58848480e+00 -7.58848480e+00  5.21331279e+00
  -1.86516851e+00  8.52944060e-16 -7.58848480e+00  8.52944060e-16
   8.52944060e-16 -7.58848480e+00]
 [ 2.29423303e-05  2.29423303e-05  2.29423303e-05  2.29423303e-05
   2.29423303e-05  2.29423303e-05  2.29423303e-05  2.29423303e-05
   2.29423303e-05  2.29423303e-05]
 [-2.04721003e-06 -2.04721003e-06 -2.04721003e-06 -2.04721003e-06
  -2.04721003e-06 -2.04721003e-06 -2.04721003e-06 -2.04721003e-06
  -2.04721003e-06 -2.04721003e-06]
 [-1.59792834e-08 -1.59792834e-08 -1.59792834e-08 -1.59792834e-08
  -1.59792834e-08 -1.59792834e-08 -1.59792834e-08 -1.59792834e-08
  -1.59792834e-08 -3.56096867e+00]
 [ 9.98214034e-10  9.98214034e-10  9.98214034e-10  9.98214034e-10
   9.98214034e-10  9.98214034e-10  9.98214034e-10  9.98214034e-10
   9.98214034e-10  9.98214034e-10]]
Train validation errors
[[36751825098.012726, 308750648707.0375], [36751825098.012726, 308750648707.0375], [418522678512.4421, 719045366911.7605], [36643886712.30858, 308768800314.0117], [84716914070717.66, 171129612232704.12], [36643865467.10005, 308769350543.9751], [36751825098.012726, 308750648707.0375], [5637859505971.934, 9566109765551.41], [36643865467.10005, 308769350543.9751], [2.4456457584151326e+30, 4.688503239028281e+30]]
Selected parents:
[[ 0.00000000e+00  6.27937040e+00  3.19484293e+00 -3.72370557e+00
  -1.75214813e-10 -1.83669770e-15 -7.58848480e+00  2.29423303e-05
  -2.04721003e-06 -1.59792834e-08  9.98214034e-10]
 [ 0.00000000e+00  6.27937040e+00  3.19484293e+00 -3.72370557e+00
  -1.75214813e-10 -1.83669770e-15 -7.58848480e+00  2.29423303e-05
  -2.04721003e-06 -1.59792834e-08  9.98214034e-10]
 [ 0.00000000e+00  6.27937040e+00  4.50931369e+00 -3.72370557e+00
  -1.75214813e-10 -1.83669770e-15  5.21331279e+00  2.29423303e-05
  -2.04721003e-06 -1.59792834e-08  9.98214034e-10]
 [ 1.21512337e-01  6.27937040e+00  4.50931369e+00 -3.72370557e+00
  -1.75214813e-10 -1.83669770e-15  8.52944060e-16  2.29423303e-05
  -2.04721003e-06 -1.59792834e-08  9.98214034e-10]
 [ 0.00000000e+00  6.27937040e+00  3.19484293e+00 -3.72370557e+00
  -1.75214813e-10 -1.83669770e-15 -7.58848480e+00  2.29423303e-05
  -2.04721003e-06 -1.59792834e-08  9.98214034e-10]
 [ 1.21512337e-01  6.27937040e+00  4.50931369e+00 -3.72370557e+00
  -1.75214813e-10 -1.83669770e-15  8.52944060e-16  2.29423303e-05
  -2.04721003e-06 -1.59792834e-08  9.98214034e-10]]Population:
[[ 0.00000000e+00  0.00000000e+00  1.21512337e-01  0.00000000e+00
   0.00000000e+00  1.21512337e-01  0.00000000e+00  1.21512337e-01
   9.87138428e+00  1.21512337e-01]
 [ 6.27937040e+00  6.27937040e+00  6.27937040e+00  4.01977954e+00
   6.27937040e+00 -5.69250984e+00  6.27937040e+00  6.27937040e+00
   7.51712895e-01  6.27937040e+00]
 [ 3.19484293e+00  3.19484293e+00  4.50931369e+00  3.19484293e+00
   4.50931369e+00  4.50931369e+00  3.19484293e+00  1.27089666e+00
   3.19484293e+00  4.50931369e+00]
 [-3.72370557e+00 -3.72370557e+00 -3.72370557e+00 -3.72370557e+00
  -3.72370557e+00 -3.72370557e+00 -3.72370557e+00 -3.72370557e+00
  -3.72370557e+00 -3.72370557e+00]
 [-1.75214813e-10 -1.75214813e-10 -1.75214813e-10 -1.75214813e-10
  -1.75214813e-10 -1.75214813e-10 -1.75214813e-10 -1.75214813e-10
  -1.75214813e-10 -1.75214813e-10]
 [-1.83669770e-15 -1.83669770e-15 -1.83669770e-15 -1.83669770e-15
  -1.83669770e-15 -1.83669770e-15 -8.62035306e+00 -1.83669770e-15
  -1.83669770e-15  5.95568528e+00]
 [-7.58848480e+00 -7.58848480e+00  8.52944060e-16  1.24320060e+00
   5.21331279e+00  8.52944060e-16 -7.58848480e+00  8.52944060e-16
  -7.58848480e+00  8.52944060e-16]
 [ 2.29423303e-05  2.29423303e-05  2.29423303e-05  2.29423303e-05
   2.29423303e-05  2.29423303e-05  2.29423303e-05  2.29423303e-05
  -1.53713440e+00  2.29423303e-05]
 [-2.04721003e-06 -2.04721003e-06 -2.04721003e-06  7.20642886e+00
  -2.04721003e-06 -3.31619076e+00 -2.04721003e-06 -2.04721003e-06
  -2.04721003e-06 -2.04721003e-06]
 [-1.59792834e-08 -1.59792834e-08 -1.59792834e-08 -1.59792834e-08
  -1.59792834e-08 -1.59792834e-08 -1.59792834e-08 -2.64193230e+00
  -1.59792834e-08 -1.59792834e-08]
 [ 9.98214034e-10  9.98214034e-10  9.98214034e-10  9.98214034e-10
   9.98214034e-10  9.98214034e-10  9.98214034e-10  1.85066777e+00
   9.98214034e-10  9.98214034e-10]]
Train validation errors
[[36751825098.012726, 308750648707.0375], [36751825098.012726, 308750648707.0375], [36643865467.10005, 308769350543.9751], [4.288557506109567e+27, 8.314515316254647e+27], [36643886712.30858, 308768800314.0117], [9.081325912411001e+26, 1.760657782653816e+27], [2.724368221219058e+43, 2.7723347907514136e+43], [1.4659151246269255e+33, 2.7691617871419796e+33], [8.445088955656658e+22, 1.6503893971018707e+23], [1.3004066390918673e+43, 1.3233022392491854e+43]]
Selected parents:
[[ 0.00000000e+00  6.27937040e+00  3.19484293e+00 -3.72370557e+00
  -1.75214813e-10 -1.83669770e-15 -7.58848480e+00  2.29423303e-05
  -2.04721003e-06 -1.59792834e-08  9.98214034e-10]
 [ 0.00000000e+00  6.27937040e+00  3.19484293e+00 -3.72370557e+00
  -1.75214813e-10 -1.83669770e-15 -7.58848480e+00  2.29423303e-05
  -2.04721003e-06 -1.59792834e-08  9.98214034e-10]
 [ 1.21512337e-01  6.27937040e+00  4.50931369e+00 -3.72370557e+00
  -1.75214813e-10 -1.83669770e-15  8.52944060e-16  2.29423303e-05
  -2.04721003e-06 -1.59792834e-08  9.98214034e-10]
 [ 0.00000000e+00  6.27937040e+00  4.50931369e+00 -3.72370557e+00
  -1.75214813e-10 -1.83669770e-15  5.21331279e+00  2.29423303e-05
  -2.04721003e-06 -1.59792834e-08  9.98214034e-10]
 [ 1.21512337e-01 -5.69250984e+00  4.50931369e+00 -3.72370557e+00
  -1.75214813e-10 -1.83669770e-15  8.52944060e-16  2.29423303e-05
  -3.31619076e+00 -1.59792834e-08  9.98214034e-10]
 [ 9.87138428e+00  7.51712895e-01  3.19484293e+00 -3.72370557e+00
  -1.75214813e-10 -1.83669770e-15 -7.58848480e+00 -1.53713440e+00
  -2.04721003e-06 -1.59792834e-08  9.98214034e-10]]Population:
[[ 0.00000000e+00  0.00000000e+00  1.21512337e-01  1.21512337e-01
   1.21512337e-01 -7.33625824e-01  1.21512337e-01  0.00000000e+00
   9.87138428e+00  1.21512337e-01]
 [ 6.27937040e+00  6.27937040e+00  6.27937040e+00 -5.69250984e+00
   6.27937040e+00  6.27937040e+00  6.27937040e+00  6.27937040e+00
   7.51712895e-01  6.27937040e+00]
 [ 3.19484293e+00  3.19484293e+00  4.50931369e+00  4.50931369e+00
   4.50931369e+00  3.19484293e+00  4.50931369e+00  4.50931369e+00
   3.19484293e+00  4.50931369e+00]
 [-3.72370557e+00 -3.72370557e+00 -3.72370557e+00 -3.72370557e+00
  -3.72370557e+00 -3.72370557e+00  3.76016997e-01 -3.72370557e+00
  -3.72370557e+00 -9.05402744e+00]
 [-1.75214813e-10 -1.75214813e-10 -1.75214813e-10 -1.75214813e-10
  -9.39161624e+00 -1.75214813e-10  7.63564963e-01  3.32016929e+00
   8.59151518e+00 -1.75214813e-10]
 [-1.83669770e-15 -1.83669770e-15 -1.83669770e-15  5.76118166e+00
  -1.83669770e-15 -1.83669770e-15 -1.83669770e-15 -1.83669770e-15
  -1.83669770e-15 -1.83669770e-15]
 [-7.58848480e+00 -7.58848480e+00  8.52944060e-16  8.52944060e-16
   8.52944060e-16 -7.58848480e+00  8.52944060e-16  5.21331279e+00
  -3.27621459e+00  8.52944060e-16]
 [ 2.29423303e-05  2.29423303e-05  2.29423303e-05  2.29423303e-05
   6.31270205e+00  2.29423303e-05  2.29423303e-05  2.29423303e-05
   2.29423303e-05 -1.53713440e+00]
 [-2.04721003e-06 -2.04721003e-06 -3.31619076e+00 -2.04721003e-06
  -2.04721003e-06 -2.04721003e-06 -2.04721003e-06 -2.04721003e-06
  -2.04721003e-06 -2.04721003e-06]
 [-1.59792834e-08 -1.59792834e-08 -1.59792834e-08 -1.59792834e-08
  -1.59792834e-08 -1.59792834e-08 -1.59792834e-08 -1.59792834e-08
  -1.59792834e-08 -1.59792834e-08]
 [ 9.98214034e-10  9.98214034e-10  9.98214034e-10  9.98214034e-10
  -1.81975033e+00  9.98214034e-10  9.98214034e-10  9.98214034e-10
   9.98214034e-10  9.98214034e-10]]
Train validation errors
[[36751825098.012726, 308750648707.0375], [36751825098.012726, 308750648707.0375], [9.081325912316472e+26, 1.7606577826304698e+27], [1.2168550198979115e+43, 1.2382795690715954e+43], [1.502797596293951e+33, 2.8430972874932314e+33], [36751831541.69826, 308750704938.8949], [2045486967979.843, 5295368136794.814], [35975704617206.0, 71575492073486.28], [244668249989054.66, 470750619546620.2], [8.445100539220127e+22, 1.6503916435956053e+23]]
Selected parents:
[[ 0.00000000e+00  6.27937040e+00  3.19484293e+00 -3.72370557e+00
  -1.75214813e-10 -1.83669770e-15 -7.58848480e+00  2.29423303e-05
  -2.04721003e-06 -1.59792834e-08  9.98214034e-10]
 [ 0.00000000e+00  6.27937040e+00  3.19484293e+00 -3.72370557e+00
  -1.75214813e-10 -1.83669770e-15 -7.58848480e+00  2.29423303e-05
  -2.04721003e-06 -1.59792834e-08  9.98214034e-10]
 [-7.33625824e-01  6.27937040e+00  3.19484293e+00 -3.72370557e+00
  -1.75214813e-10 -1.83669770e-15 -7.58848480e+00  2.29423303e-05
  -2.04721003e-06 -1.59792834e-08  9.98214034e-10]
 [ 1.21512337e-01  6.27937040e+00  4.50931369e+00  3.76016997e-01
   7.63564963e-01 -1.83669770e-15  8.52944060e-16  2.29423303e-05
  -2.04721003e-06 -1.59792834e-08  9.98214034e-10]
 [ 0.00000000e+00  6.27937040e+00  4.50931369e+00 -3.72370557e+00
   3.32016929e+00 -1.83669770e-15  5.21331279e+00  2.29423303e-05
  -2.04721003e-06 -1.59792834e-08  9.98214034e-10]
 [ 9.87138428e+00  7.51712895e-01  3.19484293e+00 -3.72370557e+00
   8.59151518e+00 -1.83669770e-15 -3.27621459e+00  2.29423303e-05
  -2.04721003e-06 -1.59792834e-08  9.98214034e-10]]Population:
[[ 0.00000000e+00  0.00000000e+00  9.87138428e+00 -7.33625824e-01
   0.00000000e+00 -7.33625824e-01  4.46434974e-01  1.21512337e-01
   1.21512337e-01  9.87138428e+00]
 [ 6.27937040e+00  6.27937040e+00  7.51712895e-01  6.27937040e+00
   6.27937040e+00  6.27937040e+00  6.27937040e+00  6.27937040e+00
   6.27937040e+00  7.51712895e-01]
 [ 3.19484293e+00  3.19484293e+00  3.19484293e+00  3.19484293e+00
   4.50931369e+00  3.19484293e+00 -5.91113586e+00 -4.78699437e+00
  -1.18321971e+00  3.19484293e+00]
 [-3.72370557e+00 -3.72370557e+00 -3.72370557e+00 -3.72370557e+00
  -3.72370557e+00 -3.72370557e+00 -3.72370557e+00  3.76016997e-01
   3.76016997e-01  1.28703647e+00]
 [-1.75214813e-10 -1.75214813e-10 -2.00623234e+00 -2.62921051e+00
   3.32016929e+00 -1.75214813e-10 -1.75214813e-10  7.63564963e-01
   7.63564963e-01 -5.58419781e+00]
 [-1.83669770e-15 -1.83669770e-15 -1.83669770e-15 -1.83669770e-15
  -1.83669770e-15 -1.83669770e-15 -1.83669770e-15  8.64393179e+00
  -1.83669770e-15 -1.83669770e-15]
 [-7.58848480e+00 -7.58848480e+00  4.24298592e+00  2.63399500e+00
   5.21331279e+00 -7.58848480e+00 -7.58848480e+00  8.52944060e-16
   8.52944060e-16 -3.27621459e+00]
 [ 2.29423303e-05  2.29423303e-05  2.29423303e-05  2.29423303e-05
   2.29423303e-05  2.29423303e-05  2.29423303e-05  2.29423303e-05
   2.29423303e-05  2.29423303e-05]
 [-2.04721003e-06 -2.04721003e-06 -2.04721003e-06 -2.04721003e-06
  -2.04721003e-06 -2.04721003e-06 -2.04721003e-06 -2.04721003e-06
  -2.04721003e-06 -2.04721003e-06]
 [-1.59792834e-08 -1.59792834e-08 -1.59792834e-08 -3.15815886e+00
  -1.59792834e-08 -1.59792834e-08 -1.59792834e-08 -1.59792834e-08
  -1.59792834e-08 -1.59792834e-08]
 [ 9.98214034e-10  9.98214034e-10  9.98214034e-10  9.98214034e-10
   5.41043983e+00  9.98214034e-10  9.98214034e-10  9.98214034e-10
  -9.51498537e+00 -8.16360002e+00]]
Train validation errors
[[36751825098.012726, 308750648707.0375], [36751825098.012726, 308750648707.0375], [14117310210630.52, 24768726460501.836], [1.9236461661034958e+30, 3.687787266471608e+30], [1.3285188088835193e+34, 2.513392009005966e+34], [36751831541.69826, 308750704938.8949], [37593005247.556595, 308760190502.7218], [2.7392921978991134e+43, 2.7875215263197666e+43], [4.1088360569479673e+34, 7.773405722730075e+34], [3.0245864365420436e+34, 5.722140574343715e+34]]
Selected parents:
[[ 0.00000000e+00  6.27937040e+00  3.19484293e+00 -3.72370557e+00
  -1.75214813e-10 -1.83669770e-15 -7.58848480e+00  2.29423303e-05
  -2.04721003e-06 -1.59792834e-08  9.98214034e-10]
 [ 0.00000000e+00  6.27937040e+00  3.19484293e+00 -3.72370557e+00
  -1.75214813e-10 -1.83669770e-15 -7.58848480e+00  2.29423303e-05
  -2.04721003e-06 -1.59792834e-08  9.98214034e-10]
 [ 9.87138428e+00  7.51712895e-01  3.19484293e+00 -3.72370557e+00
  -2.00623234e+00 -1.83669770e-15  4.24298592e+00  2.29423303e-05
  -2.04721003e-06 -1.59792834e-08  9.98214034e-10]
 [-7.33625824e-01  6.27937040e+00  3.19484293e+00 -3.72370557e+00
  -2.62921051e+00 -1.83669770e-15  2.63399500e+00  2.29423303e-05
  -2.04721003e-06 -3.15815886e+00  9.98214034e-10]
 [-7.33625824e-01  6.27937040e+00  3.19484293e+00 -3.72370557e+00
  -1.75214813e-10 -1.83669770e-15 -7.58848480e+00  2.29423303e-05
  -2.04721003e-06 -1.59792834e-08  9.98214034e-10]
 [ 4.46434974e-01  6.27937040e+00 -5.91113586e+00 -3.72370557e+00
  -1.75214813e-10 -1.83669770e-15 -7.58848480e+00  2.29423303e-05
  -2.04721003e-06 -1.59792834e-08  9.98214034e-10]]Population:
[[ 0.00000000e+00  0.00000000e+00 -7.33625824e-01  9.87138428e+00
  -9.95236706e+00  0.00000000e+00 -2.53647165e+00  0.00000000e+00
   0.00000000e+00 -7.33625824e-01]
 [ 6.27937040e+00  6.27937040e+00  6.27937040e+00  7.51712895e-01
   7.51712895e-01  6.27937040e+00  6.27937040e+00  6.27937040e+00
   6.27937040e+00  6.27937040e+00]
 [ 3.19484293e+00  3.19484293e+00  3.19484293e+00  3.19484293e+00
   3.19484293e+00  3.19484293e+00  9.10274860e+00  3.19484293e+00
   3.19484293e+00  3.19484293e+00]
 [-3.72370557e+00 -3.72370557e+00 -3.72370557e+00 -3.72370557e+00
  -3.72370557e+00 -1.00839771e+00 -3.72370557e+00 -3.72370557e+00
  -3.72370557e+00 -3.72370557e+00]
 [-1.75214813e-10 -1.75214813e-10 -1.75214813e-10 -2.00623234e+00
  -2.00623234e+00 -1.75214813e-10 -1.75214813e-10 -1.75214813e-10
  -1.75214813e-10 -1.75214813e-10]
 [-1.83669770e-15 -1.83669770e-15 -1.83669770e-15  1.91905093e+00
  -1.83669770e-15 -1.83669770e-15 -1.83669770e-15  4.65505065e+00
  -1.83669770e-15 -1.83669770e-15]
 [-7.58848480e+00 -7.58848480e+00 -7.58848480e+00  4.24298592e+00
   4.24298592e+00 -7.58848480e+00 -7.58848480e+00 -7.58848480e+00
  -7.58848480e+00 -1.07233027e+00]
 [ 2.29423303e-05  2.29423303e-05  2.29423303e-05  2.29423303e-05
   5.72091939e+00  2.29423303e-05  2.29423303e-05  2.29423303e-05
   9.63316900e+00  2.29423303e-05]
 [-2.04721003e-06 -2.04721003e-06 -2.04721003e-06 -2.04721003e-06
  -2.04721003e-06 -2.04721003e-06 -2.04721003e-06 -2.04721003e-06
  -2.04721003e-06 -6.60537853e+00]
 [-1.59792834e-08 -1.59792834e-08 -1.59792834e-08 -1.59792834e-08
  -1.59792834e-08 -1.59792834e-08 -1.59792834e-08 -1.59792834e-08
  -1.59792834e-08 -1.59792834e-08]
 [ 9.98214034e-10  9.98214034e-10  9.98214034e-10  9.98214034e-10
   9.98214034e-10  9.98214034e-10  9.98214034e-10  9.98214034e-10
   9.98214034e-10  9.98214034e-10]]
Train validation errors
[[36751825098.012726, 308750648707.0375], [36751825098.012726, 308750648707.0375], [36751831541.69826, 308750704938.8949], [1.3501707597453733e+42, 1.3739425315357868e+42], [1.1697493315152069e+24, 2.2859968817090772e+24], [15277816280.437366, 345155021879.25476], [36293096713.8503, 308879995111.78076], [7.944462524667057e+42, 8.084336647085103e+42], [3.3166787831908394e+24, 6.481664406824438e+24], [3.603013907495332e+27, 6.985405647512481e+27]]
Selected parents:
[[ 0.00000000e+00  6.27937040e+00  3.19484293e+00 -3.72370557e+00
  -1.75214813e-10 -1.83669770e-15 -7.58848480e+00  2.29423303e-05
  -2.04721003e-06 -1.59792834e-08  9.98214034e-10]
 [ 0.00000000e+00  6.27937040e+00  3.19484293e+00 -3.72370557e+00
  -1.75214813e-10 -1.83669770e-15 -7.58848480e+00  2.29423303e-05
  -2.04721003e-06 -1.59792834e-08  9.98214034e-10]
 [-7.33625824e-01  6.27937040e+00  3.19484293e+00 -3.72370557e+00
  -1.75214813e-10 -1.83669770e-15 -7.58848480e+00  2.29423303e-05
  -2.04721003e-06 -1.59792834e-08  9.98214034e-10]
 [-9.95236706e+00  7.51712895e-01  3.19484293e+00 -3.72370557e+00
  -2.00623234e+00 -1.83669770e-15  4.24298592e+00  5.72091939e+00
  -2.04721003e-06 -1.59792834e-08  9.98214034e-10]
 [ 0.00000000e+00  6.27937040e+00  3.19484293e+00 -1.00839771e+00
  -1.75214813e-10 -1.83669770e-15 -7.58848480e+00  2.29423303e-05
  -2.04721003e-06 -1.59792834e-08  9.98214034e-10]
 [-2.53647165e+00  6.27937040e+00  9.10274860e+00 -3.72370557e+00
  -1.75214813e-10 -1.83669770e-15 -7.58848480e+00  2.29423303e-05
  -2.04721003e-06 -1.59792834e-08  9.98214034e-10]]Population:
[[ 0.00000000e+00  0.00000000e+00 -2.53647165e+00  0.00000000e+00
   2.69969038e+00 -9.95236706e+00  0.00000000e+00  0.00000000e+00
   0.00000000e+00 -9.95236706e+00]
 [ 6.27937040e+00  6.27937040e+00  6.27937040e+00  6.27937040e+00
   6.27937040e+00  7.51712895e-01  6.27937040e+00  6.27937040e+00
   6.27937040e+00  7.51712895e-01]
 [ 3.19484293e+00  3.19484293e+00  9.10274860e+00  3.19484293e+00
   3.19484293e+00  3.19484293e+00  3.19484293e+00  3.19484293e+00
   3.19484293e+00  3.19484293e+00]
 [-3.72370557e+00 -3.72370557e+00 -3.72370557e+00 -3.72370557e+00
  -6.63182532e+00 -3.72370557e+00 -1.00839771e+00 -3.72370557e+00
  -3.72370557e+00 -3.72370557e+00]
 [-1.75214813e-10 -1.75214813e-10 -1.75214813e-10 -1.75214813e-10
  -1.75214813e-10 -2.00623234e+00 -1.75214813e-10  1.82625907e+00
  -1.75214813e-10 -2.00623234e+00]
 [-1.83669770e-15 -1.83669770e-15 -1.83669770e-15 -1.83669770e-15
  -1.83669770e-15 -1.83669770e-15 -1.83669770e-15 -1.83669770e-15
  -1.83669770e-15 -1.83669770e-15]
 [-7.58848480e+00 -7.58848480e+00 -7.58848480e+00 -7.58848480e+00
  -7.58848480e+00  4.24298592e+00 -7.58848480e+00 -7.58848480e+00
  -7.58848480e+00  4.24298592e+00]
 [ 2.29423303e-05  2.29423303e-05  2.29423303e-05  2.29423303e-05
   5.72091939e+00  2.29423303e-05  2.29423303e-05  2.29423303e-05
   5.72091939e+00  2.29423303e-05]
 [-2.04721003e-06 -2.04721003e-06 -2.04721003e-06 -2.04721003e-06
  -2.04721003e-06 -2.04721003e-06  1.25844598e+00 -2.04721003e-06
  -2.04721003e-06 -2.04721003e-06]
 [-1.59792834e-08 -1.59792834e-08 -1.59792834e-08 -1.59792834e-08
  -1.59792834e-08 -1.59792834e-08 -1.59792834e-08 -1.59792834e-08
  -1.59792834e-08 -1.59792834e-08]
 [ 9.98214034e-10  9.98214034e-10  9.98214034e-10 -6.97416717e-01
   9.98214034e-10  9.98214034e-10  9.98214034e-10  9.98214034e-10
   9.98214034e-10  9.98214034e-10]]
Train validation errors
[[36751825098.012726, 308750648707.0375], [36751825098.012726, 308750648707.0375], [36293096713.8503, 308879995111.78076], [2.2074316792991438e+32, 4.176185618013326e+32], [1.1697556849221218e+24, 2.2860113460250523e+24], [14117388429296.744, 24768849401152.47], [1.3078000654489668e+26, 2.5355201821125892e+26], [10659864288369.207, 22259473935212.54], [1.169755921214708e+24, 2.2860118047937917e+24], [14117388429296.744, 24768849401152.47]]
Selected parents:
[[ 0.00000000e+00  6.27937040e+00  3.19484293e+00 -3.72370557e+00
  -1.75214813e-10 -1.83669770e-15 -7.58848480e+00  2.29423303e-05
  -2.04721003e-06 -1.59792834e-08  9.98214034e-10]
 [ 0.00000000e+00  6.27937040e+00  3.19484293e+00 -3.72370557e+00
  -1.75214813e-10 -1.83669770e-15 -7.58848480e+00  2.29423303e-05
  -2.04721003e-06 -1.59792834e-08  9.98214034e-10]
 [-2.53647165e+00  6.27937040e+00  9.10274860e+00 -3.72370557e+00
  -1.75214813e-10 -1.83669770e-15 -7.58848480e+00  2.29423303e-05
  -2.04721003e-06 -1.59792834e-08  9.98214034e-10]
 [-9.95236706e+00  7.51712895e-01  3.19484293e+00 -3.72370557e+00
  -2.00623234e+00 -1.83669770e-15  4.24298592e+00  2.29423303e-05
  -2.04721003e-06 -1.59792834e-08  9.98214034e-10]
 [ 0.00000000e+00  6.27937040e+00  3.19484293e+00 -3.72370557e+00
   1.82625907e+00 -1.83669770e-15 -7.58848480e+00  2.29423303e-05
  -2.04721003e-06 -1.59792834e-08  9.98214034e-10]
 [-9.95236706e+00  7.51712895e-01  3.19484293e+00 -3.72370557e+00
  -2.00623234e+00 -1.83669770e-15  4.24298592e+00  2.29423303e-05
  -2.04721003e-06 -1.59792834e-08  9.98214034e-10]]Best offspring gen errors:
[[3.66438663e+10 3.08769360e+11]
 [3.67518251e+10 3.08750649e+11]
 [3.67518251e+10 3.08750649e+11]
 [3.67518251e+10 3.08750649e+11]
 [3.67518251e+10 3.08750649e+11]
 [3.67518251e+10 3.08750649e+11]
 [3.67518251e+10 3.08750649e+11]
 [3.67518251e+10 3.08750649e+11]
 [3.67518251e+10 3.08750649e+11]
 [3.67518251e+10 3.08750649e+11]]
