Fitness funtion: -1 * (train_validation_error[:, 1] + train_validation_error[:, 0])
Initialed with the best that we have until now
Starting all over again with new root population
No of generations: 10
Population size: 10
Mutation coefficient: 0.2
Split point: 7
Two offspring per pair
Population:
[[ 0.00000000e+00  0.00000000e+00  0.00000000e+00  0.00000000e+00
   0.00000000e+00 -6.65740657e+00  0.00000000e+00 -5.87884718e+00
   0.00000000e+00 -4.71191779e+00]
 [-9.75835723e+00 -9.75835723e+00 -9.75835723e+00 -9.16442062e+00
  -9.75835723e+00 -9.75835723e+00 -9.75835723e+00 -9.75835723e+00
  -9.75835723e+00 -9.75835723e+00]
 [-2.28980078e-13 -2.28980078e-13  7.96262044e+00 -2.28980078e-13
  -2.28980078e-13 -2.28980078e-13 -2.28980078e-13 -2.28980078e-13
  -2.28980078e-13 -7.30546293e+00]
 [ 1.07109860e+00 -9.36039173e+00  1.07109860e+00  1.07109860e+00
   1.07109860e+00  1.07109860e+00  1.07109860e+00  1.07109860e+00
   1.07109860e+00  1.07109860e+00]
 [-1.75214813e-10 -9.87761348e-01 -1.21754242e+00 -1.75214813e-10
  -1.75214813e-10 -1.75214813e-10 -1.75214813e-10  9.73417871e+00
  -5.54700126e+00  4.90285040e+00]
 [-1.83669770e-15  4.62623963e+00 -1.83669770e-15 -1.83669770e-15
  -1.83669770e-15 -1.83669770e-15 -1.83669770e-15 -1.83669770e-15
  -1.83669770e-15 -1.83669770e-15]
 [ 9.68575287e+00 -4.30190420e+00  8.52944060e-16 -2.80915683e+00
   8.52944060e-16 -1.41248286e+00  8.52944060e-16  8.52944060e-16
   8.52944060e-16  8.52944060e-16]
 [ 2.29423303e-05  2.29423303e-05  2.29423303e-05  2.29423303e-05
   2.29423303e-05 -3.81461846e+00  2.29423303e-05  2.29423303e-05
   2.29423303e-05  2.29423303e-05]
 [-2.46051757e+00 -2.04721003e-06 -2.04721003e-06 -2.04721003e-06
  -2.04721003e-06 -2.04721003e-06 -2.04721003e-06 -2.04721003e-06
  -2.04721003e-06 -2.04721003e-06]
 [-1.59792834e-08 -1.59792834e-08 -1.59792834e-08 -1.59792834e-08
  -1.59792834e-08 -1.59792834e-08 -1.59792834e-08 -1.59792834e-08
  -1.59792834e-08 -1.59792834e-08]
 [ 9.98214034e-10  9.98214034e-10  9.98214034e-10  9.98214034e-10
   9.98214034e-10  9.98214034e-10  9.98214034e-10  9.98214034e-10
   9.98214034e-10  9.98214034e-10]]
Train validation errors
[[4.999458876637588e+26, 9.692787366567536e+26], [7.846427163126834e+42, 7.984575226655585e+42], [4759464192995.139, 7554085987077.045], [15450900108.879908, 400748576349.1386], [15450295594.449286, 400741755000.0832], [5.2008528677580734e+23, 1.0163826577636543e+24], [15450295594.449286, 400741755000.0832], [318855176103377.4, 616242018261356.8], [102203426548156.58, 184944164778889.94], [81155234816715.39, 160725835605354.56]]
Selected parents:
[[ 0.00000000e+00 -9.75835723e+00  7.96262044e+00  1.07109860e+00
  -1.21754242e+00 -1.83669770e-15  8.52944060e-16  2.29423303e-05
  -2.04721003e-06 -1.59792834e-08  9.98214034e-10]
 [ 0.00000000e+00 -9.16442062e+00 -2.28980078e-13  1.07109860e+00
  -1.75214813e-10 -1.83669770e-15 -2.80915683e+00  2.29423303e-05
  -2.04721003e-06 -1.59792834e-08  9.98214034e-10]
 [ 0.00000000e+00 -9.75835723e+00 -2.28980078e-13  1.07109860e+00
  -1.75214813e-10 -1.83669770e-15  8.52944060e-16  2.29423303e-05
  -2.04721003e-06 -1.59792834e-08  9.98214034e-10]
 [ 0.00000000e+00 -9.75835723e+00 -2.28980078e-13  1.07109860e+00
  -1.75214813e-10 -1.83669770e-15  8.52944060e-16  2.29423303e-05
  -2.04721003e-06 -1.59792834e-08  9.98214034e-10]
 [ 0.00000000e+00 -9.75835723e+00 -2.28980078e-13  1.07109860e+00
  -5.54700126e+00 -1.83669770e-15  8.52944060e-16  2.29423303e-05
  -2.04721003e-06 -1.59792834e-08  9.98214034e-10]
 [-4.71191779e+00 -9.75835723e+00 -7.30546293e+00  1.07109860e+00
   4.90285040e+00 -1.83669770e-15  8.52944060e-16  2.29423303e-05
  -2.04721003e-06 -1.59792834e-08  9.98214034e-10]]Population:
[[ 0.00000000e+00  0.00000000e+00  0.00000000e+00  0.00000000e+00
  -1.70277617e+00 -7.92488073e+00 -4.71191779e+00 -4.71191779e+00
   1.02276696e+00  0.00000000e+00]
 [-9.75835723e+00 -9.75835723e+00 -9.75835723e+00 -9.75835723e+00
  -9.75835723e+00 -9.75835723e+00 -9.75835723e+00 -9.25193708e-01
  -9.75835723e+00 -9.75835723e+00]
 [-2.28980078e-13 -2.28980078e-13 -2.28980078e-13 -4.37221745e-01
  -2.28980078e-13 -2.28980078e-13 -7.30546293e+00 -7.30546293e+00
  -2.28980078e-13 -2.28980078e-13]
 [ 1.07109860e+00  1.07109860e+00 -9.63310495e+00 -5.02386442e+00
   1.07109860e+00  1.24285893e+00  1.07109860e+00  1.07109860e+00
   1.07109860e+00  1.07109860e+00]
 [-1.75214813e-10 -1.75214813e-10 -1.60026967e+00 -1.75214813e-10
   7.31855353e+00 -5.54700126e+00 -8.07876164e+00  4.90285040e+00
  -1.75214813e-10 -5.54700126e+00]
 [-1.83669770e-15 -1.83669770e-15  4.93924054e+00 -2.23554037e+00
  -2.83667502e+00  6.05408260e+00 -1.83669770e-15 -1.19842775e+00
  -1.83669770e-15 -1.83669770e-15]
 [ 8.52944060e-16  8.52944060e-16  7.02215068e-01  3.83568482e+00
   8.52944060e-16  8.52944060e-16  4.03374732e+00  8.52944060e-16
   8.52944060e-16 -3.42295826e+00]
 [ 2.29423303e-05  2.29423303e-05  2.29423303e-05  2.29423303e-05
   2.29423303e-05 -4.46425733e+00  2.29423303e-05  5.09102737e+00
   2.29423303e-05  2.29423303e-05]
 [-2.04721003e-06 -2.04721003e-06 -2.04721003e-06 -2.04721003e-06
  -2.04721003e-06 -2.04721003e-06 -2.04721003e-06 -2.04721003e-06
  -2.04721003e-06 -2.04721003e-06]
 [-1.59792834e-08 -1.59792834e-08 -1.59792834e-08 -8.94156105e+00
  -1.59792834e-08 -1.59792834e-08  3.75679438e+00  7.93401101e+00
  -1.59792834e-08 -1.59792834e-08]
 [ 9.98214034e-10  9.98214034e-10  9.98214034e-10  9.98214034e-10
   3.26372392e+00  5.26513287e+00  9.98214034e-10  9.98214034e-10
   9.98214034e-10  9.98214034e-10]]
Train validation errors
[[15450295594.449286, 400741755000.0832], [15450295594.449286, 400741755000.0832], [8.944087755829848e+42, 9.101561772705409e+42], [1.832242664694111e+42, 1.8645054443921236e+42], [2.9498695669468807e+42, 3.0017309333521236e+42], [1.3438061072006407e+43, 1.3674918135294198e+43], [2.7220249234504184e+30, 5.218344730991496e+30], [5.26545218269835e+41, 5.358142092627242e+41], [15450353062.2895, 400742007833.9139], [102203428965460.22, 184944159053184.84]]
Selected parents:
[[ 0.00000000e+00 -9.75835723e+00 -2.28980078e-13  1.07109860e+00
  -1.75214813e-10 -1.83669770e-15  8.52944060e-16  2.29423303e-05
  -2.04721003e-06 -1.59792834e-08  9.98214034e-10]
 [ 0.00000000e+00 -9.75835723e+00 -2.28980078e-13  1.07109860e+00
  -1.75214813e-10 -1.83669770e-15  8.52944060e-16  2.29423303e-05
  -2.04721003e-06 -1.59792834e-08  9.98214034e-10]
 [-4.71191779e+00 -9.75835723e+00 -7.30546293e+00  1.07109860e+00
  -8.07876164e+00 -1.83669770e-15  4.03374732e+00  2.29423303e-05
  -2.04721003e-06  3.75679438e+00  9.98214034e-10]
 [-4.71191779e+00 -9.25193708e-01 -7.30546293e+00  1.07109860e+00
   4.90285040e+00 -1.19842775e+00  8.52944060e-16  5.09102737e+00
  -2.04721003e-06  7.93401101e+00  9.98214034e-10]
 [ 1.02276696e+00 -9.75835723e+00 -2.28980078e-13  1.07109860e+00
  -1.75214813e-10 -1.83669770e-15  8.52944060e-16  2.29423303e-05
  -2.04721003e-06 -1.59792834e-08  9.98214034e-10]
 [ 0.00000000e+00 -9.75835723e+00 -2.28980078e-13  1.07109860e+00
  -5.54700126e+00 -1.83669770e-15 -3.42295826e+00  2.29423303e-05
  -2.04721003e-06 -1.59792834e-08  9.98214034e-10]]Population:
[[ 0.00000000e+00  0.00000000e+00  1.02276696e+00 -4.55399168e+00
   9.45165937e+00  1.26601678e+00  0.00000000e+00  0.00000000e+00
   0.00000000e+00  0.00000000e+00]
 [-9.75835723e+00 -9.75835723e+00 -9.75835723e+00 -9.75835723e+00
  -9.75835723e+00 -2.92292289e+00 -9.75835723e+00 -9.75835723e+00
  -9.75835723e+00 -1.22495908e+00]
 [-2.28980078e-13 -2.28980078e-13 -5.48077259e-01  3.64049620e+00
  -2.28980078e-13 -2.28980078e-13 -2.28980078e-13  4.92345204e+00
  -2.28980078e-13 -3.53732960e+00]
 [ 1.07109860e+00  1.07109860e+00  1.07109860e+00  1.07109860e+00
   1.07109860e+00 -2.69667072e+00  1.07109860e+00  1.07109860e+00
   1.07109860e+00  1.07109860e+00]
 [-1.75214813e-10 -1.75214813e-10 -1.75214813e-10 -1.75214813e-10
  -1.75214813e-10 -1.75214813e-10 -5.54700126e+00 -5.54700126e+00
  -1.75214813e-10 -1.75214813e-10]
 [-1.83669770e-15 -1.83669770e-15 -5.60551866e+00 -1.83669770e-15
  -1.83669770e-15  3.25562647e+00 -1.83669770e-15  9.48941544e+00
  -2.33209941e+00 -1.35030113e+00]
 [ 8.52944060e-16  8.52944060e-16  8.52944060e-16 -9.89759445e+00
   8.94857705e+00  8.52944060e-16  8.52944060e-16 -3.42295826e+00
   8.52944060e-16  8.52944060e-16]
 [ 2.29423303e-05  2.29423303e-05  2.29423303e-05  2.29423303e-05
  -5.01134264e+00 -4.18156809e+00  9.93324698e+00  2.29423303e-05
   2.29423303e-05 -2.69654266e+00]
 [-2.04721003e-06 -2.04721003e-06 -7.51116452e+00 -2.04721003e-06
   4.76022538e+00  2.37157972e+00 -2.04721003e-06 -2.04721003e-06
  -2.04721003e-06 -2.04721003e-06]
 [-1.59792834e-08 -1.59792834e-08 -1.59792834e-08  9.46229623e+00
  -1.59792834e-08  9.75373882e+00 -7.61625444e+00 -1.59792834e-08
  -1.59792834e-08 -6.80009061e-01]
 [ 9.98214034e-10  9.98214034e-10 -7.65614751e+00  4.46314140e+00
   9.98214034e-10 -1.71336857e+00  9.98214034e-10  9.98214034e-10
   9.98214034e-10  9.49805152e+00]]
Train validation errors
[[15450295594.449286, 400741755000.0832], [15450295594.449286, 400741755000.0832], [1.152087244098519e+43, 1.1724064735745084e+43], [9.833401263010386e+33, 1.864028973617582e+34], [1.7943571512595335e+27, 3.470254176694576e+27], [3.885723363694297e+42, 3.954097286079732e+42], [1.1175191282181425e+31, 2.1423486226344953e+31], [3.301373183608747e+43, 3.3594987868698774e+43], [1.99392957923303e+42, 2.029035686058083e+42], [6.6816122032877e+41, 6.7982080569881716e+41]]
Selected parents:
[[ 0.00000000e+00 -9.75835723e+00 -2.28980078e-13  1.07109860e+00
  -1.75214813e-10 -1.83669770e-15  8.52944060e-16  2.29423303e-05
  -2.04721003e-06 -1.59792834e-08  9.98214034e-10]
 [ 0.00000000e+00 -9.75835723e+00 -2.28980078e-13  1.07109860e+00
  -1.75214813e-10 -1.83669770e-15  8.52944060e-16  2.29423303e-05
  -2.04721003e-06 -1.59792834e-08  9.98214034e-10]
 [-4.55399168e+00 -9.75835723e+00  3.64049620e+00  1.07109860e+00
  -1.75214813e-10 -1.83669770e-15 -9.89759445e+00  2.29423303e-05
  -2.04721003e-06  9.46229623e+00  4.46314140e+00]
 [ 9.45165937e+00 -9.75835723e+00 -2.28980078e-13  1.07109860e+00
  -1.75214813e-10 -1.83669770e-15  8.94857705e+00 -5.01134264e+00
   4.76022538e+00 -1.59792834e-08  9.98214034e-10]
 [ 0.00000000e+00 -9.75835723e+00 -2.28980078e-13  1.07109860e+00
  -5.54700126e+00 -1.83669770e-15  8.52944060e-16  9.93324698e+00
  -2.04721003e-06 -7.61625444e+00  9.98214034e-10]
 [ 0.00000000e+00 -1.22495908e+00 -3.53732960e+00  1.07109860e+00
  -1.75214813e-10 -1.35030113e+00  8.52944060e-16 -2.69654266e+00
  -2.04721003e-06 -6.80009061e-01  9.49805152e+00]]Population:
[[ 0.00000000e+00  0.00000000e+00  0.00000000e+00  0.00000000e+00
   0.00000000e+00 -8.55840087e+00  9.45165937e+00  9.45165937e+00
   0.00000000e+00 -8.45523564e+00]
 [-9.75835723e+00 -9.75835723e+00  1.97020300e-01 -9.75835723e+00
  -9.75835723e+00 -9.75835723e+00  4.73382045e+00  7.66474903e+00
  -9.75835723e+00 -9.75835723e+00]
 [-2.28980078e-13 -2.28980078e-13 -2.28980078e-13 -2.28980078e-13
   2.93697317e+00 -2.28980078e-13 -2.28980078e-13 -2.18077666e+00
  -2.28980078e-13 -5.26157304e+00]
 [ 1.07109860e+00  1.07109860e+00  1.14254113e+00  1.07109860e+00
   1.07109860e+00  1.07109860e+00  6.93646372e+00  1.55330335e+00
   3.41276986e+00  5.39375562e+00]
 [-1.75214813e-10 -1.75214813e-10 -1.75214813e-10 -1.75214813e-10
  -5.54700126e+00 -1.75214813e-10  3.49235047e+00 -8.48011598e+00
   7.12284469e+00 -1.75214813e-10]
 [-1.83669770e-15 -1.83669770e-15 -1.83669770e-15 -1.83669770e-15
  -7.68682990e+00 -1.83669770e-15 -1.83669770e-15 -1.83669770e-15
  -1.83669770e-15 -1.83669770e-15]
 [ 8.52944060e-16  8.52944060e-16  8.52944060e-16  8.52944060e-16
   8.52944060e-16  8.52944060e-16 -3.00516263e+00  5.91183174e+00
   8.52944060e-16  8.52944060e-16]
 [ 2.29423303e-05  2.29423303e-05  2.29423303e-05  2.29423303e-05
   3.46125282e+00  2.29423303e-05  2.29423303e-05 -5.01134264e+00
   2.29423303e-05  2.29423303e-05]
 [-2.04721003e-06 -2.04721003e-06 -7.84877486e+00 -2.04721003e-06
  -3.37078053e+00  9.82892545e+00  4.76022538e+00 -8.91866040e+00
  -2.04721003e-06 -4.70999625e+00]
 [-1.59792834e-08 -1.59792834e-08 -1.59792834e-08 -1.59792834e-08
  -7.61625444e+00 -6.17669387e+00 -1.59792834e-08  5.87046076e+00
  -1.59792834e-08 -6.78389559e+00]
 [ 9.98214034e-10  9.98214034e-10  9.98214034e-10  9.98214034e-10
   9.98214034e-10  9.98214034e-10  9.98214034e-10  9.98214034e-10
  -7.87073897e+00 -8.64004979e+00]]
Train validation errors
[[15450295594.449286, 400741755000.0832], [15450295594.449286, 400741755000.0832], [5.087147158580375e+27, 9.862794712013853e+27], [15450295594.449286, 400741755000.0832], [2.166261120400282e+43, 2.2044023897445598e+43], [6.896388131615634e+30, 1.3188210223341508e+31], [1.871226311011527e+27, 3.6278725303291964e+27], [6.243372844671863e+30, 1.1940737302938121e+31], [2.8114708308421826e+34, 5.318952409573732e+34], [3.4980920384630103e+34, 6.623054436009762e+34]]
Selected parents:
[[ 0.00000000e+00 -9.75835723e+00 -2.28980078e-13  1.07109860e+00
  -1.75214813e-10 -1.83669770e-15  8.52944060e-16  2.29423303e-05
  -2.04721003e-06 -1.59792834e-08  9.98214034e-10]
 [ 0.00000000e+00 -9.75835723e+00 -2.28980078e-13  1.07109860e+00
  -1.75214813e-10 -1.83669770e-15  8.52944060e-16  2.29423303e-05
  -2.04721003e-06 -1.59792834e-08  9.98214034e-10]
 [ 0.00000000e+00  1.97020300e-01 -2.28980078e-13  1.14254113e+00
  -1.75214813e-10 -1.83669770e-15  8.52944060e-16  2.29423303e-05
  -7.84877486e+00 -1.59792834e-08  9.98214034e-10]
 [ 0.00000000e+00 -9.75835723e+00 -2.28980078e-13  1.07109860e+00
  -1.75214813e-10 -1.83669770e-15  8.52944060e-16  2.29423303e-05
  -2.04721003e-06 -1.59792834e-08  9.98214034e-10]
 [ 9.45165937e+00  4.73382045e+00 -2.28980078e-13  6.93646372e+00
   3.49235047e+00 -1.83669770e-15 -3.00516263e+00  2.29423303e-05
   4.76022538e+00 -1.59792834e-08  9.98214034e-10]
 [ 9.45165937e+00  7.66474903e+00 -2.18077666e+00  1.55330335e+00
  -8.48011598e+00 -1.83669770e-15  5.91183174e+00 -5.01134264e+00
  -8.91866040e+00  5.87046076e+00  9.98214034e-10]]Population:
[[ 0.00000000e+00  0.00000000e+00 -1.70675152e+00  9.45165937e+00
  -3.74654075e+00 -7.29981495e+00  0.00000000e+00 -6.40175652e+00
   0.00000000e+00  9.45165937e+00]
 [-9.75835723e+00 -9.75835723e+00  4.73382045e+00  3.13930315e+00
  -5.40708216e-01 -9.75835723e+00  7.12840132e-01  1.97020300e-01
  -9.75835723e+00  4.73382045e+00]
 [-2.28980078e-13 -2.28980078e-13 -2.28980078e-13 -8.91223034e+00
   2.49304948e+00 -2.28980078e-13 -9.17077561e+00  1.47621428e+00
  -2.28980078e-13 -2.21775139e+00]
 [ 1.07109860e+00  1.07109860e+00  1.07109860e+00  6.93646372e+00
   1.14254113e+00  1.14254113e+00  1.14254113e+00  1.14254113e+00
   6.93646372e+00 -4.52087614e+00]
 [-1.75214813e-10 -1.75214813e-10  7.70215601e+00  1.93500252e-01
  -1.75214813e-10 -1.75214813e-10 -1.75214813e-10  8.53904166e+00
   3.49235047e+00  3.49235047e+00]
 [-1.83669770e-15 -1.83669770e-15 -1.83669770e-15  3.67667393e+00
  -9.67592550e+00 -1.83669770e-15 -1.83669770e-15 -1.83669770e-15
  -1.83669770e-15  3.10299613e+00]
 [ 8.52944060e-16  8.52944060e-16 -3.00516263e+00 -3.00516263e+00
   8.52944060e-16  6.22679744e+00  8.52944060e-16  8.52944060e-16
  -3.00516263e+00  6.78492287e+00]
 [ 2.29423303e-05  2.29423303e-05  6.17221284e+00  2.29423303e-05
   2.29423303e-05 -7.19763167e+00 -9.65377935e-01  2.29423303e-05
   2.29423303e-05  2.29423303e-05]
 [-2.04721003e-06 -2.04721003e-06  4.76022538e+00  4.76022538e+00
  -2.04721003e-06  3.13348642e+00 -2.04721003e-06  1.14392205e+00
   4.76022538e+00  4.76022538e+00]
 [-1.59792834e-08 -1.59792834e-08 -1.59792834e-08 -7.78766463e+00
  -1.59792834e-08 -1.59792834e-08 -7.12872131e+00 -8.58638269e+00
  -1.59792834e-08 -5.72201947e+00]
 [ 9.98214034e-10  9.98214034e-10  9.98214034e-10  3.47042495e+00
  -9.89535094e+00  9.98214034e-10 -1.85319487e+00  9.98214034e-10
   9.77709922e+00 -9.60570000e+00]]
Train validation errors
[[15450295594.449286, 400741755000.0832], [15450295594.449286, 400741755000.0832], [1.9683683895888042e+27, 3.8268226467765107e+27], [4.9562253291053555e+42, 5.043586301814838e+42], [3.4326476014711976e+43, 3.493162567141179e+43], [7.391528239519086e+26, 1.424942486958447e+27], [1.8111423776974012e+33, 3.438054727349425e+33], [1.4143391859926908e+31, 2.710871958078726e+31], [4.340125681812465e+34, 8.211022127521396e+34], [3.529318876497372e+42, 3.591211807161888e+42]]
Selected parents:
[[ 0.00000000e+00 -9.75835723e+00 -2.28980078e-13  1.07109860e+00
  -1.75214813e-10 -1.83669770e-15  8.52944060e-16  2.29423303e-05
  -2.04721003e-06 -1.59792834e-08  9.98214034e-10]
 [ 0.00000000e+00 -9.75835723e+00 -2.28980078e-13  1.07109860e+00
  -1.75214813e-10 -1.83669770e-15  8.52944060e-16  2.29423303e-05
  -2.04721003e-06 -1.59792834e-08  9.98214034e-10]
 [-1.70675152e+00  4.73382045e+00 -2.28980078e-13  1.07109860e+00
   7.70215601e+00 -1.83669770e-15 -3.00516263e+00  6.17221284e+00
   4.76022538e+00 -1.59792834e-08  9.98214034e-10]
 [-7.29981495e+00 -9.75835723e+00 -2.28980078e-13  1.14254113e+00
  -1.75214813e-10 -1.83669770e-15  6.22679744e+00 -7.19763167e+00
   3.13348642e+00 -1.59792834e-08  9.98214034e-10]
 [ 0.00000000e+00  7.12840132e-01 -9.17077561e+00  1.14254113e+00
  -1.75214813e-10 -1.83669770e-15  8.52944060e-16 -9.65377935e-01
  -2.04721003e-06 -7.12872131e+00 -1.85319487e+00]
 [-6.40175652e+00  1.97020300e-01  1.47621428e+00  1.14254113e+00
   8.53904166e+00 -1.83669770e-15  8.52944060e-16  2.29423303e-05
   1.14392205e+00 -8.58638269e+00  9.98214034e-10]]Population:
[[ 0.00000000e+00  0.00000000e+00  0.00000000e+00  6.06300107e-03
   0.00000000e+00 -4.85506829e+00 -1.70675152e+00 -7.33684435e+00
   0.00000000e+00  0.00000000e+00]
 [-9.75835723e+00 -9.75835723e+00  7.84900432e+00  6.13974418e+00
   7.12840132e-01  7.12840132e-01  4.73382045e+00 -6.20129292e+00
  -9.75835723e+00  7.12840132e-01]
 [-2.28980078e-13 -2.28980078e-13 -2.28980078e-13 -2.28980078e-13
  -6.00281735e+00 -2.28980078e-13 -2.28980078e-13 -2.28980078e-13
   5.42873558e+00 -4.61409227e+00]
 [ 1.07109860e+00  1.07109860e+00  2.83041871e-01 -7.28849978e+00
  -1.30424385e+00  1.14254113e+00  1.07109860e+00 -7.27402865e+00
  -7.11947907e+00  9.65427325e+00]
 [-1.75214813e-10 -1.75214813e-10 -2.87399101e-01  5.52472502e+00
   5.81843107e+00 -1.75214813e-10  7.70215601e+00 -1.75214813e-10
  -2.67065111e+00 -1.75214813e-10]
 [-1.83669770e-15 -1.83669770e-15  9.33703845e+00  9.88921695e+00
  -1.83669770e-15 -1.83669770e-15 -1.83669770e-15  6.69211361e+00
  -1.83669770e-15 -1.83669770e-15]
 [ 8.52944060e-16  8.52944060e-16  7.35430769e+00 -3.00516263e+00
  -3.00516263e+00  3.35763918e+00  6.22679744e+00 -5.95616017e+00
   6.14262327e+00  8.52944060e-16]
 [ 2.29423303e-05  2.29423303e-05  2.29423303e-05  6.17221284e+00
  -3.24611397e+00 -8.46995746e+00  6.17221284e+00 -7.19763167e+00
   1.88055805e+00 -9.65377935e-01]
 [-2.04721003e-06 -2.04721003e-06  3.23505172e+00  4.76022538e+00
  -2.66898013e+00  7.47619946e+00  4.76022538e+00  3.13348642e+00
   3.13348642e+00 -2.04721003e-06]
 [-1.59792834e-08 -1.59792834e-08 -1.59792834e-08  5.38739550e+00
  -7.12872131e+00 -7.12872131e+00 -1.59792834e-08  4.29378423e+00
   3.55837513e+00 -7.12872131e+00]
 [ 9.98214034e-10  9.98214034e-10  9.98214034e-10  3.31800836e+00
  -1.85319487e+00  2.64485168e+00 -7.48037284e-01  9.98214034e-10
   3.07930171e+00  9.98214034e-10]]
Train validation errors
[[15450295594.449286, 400741755000.0832], [15450295594.449286, 400741755000.0832], [3.1962003640054437e+43, 3.252474253562687e+43], [3.585495391973233e+43, 3.6486510749775083e+43], [1.8132334921205373e+33, 3.442076242345785e+33], [2.845212024439863e+33, 5.366971240227984e+33], [2.5254320274933773e+32, 4.777423424523146e+32], [1.64188477988715e+43, 1.6707931101366856e+43], [4.510941255008696e+33, 8.543720979568006e+33], [9.802365331008854e+30, 1.8791961893456021e+31]]
Selected parents:
[[ 0.00000000e+00 -9.75835723e+00 -2.28980078e-13  1.07109860e+00
  -1.75214813e-10 -1.83669770e-15  8.52944060e-16  2.29423303e-05
  -2.04721003e-06 -1.59792834e-08  9.98214034e-10]
 [ 0.00000000e+00 -9.75835723e+00 -2.28980078e-13  1.07109860e+00
  -1.75214813e-10 -1.83669770e-15  8.52944060e-16  2.29423303e-05
  -2.04721003e-06 -1.59792834e-08  9.98214034e-10]
 [ 0.00000000e+00  7.12840132e-01 -6.00281735e+00 -1.30424385e+00
   5.81843107e+00 -1.83669770e-15 -3.00516263e+00 -3.24611397e+00
  -2.66898013e+00 -7.12872131e+00 -1.85319487e+00]
 [-4.85506829e+00  7.12840132e-01 -2.28980078e-13  1.14254113e+00
  -1.75214813e-10 -1.83669770e-15  3.35763918e+00 -8.46995746e+00
   7.47619946e+00 -7.12872131e+00  2.64485168e+00]
 [-1.70675152e+00  4.73382045e+00 -2.28980078e-13  1.07109860e+00
   7.70215601e+00 -1.83669770e-15  6.22679744e+00  6.17221284e+00
   4.76022538e+00 -1.59792834e-08 -7.48037284e-01]
 [ 0.00000000e+00  7.12840132e-01 -4.61409227e+00  9.65427325e+00
  -1.75214813e-10 -1.83669770e-15  8.52944060e-16 -9.65377935e-01
  -2.04721003e-06 -7.12872131e+00  9.98214034e-10]]Population:
[[ 0.00000000e+00  0.00000000e+00  0.00000000e+00 -4.85506829e+00
   0.00000000e+00  6.67570860e+00 -2.52419599e+00 -1.70675152e+00
   0.00000000e+00 -4.85506829e+00]
 [-9.75835723e+00 -9.75835723e+00  5.35570769e+00 -3.82623489e+00
   6.19801744e+00 -9.75835723e+00  1.88815124e-01  4.73382045e+00
   7.12840132e-01 -4.03739745e+00]
 [-2.28980078e-13 -2.28980078e-13  3.52953573e+00 -6.00281735e+00
  -2.28980078e-13 -2.28980078e-13 -2.28980078e-13  8.58525098e+00
  -2.28980078e-13 -2.28980078e-13]
 [ 1.07109860e+00  1.07109860e+00  4.44361149e+00  1.14254113e+00
   1.07109860e+00  1.07109860e+00  1.07109860e+00  7.43463277e+00
   5.32655101e+00  1.07109860e+00]
 [-1.75214813e-10 -1.75214813e-10  5.81843107e+00  5.81843107e+00
   7.03990279e+00 -1.75214813e-10  7.70215601e+00  8.41047067e+00
  -1.75214813e-10 -8.31497402e+00]
 [-1.83669770e-15 -1.83669770e-15 -1.83669770e-15 -2.74685592e+00
   8.92323871e+00 -1.83669770e-15  5.35259707e+00  6.47974816e+00
   2.18858110e+00 -1.83669770e-15]
 [ 8.52944060e-16  8.52944060e-16  3.79914310e+00 -3.00516263e+00
   3.35763918e+00  8.52944060e-16 -8.86131916e+00  6.22679744e+00
  -9.91824871e+00  3.35763918e+00]
 [ 2.29423303e-05  2.29423303e-05 -3.24611397e+00 -8.46995746e+00
  -7.58183305e+00 -8.46995746e+00  2.29423303e-05  2.29423303e-05
   2.29423303e-05 -8.46995746e+00]
 [-2.04721003e-06 -2.04721003e-06 -2.66898013e+00  7.47619946e+00
  -2.04721003e-06  1.91056915e+00 -2.04721003e-06 -5.34264098e+00
   7.47619946e+00  7.47619946e+00]
 [-1.59792834e-08 -1.59792834e-08 -8.73837568e+00  7.54223176e+00
  -7.12872131e+00 -5.63934449e+00 -1.59792834e-08 -1.81816581e+00
   5.10998991e+00  1.29087617e+00]
 [ 9.98214034e-10  9.98214034e-10  3.72699859e+00  2.64485168e+00
   9.98214034e-10  7.28421118e+00 -9.23685573e+00 -7.76280691e-01
   9.98214034e-10  2.64485168e+00]]
Train validation errors
[[15450295594.449286, 400741755000.0832], [15450295594.449286, 400741755000.0832], [5.716765777124003e+33, 1.078770943110723e+34], [2.766043794859025e+42, 2.814681277415866e+42], [2.9191759296985543e+43, 2.9705712933393933e+43], [2.333694315969033e+34, 4.411553092701779e+34], [1.0502597606279237e+43, 1.0687108382546325e+43], [1.5393183501595774e+43, 1.5664160323985206e+43], [1.7560721094837474e+42, 1.7869923480827844e+42], [3.245290859915169e+33, 6.142810314077886e+33]]
Selected parents:
[[ 0.00000000e+00 -9.75835723e+00 -2.28980078e-13  1.07109860e+00
  -1.75214813e-10 -1.83669770e-15  8.52944060e-16  2.29423303e-05
  -2.04721003e-06 -1.59792834e-08  9.98214034e-10]
 [ 0.00000000e+00 -9.75835723e+00 -2.28980078e-13  1.07109860e+00
  -1.75214813e-10 -1.83669770e-15  8.52944060e-16  2.29423303e-05
  -2.04721003e-06 -1.59792834e-08  9.98214034e-10]
 [ 0.00000000e+00  5.35570769e+00  3.52953573e+00  4.44361149e+00
   5.81843107e+00 -1.83669770e-15  3.79914310e+00 -3.24611397e+00
  -2.66898013e+00 -8.73837568e+00  3.72699859e+00]
 [ 6.67570860e+00 -9.75835723e+00 -2.28980078e-13  1.07109860e+00
  -1.75214813e-10 -1.83669770e-15  8.52944060e-16 -8.46995746e+00
   1.91056915e+00 -5.63934449e+00  7.28421118e+00]
 [ 0.00000000e+00  7.12840132e-01 -2.28980078e-13  5.32655101e+00
  -1.75214813e-10  2.18858110e+00 -9.91824871e+00  2.29423303e-05
   7.47619946e+00  5.10998991e+00  9.98214034e-10]
 [-4.85506829e+00 -4.03739745e+00 -2.28980078e-13  1.07109860e+00
  -8.31497402e+00 -1.83669770e-15  3.35763918e+00 -8.46995746e+00
   7.47619946e+00  1.29087617e+00  2.64485168e+00]]Population:
[[ 0.00000000e+00  0.00000000e+00  4.16167297e+00  0.00000000e+00
  -4.85506829e+00  4.43969932e+00 -4.85506829e+00  5.52449651e+00
   0.00000000e+00  0.00000000e+00]
 [-9.75835723e+00 -9.75835723e+00 -9.75835723e+00  7.12840132e-01
  -9.75835723e+00 -4.03739745e+00  5.35570769e+00  5.35570769e+00
   7.12840132e-01 -7.26420861e+00]
 [-2.28980078e-13 -2.28980078e-13 -7.70238883e+00 -2.50793024e+00
  -2.28980078e-13 -2.28980078e-13  3.52953573e+00 -2.28980078e-13
   1.84329541e+00  3.52953573e+00]
 [ 1.07109860e+00  1.07109860e+00  5.32655101e+00 -4.17168268e+00
   9.93681667e+00  1.07109860e+00 -1.78994041e+00  4.44361149e+00
   5.32655101e+00  4.44361149e+00]
 [-1.75214813e-10 -1.75214813e-10  8.29087637e+00 -1.75214813e-10
  -4.83516704e+00 -1.75214813e-10  5.81843107e+00 -8.31497402e+00
  -1.75214813e-10  5.81843107e+00]
 [-1.83669770e-15 -1.83669770e-15  2.18858110e+00 -1.83669770e-15
  -1.83669770e-15 -1.83669770e-15 -1.83669770e-15 -1.83669770e-15
   2.18858110e+00 -9.18764011e+00]
 [ 8.52944060e-16  8.52944060e-16 -9.91824871e+00 -9.91824871e+00
   8.52944060e-16  5.50937463e+00 -5.36416839e+00  3.35763918e+00
  -9.91824871e+00  1.70681316e+00]
 [ 2.29423303e-05  2.29423303e-05  7.52233558e+00  2.29423303e-05
  -8.46995746e+00  8.57662900e+00 -3.24611397e+00  1.01639610e-01
  -3.24611397e+00 -7.35984790e-01]
 [-2.04721003e-06 -2.04721003e-06  7.47619946e+00 -4.06580025e+00
   7.47619946e+00  7.47619946e+00  7.47619946e+00 -2.66898013e+00
  -2.66898013e+00 -2.66898013e+00]
 [-1.59792834e-08 -1.59792834e-08  5.10998991e+00  8.95960718e+00
   1.29087617e+00 -3.35992298e+00 -3.61527926e-01 -8.00999746e+00
   5.10998991e+00 -6.98799816e+00]
 [ 9.98214034e-10  9.98214034e-10  9.98214034e-10 -2.53340944e+00
   9.98214034e-10  2.64485168e+00  3.72699859e+00  2.64485168e+00
   9.98214034e-10  3.72699859e+00]]
Train validation errors
[[15450295594.449286, 400741755000.0832], [15450295594.449286, 400741755000.0832], [1.7560721127163536e+42, 1.7869923526022754e+42], [2.515014448693667e+33, 4.739055359671756e+33], [3.9866614137141025e+29, 7.695399273431256e+29], [3.0212554327891754e+33, 5.708448931942767e+33], [6.289980736723378e+33, 1.1898962792362492e+34], [2.7953556214251933e+33, 5.270521587535782e+33], [1.756071893203247e+42, 1.7869920481517817e+42], [3.094658855903149e+43, 3.149118127338115e+43]]
Selected parents:
[[ 0.00000000e+00 -9.75835723e+00 -2.28980078e-13  1.07109860e+00
  -1.75214813e-10 -1.83669770e-15  8.52944060e-16  2.29423303e-05
  -2.04721003e-06 -1.59792834e-08  9.98214034e-10]
 [ 0.00000000e+00 -9.75835723e+00 -2.28980078e-13  1.07109860e+00
  -1.75214813e-10 -1.83669770e-15  8.52944060e-16  2.29423303e-05
  -2.04721003e-06 -1.59792834e-08  9.98214034e-10]
 [ 0.00000000e+00  7.12840132e-01 -2.50793024e+00 -4.17168268e+00
  -1.75214813e-10 -1.83669770e-15 -9.91824871e+00  2.29423303e-05
  -4.06580025e+00  8.95960718e+00 -2.53340944e+00]
 [-4.85506829e+00 -9.75835723e+00 -2.28980078e-13  9.93681667e+00
  -4.83516704e+00 -1.83669770e-15  8.52944060e-16 -8.46995746e+00
   7.47619946e+00  1.29087617e+00  9.98214034e-10]
 [ 4.43969932e+00 -4.03739745e+00 -2.28980078e-13  1.07109860e+00
  -1.75214813e-10 -1.83669770e-15  5.50937463e+00  8.57662900e+00
   7.47619946e+00 -3.35992298e+00  2.64485168e+00]
 [ 5.52449651e+00  5.35570769e+00 -2.28980078e-13  4.44361149e+00
  -8.31497402e+00 -1.83669770e-15  3.35763918e+00  1.01639610e-01
  -2.66898013e+00 -8.00999746e+00  2.64485168e+00]]Population:
[[ 0.00000000e+00  0.00000000e+00  4.43969932e+00  4.43969932e+00
   4.43969932e+00  0.00000000e+00  6.53297081e+00 -4.85506829e+00
   1.21421678e+00  0.00000000e+00]
 [-9.75835723e+00 -9.75835723e+00  6.01954559e+00 -4.03739745e+00
  -4.03739745e+00 -3.36473412e+00 -6.11345757e+00 -9.75835723e+00
  -9.75835723e+00  6.18071497e+00]
 [-2.28980078e-13 -2.28980078e-13  1.39014366e+00 -1.06935848e+00
  -2.28980078e-13 -2.28980078e-13 -2.50793024e+00  6.71180675e-02
  -2.28980078e-13  3.80679683e+00]
 [ 1.07109860e+00  1.07109860e+00  1.07109860e+00 -1.51726839e+00
   1.07109860e+00  1.07109860e+00 -4.17168268e+00  9.93681667e+00
   5.16610493e+00  9.93681667e+00]
 [-1.75214813e-10 -1.75214813e-10 -8.24998758e-01  6.40375948e+00
  -1.75214813e-10 -3.74169951e+00 -1.75214813e-10 -4.83516704e+00
  -4.83516704e+00  8.80025174e-01]
 [-1.83669770e-15 -1.83669770e-15 -9.73349155e+00  1.62362147e+00
  -1.83669770e-15 -1.83669770e-15 -1.83669770e-15 -1.83669770e-15
   5.07658897e+00 -1.70460727e+00]
 [ 8.52944060e-16  8.52944060e-16  1.52397049e+00  3.35763918e+00
   8.52944060e-16  8.52944060e-16 -5.45574643e+00  8.52944060e-16
   7.60089808e+00  9.78559575e+00]
 [ 2.29423303e-05  2.29423303e-05  8.57662900e+00 -2.59112673e+00
   8.57662900e+00  2.29423303e-05  8.86186686e+00 -8.46995746e+00
  -8.80079971e+00  9.09074564e+00]
 [-2.04721003e-06 -2.04721003e-06  8.64921315e+00 -6.46666729e+00
   7.47619946e+00 -2.43344533e-02  7.47619946e+00  7.47619946e+00
  -2.04721003e-06 -2.04721003e-06]
 [-1.59792834e-08 -1.59792834e-08 -1.69889411e+00 -8.00999746e+00
  -1.59792834e-08 -1.59792834e-08  8.14389580e+00 -5.73174715e+00
   1.29087617e+00 -1.59792834e-08]
 [ 9.98214034e-10  9.98214034e-10  2.64485168e+00  2.64485168e+00
   2.64485168e+00 -8.45112631e+00 -8.59560775e+00  9.98214034e-10
  -2.43870445e+00  9.98214034e-10]]
Train validation errors
[[15450295594.449286, 400741755000.0832], [15450295594.449286, 400741755000.0832], [3.473325851828235e+43, 3.534458197774165e+43], [9.665577750453574e+41, 9.836082293336926e+41], [3.18252601284935e+33, 6.021151793505587e+33], [3.2414013779583673e+34, 6.132327621117969e+34], [3.223365326858252e+34, 6.092159712776882e+34], [6.01709531259988e+30, 1.1512286607012256e+31], [9.448143099019895e+42, 9.614391925454e+42], [1.0652814670031721e+42, 1.08403733634805e+42]]
Selected parents:
[[ 0.00000000e+00 -9.75835723e+00 -2.28980078e-13  1.07109860e+00
  -1.75214813e-10 -1.83669770e-15  8.52944060e-16  2.29423303e-05
  -2.04721003e-06 -1.59792834e-08  9.98214034e-10]
 [ 0.00000000e+00 -9.75835723e+00 -2.28980078e-13  1.07109860e+00
  -1.75214813e-10 -1.83669770e-15  8.52944060e-16  2.29423303e-05
  -2.04721003e-06 -1.59792834e-08  9.98214034e-10]
 [ 4.43969932e+00 -4.03739745e+00 -2.28980078e-13  1.07109860e+00
  -1.75214813e-10 -1.83669770e-15  8.52944060e-16  8.57662900e+00
   7.47619946e+00 -1.59792834e-08  2.64485168e+00]
 [ 0.00000000e+00 -3.36473412e+00 -2.28980078e-13  1.07109860e+00
  -3.74169951e+00 -1.83669770e-15  8.52944060e-16  2.29423303e-05
  -2.43344533e-02 -1.59792834e-08 -8.45112631e+00]
 [ 6.53297081e+00 -6.11345757e+00 -2.50793024e+00 -4.17168268e+00
  -1.75214813e-10 -1.83669770e-15 -5.45574643e+00  8.86186686e+00
   7.47619946e+00  8.14389580e+00 -8.59560775e+00]
 [-4.85506829e+00 -9.75835723e+00  6.71180675e-02  9.93681667e+00
  -4.83516704e+00 -1.83669770e-15  8.52944060e-16 -8.46995746e+00
   7.47619946e+00 -5.73174715e+00  9.98214034e-10]]Population:
[[ 0.00000000e+00  0.00000000e+00 -8.94504829e+00 -9.77652336e+00
   6.53297081e+00  8.72483081e+00  0.00000000e+00  6.78401685e+00
   4.43969932e+00  2.78312452e+00]
 [-9.75835723e+00 -9.75835723e+00 -9.75835723e+00 -4.03739745e+00
  -6.11345757e+00 -9.75835723e+00 -9.75835723e+00 -9.75835723e+00
  -4.03739745e+00 -6.11345757e+00]
 [-2.28980078e-13 -2.28980078e-13 -2.28980078e-13  7.71033657e+00
  -9.98446683e+00 -2.28980078e-13 -2.28980078e-13 -2.28980078e-13
  -2.28980078e-13  1.04391298e+00]
 [ 1.07109860e+00  1.07109860e+00  9.93681667e+00  9.93681667e+00
   1.77725338e+00  1.07109860e+00  1.07109860e+00  2.79918780e+00
  -2.16022324e+00  1.07109860e+00]
 [-1.75214813e-10 -1.75214813e-10 -4.83516704e+00 -1.79669799e+00
  -1.75214813e-10 -1.75214813e-10 -1.75214813e-10 -1.75214813e-10
  -1.20742293e-01 -1.75214813e-10]
 [-1.83669770e-15 -1.83669770e-15 -1.83669770e-15 -1.83669770e-15
  -1.83669770e-15 -3.74182773e+00 -1.83669770e-15 -1.83669770e-15
  -1.83669770e-15 -1.83669770e-15]
 [ 8.52944060e-16  8.52944060e-16  8.52944060e-16  8.52944060e-16
   5.99667446e+00  3.98006951e+00  8.52944060e-16 -9.18612999e+00
   6.98128487e-01  8.46615286e+00]
 [ 2.29423303e-05  2.29423303e-05 -6.87655673e+00 -1.68760106e-01
   8.86186686e+00 -1.91091453e-02  2.29423303e-05  2.29423303e-05
   8.57662900e+00  8.57662900e+00]
 [-2.04721003e-06 -2.04721003e-06  7.47619946e+00  6.65842886e+00
   7.47619946e+00 -8.98645072e+00 -3.77568208e+00 -7.21542217e+00
   4.22944377e+00  7.47619946e+00]
 [-1.59792834e-08 -1.59792834e-08 -5.73174715e+00  9.86478344e+00
   1.17718349e+00 -1.59792834e-08 -1.18948933e+00 -4.97561849e+00
  -1.59792834e-08  8.14389580e+00]
 [ 9.98214034e-10  9.98214034e-10  9.98214034e-10  2.64485168e+00
  -8.59560775e+00  9.98214034e-10  9.98214034e-10  9.98214034e-10
   8.01929007e+00  2.64485168e+00]]
Train validation errors
[[15450295594.449286, 400741755000.0832], [15450295594.449286, 400741755000.0832], [6.015624885586849e+30, 1.1509440072585867e+31], [3.6800888815133064e+33, 6.985379030996164e+33], [3.3320794312144573e+34, 6.302942877117121e+34], [5.1331423189212624e+42, 5.223519072432488e+42], [3.088120330237698e+29, 5.94477589534453e+29], [5.056846992518523e+30, 9.7139408079878e+30], [2.9199605373685303e+34, 5.524239468529184e+34], [3.591488033039802e+33, 6.813731192553922e+33]]
Selected parents:
[[ 0.00000000e+00 -9.75835723e+00 -2.28980078e-13  1.07109860e+00
  -1.75214813e-10 -1.83669770e-15  8.52944060e-16  2.29423303e-05
  -2.04721003e-06 -1.59792834e-08  9.98214034e-10]
 [ 0.00000000e+00 -9.75835723e+00 -2.28980078e-13  1.07109860e+00
  -1.75214813e-10 -1.83669770e-15  8.52944060e-16  2.29423303e-05
  -2.04721003e-06 -1.59792834e-08  9.98214034e-10]
 [-8.94504829e+00 -9.75835723e+00 -2.28980078e-13  9.93681667e+00
  -4.83516704e+00 -1.83669770e-15  8.52944060e-16 -6.87655673e+00
   7.47619946e+00 -5.73174715e+00  9.98214034e-10]
 [ 0.00000000e+00 -9.75835723e+00 -2.28980078e-13  1.07109860e+00
  -1.75214813e-10 -1.83669770e-15  8.52944060e-16  2.29423303e-05
  -3.77568208e+00 -1.18948933e+00  9.98214034e-10]
 [ 6.78401685e+00 -9.75835723e+00 -2.28980078e-13  2.79918780e+00
  -1.75214813e-10 -1.83669770e-15 -9.18612999e+00  2.29423303e-05
  -7.21542217e+00 -4.97561849e+00  9.98214034e-10]
 [ 2.78312452e+00 -6.11345757e+00  1.04391298e+00  1.07109860e+00
  -1.75214813e-10 -1.83669770e-15  8.46615286e+00  8.57662900e+00
   7.47619946e+00  8.14389580e+00  2.64485168e+00]]Best offspring gen errors:
[[1.54502956e+10 4.00741755e+11]
 [1.54502956e+10 4.00741755e+11]
 [1.54502956e+10 4.00741755e+11]
 [1.54502956e+10 4.00741755e+11]
 [1.54502956e+10 4.00741755e+11]
 [1.54502956e+10 4.00741755e+11]
 [1.54502956e+10 4.00741755e+11]
 [1.54502956e+10 4.00741755e+11]
 [1.54502956e+10 4.00741755e+11]
 [1.54502956e+10 4.00741755e+11]]