Fitness funtion: -1 * (train_validation_error[:, 1] + train_validation_error[:, 0])
Initialed with the best that we have until now
Starting all over again with new root population
No of generations: 5
Population size: 10
Mutation coefficient: 0.2
Split point: 7
Two offspring per pair
Population:
[[-8.99469270e+00  8.47566786e+00 -8.99469270e+00  7.99033665e+00
  -8.99469270e+00  1.78109107e+00 -8.67613057e+00 -8.99469270e+00
  -7.30869316e+00  8.47566786e+00]
 [-9.75835723e+00 -9.75835723e+00 -9.75835723e+00 -9.12597250e+00
   7.28301569e+00 -9.75835723e+00 -9.75835723e+00 -9.75835723e+00
  -9.75835723e+00 -9.75835723e+00]
 [-2.28980078e-13 -1.93937592e+00 -1.11560294e+00 -2.28980078e-13
  -2.28980078e-13 -1.93937592e+00 -2.28980078e-13 -2.28980078e-13
  -1.93937592e+00 -4.80184302e-01]
 [ 1.07109860e+00 -3.22406354e+00  1.07109860e+00  1.07109860e+00
  -3.22406354e+00 -3.22406354e+00  3.40571800e+00  1.07109860e+00
   1.07109860e+00 -3.22406354e+00]
 [-1.75214813e-10 -1.75214813e-10 -1.75214813e-10  1.44068062e+00
  -1.75214813e-10 -1.75214813e-10 -1.75214813e-10 -1.75214813e-10
  -1.75214813e-10  9.06824983e+00]
 [-1.83669770e-15 -1.83669770e-15 -1.83669770e-15 -1.83669770e-15
  -1.83669770e-15 -1.83669770e-15 -1.83669770e-15 -8.14582714e+00
  -1.83669770e-15 -1.83669770e-15]
 [ 8.52944060e-16  8.52944060e-16  8.52944060e-16  8.52944060e-16
   8.52944060e-16  8.52944060e-16 -8.25906900e+00  8.52944060e-16
   8.52944060e-16  8.52944060e-16]
 [ 2.29423303e-05  2.29423303e-05  2.29423303e-05  2.29423303e-05
  -6.49856334e-01  2.29423303e-05  2.29423303e-05  2.29423303e-05
   2.29423303e-05  2.29423303e-05]
 [-2.04721003e-06 -2.04721003e-06 -2.04721003e-06 -2.04721003e-06
  -2.04721003e-06 -2.04721003e-06 -2.04721003e-06 -2.04721003e-06
  -2.04721003e-06 -2.04721003e-06]
 [-1.59792834e-08 -1.59792834e-08 -1.59792834e-08 -1.59792834e-08
  -2.24867308e+00 -1.59792834e-08 -1.59792834e-08 -1.59792834e-08
  -1.59792834e-08 -1.59792834e-08]
 [ 9.98214034e-10  9.98214034e-10  9.98214034e-10  9.98214034e-10
   9.98214034e-10  9.98214034e-10  9.98214034e-10 -4.64827602e+00
   9.98214034e-10  9.98214034e-10]]
Train validation errors
[[15449790285.392181, 400739531550.8066], [31391012177.27822, 311794985006.7211], [15345394698.473536, 400028801067.3331], [7189576489472.354, 16066641343187.7], [9.754777330955127e+29, 1.8700759487369358e+30], [31391072520.836517, 311795334498.2819], [33172987521.516796, 495497579199.6077], [2.43277517548346e+43, 2.475638691168775e+43], [15269965390.782068, 399506839648.8708], [273038307835842.44, 525194877502184.7]]
Selected parents:
[[-8.99469270e+00 -9.75835723e+00 -2.28980078e-13  1.07109860e+00
  -1.75214813e-10 -1.83669770e-15  8.52944060e-16  2.29423303e-05
  -2.04721003e-06 -1.59792834e-08  9.98214034e-10]
 [ 8.47566786e+00 -9.75835723e+00 -1.93937592e+00 -3.22406354e+00
  -1.75214813e-10 -1.83669770e-15  8.52944060e-16  2.29423303e-05
  -2.04721003e-06 -1.59792834e-08  9.98214034e-10]
 [-8.99469270e+00 -9.75835723e+00 -1.11560294e+00  1.07109860e+00
  -1.75214813e-10 -1.83669770e-15  8.52944060e-16  2.29423303e-05
  -2.04721003e-06 -1.59792834e-08  9.98214034e-10]
 [ 1.78109107e+00 -9.75835723e+00 -1.93937592e+00 -3.22406354e+00
  -1.75214813e-10 -1.83669770e-15  8.52944060e-16  2.29423303e-05
  -2.04721003e-06 -1.59792834e-08  9.98214034e-10]
 [-8.67613057e+00 -9.75835723e+00 -2.28980078e-13  3.40571800e+00
  -1.75214813e-10 -1.83669770e-15 -8.25906900e+00  2.29423303e-05
  -2.04721003e-06 -1.59792834e-08  9.98214034e-10]
 [-7.30869316e+00 -9.75835723e+00 -1.93937592e+00  1.07109860e+00
  -1.75214813e-10 -1.83669770e-15  8.52944060e-16  2.29423303e-05
  -2.04721003e-06 -1.59792834e-08  9.98214034e-10]]Population:
[[ 8.47566786e+00  1.78109107e+00 -8.99469270e+00 -8.99469270e+00
   6.01052946e+00  4.28738694e+00 -8.99469270e+00 -8.99469270e+00
   1.78109107e+00 -2.73441676e+00]
 [-9.75835723e+00 -9.75835723e+00 -9.75835723e+00 -9.75835723e+00
  -9.75835723e+00 -9.75835723e+00 -1.89557332e+00 -9.75835723e+00
  -9.75835723e+00 -9.75835723e+00]
 [-1.93937592e+00 -1.93937592e+00 -1.11560294e+00 -1.93937592e+00
  -1.93937592e+00 -1.93937592e+00 -1.93937592e+00 -1.93937592e+00
  -1.93937592e+00 -2.28980078e-13]
 [-3.22406354e+00 -3.22406354e+00 -3.22406354e+00  1.07109860e+00
   8.76152748e+00 -3.22406354e+00  1.07109860e+00 -3.22406354e+00
   1.07109860e+00  1.07109860e+00]
 [-1.75214813e-10 -1.75214813e-10 -1.40302373e+00 -1.75214813e-10
  -1.75214813e-10 -1.75214813e-10 -1.75214813e-10 -4.26073905e+00
  -1.75214813e-10 -1.75214813e-10]
 [-1.83669770e-15 -1.83669770e-15 -1.83669770e-15 -1.83669770e-15
  -1.83669770e-15 -1.83669770e-15 -1.83669770e-15  8.68421300e+00
  -9.79380533e+00 -1.83669770e-15]
 [ 8.52944060e-16  8.52944060e-16  8.52944060e-16  8.52944060e-16
   8.52944060e-16  8.52944060e-16  8.52944060e-16  8.52944060e-16
   4.23677863e+00  8.52944060e-16]
 [ 2.29423303e-05  2.29423303e-05  2.29423303e-05  2.29423303e-05
   2.29423303e-05  2.29423303e-05 -4.25786538e+00  1.25347424e+00
   2.29423303e-05  2.29423303e-05]
 [-2.04721003e-06 -2.04721003e-06 -2.04721003e-06 -2.04721003e-06
  -4.05377919e+00 -2.04721003e-06 -2.04721003e-06 -2.04721003e-06
  -2.04721003e-06 -2.04721003e-06]
 [-1.59792834e-08 -1.59792834e-08 -9.29723688e+00 -1.59792834e-08
  -1.59792834e-08 -1.59792834e-08 -1.59792834e-08 -1.59792834e-08
  -1.59792834e-08 -1.59792834e-08]
 [ 9.98214034e-10  9.98214034e-10  9.98214034e-10  9.98214034e-10
   9.98214034e-10 -1.37601814e+00  9.98214034e-10  9.98214034e-10
   9.98214034e-10  9.98214034e-10]]
Train validation errors
[[31391012177.27822, 311794985006.7211], [31391072520.836517, 311795334498.2819], [1.6671130117770595e+31, 3.1959921960857863e+31], [15269875414.069386, 399506428848.0217], [1.3570333421826122e+27, 2.6309718835748957e+27], [8.593120132525196e+32, 1.6257112303190047e+33], [6.479711505589206e+23, 1.2663051777656327e+24], [2.764882200909049e+43, 2.8135620796153404e+43], [3.5165648710164325e+43, 3.5784792451773407e+43], [15450141961.682575, 400741079046.9262]]
Selected parents:
[[ 8.47566786e+00 -9.75835723e+00 -1.93937592e+00 -3.22406354e+00
  -1.75214813e-10 -1.83669770e-15  8.52944060e-16  2.29423303e-05
  -2.04721003e-06 -1.59792834e-08  9.98214034e-10]
 [ 1.78109107e+00 -9.75835723e+00 -1.93937592e+00 -3.22406354e+00
  -1.75214813e-10 -1.83669770e-15  8.52944060e-16  2.29423303e-05
  -2.04721003e-06 -1.59792834e-08  9.98214034e-10]
 [-8.99469270e+00 -9.75835723e+00 -1.93937592e+00  1.07109860e+00
  -1.75214813e-10 -1.83669770e-15  8.52944060e-16  2.29423303e-05
  -2.04721003e-06 -1.59792834e-08  9.98214034e-10]
 [ 6.01052946e+00 -9.75835723e+00 -1.93937592e+00  8.76152748e+00
  -1.75214813e-10 -1.83669770e-15  8.52944060e-16  2.29423303e-05
  -4.05377919e+00 -1.59792834e-08  9.98214034e-10]
 [-8.99469270e+00 -1.89557332e+00 -1.93937592e+00  1.07109860e+00
  -1.75214813e-10 -1.83669770e-15  8.52944060e-16 -4.25786538e+00
  -2.04721003e-06 -1.59792834e-08  9.98214034e-10]
 [-2.73441676e+00 -9.75835723e+00 -2.28980078e-13  1.07109860e+00
  -1.75214813e-10 -1.83669770e-15  8.52944060e-16  2.29423303e-05
  -2.04721003e-06 -1.59792834e-08  9.98214034e-10]]Population:
[[ 8.47566786e+00  1.78109107e+00 -2.73441676e+00 -2.73441676e+00
   8.47566786e+00 -8.99469270e+00  9.78621433e+00 -8.99469270e+00
  -1.28258072e+00 -8.99469270e+00]
 [-9.75835723e+00 -9.75835723e+00 -1.89557332e+00 -9.75835723e+00
  -9.75835723e+00 -9.75835723e+00 -5.18487614e+00 -1.89557332e+00
  -9.75835723e+00 -9.75835723e+00]
 [-1.93937592e+00 -1.93937592e+00 -1.93937592e+00 -1.93937592e+00
  -1.93937592e+00 -1.93937592e+00  2.40836435e+00 -1.93937592e+00
  -1.93937592e+00 -1.93937592e+00]
 [-3.22406354e+00 -3.22406354e+00  1.07109860e+00  1.07109860e+00
  -3.22406354e+00  1.07109860e+00 -7.42213989e+00  1.07109860e+00
   1.07109860e+00 -3.22406354e+00]
 [-1.75214813e-10 -1.75214813e-10 -1.75214813e-10 -1.75214813e-10
   4.09754700e+00 -1.75214813e-10 -1.75214813e-10 -1.75214813e-10
  -1.75214813e-10 -1.75214813e-10]
 [-1.83669770e-15 -1.83669770e-15 -1.83669770e-15 -1.83669770e-15
  -4.94159397e+00 -1.83669770e-15 -1.83669770e-15 -1.83669770e-15
  -1.83669770e-15 -1.83669770e-15]
 [ 8.52944060e-16  8.52944060e-16  8.52944060e-16  8.52944060e-16
   8.52944060e-16  8.52944060e-16  8.52944060e-16  8.52944060e-16
   8.52944060e-16  8.52944060e-16]
 [ 2.29423303e-05  2.29423303e-05 -4.25786538e+00 -4.25786538e+00
   2.29423303e-05  5.79056033e+00 -4.25786538e+00  2.29423303e-05
   2.29423303e-05  2.29423303e-05]
 [-2.04721003e-06 -2.04721003e-06 -2.04721003e-06 -2.04721003e-06
  -2.04721003e-06 -2.04721003e-06 -4.05377919e+00 -2.04721003e-06
  -2.04721003e-06 -2.04721003e-06]
 [-1.59792834e-08 -1.59792834e-08 -1.59792834e-08 -1.33536447e+00
  -1.59792834e-08 -1.59792834e-08 -1.59792834e-08 -1.59792834e-08
  -1.59792834e-08 -1.59792834e-08]
 [ 9.98214034e-10  9.98214034e-10  1.16947215e+00  9.98214034e-10
   9.98214034e-10 -7.33368417e+00  9.98214034e-10  9.98214034e-10
   5.01237735e+00  9.98214034e-10]]
Train validation errors
[[31391012177.27822, 311794985006.7211], [31391072520.836517, 311795334498.2819], [6.206623104714129e+32, 1.1742120664451722e+33], [3.448592684449803e+29, 6.611438523258751e+29], [8.952613097045533e+42, 9.110237215280001e+42], [2.440850176638172e+34, 4.617781193639414e+34], [1.413949328366681e+27, 2.7475519468438904e+27], [15278713762.87704, 399590963646.7583], [1.1402237473866422e+34, 2.157161220443614e+34], [31391169839.82432, 311795897238.22894]]
Selected parents:
[[ 8.47566786e+00 -9.75835723e+00 -1.93937592e+00 -3.22406354e+00
  -1.75214813e-10 -1.83669770e-15  8.52944060e-16  2.29423303e-05
  -2.04721003e-06 -1.59792834e-08  9.98214034e-10]
 [ 1.78109107e+00 -9.75835723e+00 -1.93937592e+00 -3.22406354e+00
  -1.75214813e-10 -1.83669770e-15  8.52944060e-16  2.29423303e-05
  -2.04721003e-06 -1.59792834e-08  9.98214034e-10]
 [-2.73441676e+00 -9.75835723e+00 -1.93937592e+00  1.07109860e+00
  -1.75214813e-10 -1.83669770e-15  8.52944060e-16 -4.25786538e+00
  -2.04721003e-06 -1.33536447e+00  9.98214034e-10]
 [ 9.78621433e+00 -5.18487614e+00  2.40836435e+00 -7.42213989e+00
  -1.75214813e-10 -1.83669770e-15  8.52944060e-16 -4.25786538e+00
  -4.05377919e+00 -1.59792834e-08  9.98214034e-10]
 [-8.99469270e+00 -1.89557332e+00 -1.93937592e+00  1.07109860e+00
  -1.75214813e-10 -1.83669770e-15  8.52944060e-16  2.29423303e-05
  -2.04721003e-06 -1.59792834e-08  9.98214034e-10]
 [-8.99469270e+00 -9.75835723e+00 -1.93937592e+00 -3.22406354e+00
  -1.75214813e-10 -1.83669770e-15  8.52944060e-16  2.29423303e-05
  -2.04721003e-06 -1.59792834e-08  9.98214034e-10]]Population:
[[ 8.47566786e+00  1.78109107e+00  1.78109107e+00  8.47566786e+00
  -8.99469270e+00 -5.21702802e+00 -8.99469270e+00  1.78109107e+00
   9.78621433e+00  9.78621433e+00]
 [-9.75835723e+00 -9.75835723e+00 -9.75835723e+00 -9.75835723e+00
  -1.89557332e+00 -9.75835723e+00 -9.75835723e+00 -9.75835723e+00
  -5.18487614e+00  6.23381074e+00]
 [-1.93937592e+00 -1.93937592e+00 -1.93937592e+00 -1.93937592e+00
  -1.93937592e+00 -1.93937592e+00 -1.93937592e+00 -3.53725175e+00
   2.40836435e+00  2.40836435e+00]
 [-3.22406354e+00 -3.22406354e+00 -3.22406354e+00 -5.97712161e+00
   1.07109860e+00 -2.88438713e+00 -3.22406354e+00  1.07109860e+00
  -7.42213989e+00  1.07109860e+00]
 [-1.75214813e-10 -1.75214813e-10 -1.75214813e-10 -1.75214813e-10
  -3.04396113e+00 -1.75214813e-10 -1.75214813e-10 -1.75214813e-10
  -1.75214813e-10 -1.75214813e-10]
 [-1.83669770e-15 -1.83669770e-15 -1.83669770e-15 -1.83669770e-15
  -1.83669770e-15 -1.83669770e-15 -1.83669770e-15 -1.83669770e-15
   4.60424020e+00 -1.83669770e-15]
 [ 8.52944060e-16  8.52944060e-16  8.52944060e-16  8.52944060e-16
   8.52944060e-16  8.52944060e-16  8.52944060e-16  8.52944060e-16
   8.52944060e-16  8.52944060e-16]
 [ 2.29423303e-05  2.29423303e-05  2.29423303e-05  2.29423303e-05
   2.29423303e-05  2.29423303e-05  2.29423303e-05  2.29423303e-05
  -4.25786538e+00  2.29423303e-05]
 [-2.04721003e-06 -2.04721003e-06 -2.04721003e-06 -2.04721003e-06
  -5.09578854e-01  8.68637993e-01 -2.04721003e-06 -2.04721003e-06
  -4.05377919e+00 -8.02286434e-01]
 [-1.59792834e-08 -1.59792834e-08 -1.59792834e-08 -9.24514617e+00
  -1.59792834e-08 -1.59792834e-08 -1.59792834e-08 -1.59792834e-08
  -1.59792834e-08 -1.59792834e-08]
 [ 9.98214034e-10  9.98214034e-10  9.98214034e-10  9.98214034e-10
   9.98214034e-10  9.98214034e-10  9.98214034e-10  9.98214034e-10
   9.98214034e-10  9.98214034e-10]]
Train validation errors
[[31391012177.27822, 311794985006.7211], [31391072520.836517, 311795334498.2819], [31391072520.836517, 311795334498.2819], [1.6484842866826513e+31, 3.1602794038231463e+31], [2.1443272823332233e+25, 4.157351297238046e+25], [6.230895450824819e+25, 1.2080257437362864e+26], [31391169839.82432, 311795897238.22894], [15127737239.028788, 398501682176.9691], [7.771979251758187e+42, 7.908816480535071e+42], [5.31529607629069e+25, 1.030512165783338e+26]]
Selected parents:
[[ 8.47566786e+00 -9.75835723e+00 -1.93937592e+00 -3.22406354e+00
  -1.75214813e-10 -1.83669770e-15  8.52944060e-16  2.29423303e-05
  -2.04721003e-06 -1.59792834e-08  9.98214034e-10]
 [ 1.78109107e+00 -9.75835723e+00 -1.93937592e+00 -3.22406354e+00
  -1.75214813e-10 -1.83669770e-15  8.52944060e-16  2.29423303e-05
  -2.04721003e-06 -1.59792834e-08  9.98214034e-10]
 [ 1.78109107e+00 -9.75835723e+00 -1.93937592e+00 -3.22406354e+00
  -1.75214813e-10 -1.83669770e-15  8.52944060e-16  2.29423303e-05
  -2.04721003e-06 -1.59792834e-08  9.98214034e-10]
 [-8.99469270e+00 -1.89557332e+00 -1.93937592e+00  1.07109860e+00
  -3.04396113e+00 -1.83669770e-15  8.52944060e-16  2.29423303e-05
  -5.09578854e-01 -1.59792834e-08  9.98214034e-10]
 [-8.99469270e+00 -9.75835723e+00 -1.93937592e+00 -3.22406354e+00
  -1.75214813e-10 -1.83669770e-15  8.52944060e-16  2.29423303e-05
  -2.04721003e-06 -1.59792834e-08  9.98214034e-10]
 [ 1.78109107e+00 -9.75835723e+00 -3.53725175e+00  1.07109860e+00
  -1.75214813e-10 -1.83669770e-15  8.52944060e-16  2.29423303e-05
  -2.04721003e-06 -1.59792834e-08  9.98214034e-10]]Population:
[[ 8.47566786e+00  1.78109107e+00  9.21911313e+00 -8.99469270e+00
   1.78109107e+00  1.78109107e+00  1.78109107e+00  8.04467491e+00
   1.78109107e+00  1.78109107e+00]
 [-9.75835723e+00 -9.75835723e+00 -1.89557332e+00  4.23694431e+00
  -9.75835723e+00 -9.75835723e+00 -9.75835723e+00 -9.75835723e+00
  -9.75835723e+00  9.43400253e+00]
 [-1.93937592e+00 -1.93937592e+00 -1.93937592e+00 -1.93937592e+00
  -5.23082229e+00 -1.93937592e+00 -1.93937592e+00 -1.93937592e+00
  -3.53725175e+00 -1.93937592e+00]
 [-3.22406354e+00 -3.22406354e+00 -9.09828244e+00 -8.54866772e+00
   8.83512658e+00  1.07109860e+00 -5.19868529e+00 -3.22406354e+00
  -3.22406354e+00 -3.22406354e+00]
 [-1.75214813e-10 -1.75214813e-10 -3.04396113e+00 -1.75214813e-10
  -1.75214813e-10 -1.75214813e-10 -1.75214813e-10 -1.75214813e-10
  -1.75214813e-10 -1.75214813e-10]
 [-1.83669770e-15 -1.83669770e-15 -1.83669770e-15 -1.83669770e-15
  -1.83669770e-15 -1.83669770e-15 -1.83669770e-15 -1.83669770e-15
  -1.83669770e-15 -1.83669770e-15]
 [ 8.52944060e-16  8.52944060e-16  8.52944060e-16  8.52944060e-16
   8.52944060e-16  8.52944060e-16  8.52944060e-16  8.52944060e-16
   8.52944060e-16  8.52944060e-16]
 [ 2.29423303e-05  2.29423303e-05 -9.86449695e+00  2.29423303e-05
   2.29423303e-05  2.29423303e-05  2.29423303e-05  2.29423303e-05
  -7.47526556e+00  2.29423303e-05]
 [-2.04721003e-06 -2.04721003e-06 -2.04721003e-06 -2.04721003e-06
  -2.04721003e-06 -2.04721003e-06  1.39530236e+00 -2.04721003e-06
  -2.04721003e-06 -2.04721003e-06]
 [-1.59792834e-08 -1.59792834e-08 -1.59792834e-08 -1.59792834e-08
  -1.59792834e-08 -1.59792834e-08  5.99805131e+00 -1.59792834e-08
  -1.59792834e-08 -1.59792834e-08]
 [ 9.98214034e-10  9.98214034e-10  9.98214034e-10  9.98214034e-10
   9.98214034e-10  9.98214034e-10  9.98214034e-10  9.98214034e-10
   9.98214034e-10  9.98214034e-10]]
Train validation errors
[[31391012177.27822, 311794985006.7211], [31391072520.836517, 311795334498.2819], [3.477934519685354e+24, 6.796801990485084e+24], [138201711967.56195, 356621629739.6668], [144020448954.95065, 833767572730.0089], [15270450583.113607, 399509054510.8202], [7.003609598010493e+30, 1.34310326334537e+31], [31391016059.46173, 311795007504.0846], [1.9972074393682918e+24, 3.9030670403420406e+24], [31251040762.808624, 311750219260.24744]]
Selected parents:
[[ 8.47566786e+00 -9.75835723e+00 -1.93937592e+00 -3.22406354e+00
  -1.75214813e-10 -1.83669770e-15  8.52944060e-16  2.29423303e-05
  -2.04721003e-06 -1.59792834e-08  9.98214034e-10]
 [ 1.78109107e+00 -9.75835723e+00 -1.93937592e+00 -3.22406354e+00
  -1.75214813e-10 -1.83669770e-15  8.52944060e-16  2.29423303e-05
  -2.04721003e-06 -1.59792834e-08  9.98214034e-10]
 [-8.99469270e+00  4.23694431e+00 -1.93937592e+00 -8.54866772e+00
  -1.75214813e-10 -1.83669770e-15  8.52944060e-16  2.29423303e-05
  -2.04721003e-06 -1.59792834e-08  9.98214034e-10]
 [ 1.78109107e+00 -9.75835723e+00 -1.93937592e+00  1.07109860e+00
  -1.75214813e-10 -1.83669770e-15  8.52944060e-16  2.29423303e-05
  -2.04721003e-06 -1.59792834e-08  9.98214034e-10]
 [ 8.04467491e+00 -9.75835723e+00 -1.93937592e+00 -3.22406354e+00
  -1.75214813e-10 -1.83669770e-15  8.52944060e-16  2.29423303e-05
  -2.04721003e-06 -1.59792834e-08  9.98214034e-10]
 [ 1.78109107e+00  9.43400253e+00 -1.93937592e+00 -3.22406354e+00
  -1.75214813e-10 -1.83669770e-15  8.52944060e-16  2.29423303e-05
  -2.04721003e-06 -1.59792834e-08  9.98214034e-10]]Best offspring gen errors:
[[3.13910122e+10 3.11794985e+11]
 [3.13910122e+10 3.11794985e+11]
 [3.13910122e+10 3.11794985e+11]
 [3.13910122e+10 3.11794985e+11]
 [3.12510408e+10 3.11750219e+11]]