Fitness funtion: -1 * (train_validation_error[:, 1] + train_validation_error[:, 0])
Initialed with the best that we have until now
Starting all over again with new root population
No of generations: 5
Population size: 10
Mutation coefficient: 0.2
Split point: 7
Two offspring per pair
Population:
[[ 0.00000000e+00 -1.76734494e-12 -2.28980078e-13  4.62010753e-11
  -1.30750534e-10 -1.83669770e-15  8.19617556e-16  2.29423303e-05
  -2.04721003e-06 -1.59792834e-08  9.98214034e-10]
 [-5.68633399e-01 -1.45799022e-12 -2.28980078e-13  4.62010753e-11
  -1.80991365e-10 -1.83669770e-15  9.13757823e-16  2.29423303e-05
  -2.01955966e-06 -1.44001662e-08  9.52001877e-10]
 [-5.17282889e-01 -2.08678731e-12 -2.96524551e-13  5.47452804e-11
  -1.34763174e-10 -2.71716631e-15  8.42629940e-16  1.80386099e-05
  -2.01955966e-06 -1.31450989e-08  9.27270839e-10]
 [-6.41463106e-01 -2.08678731e-12 -2.99562728e-13  4.62010753e-11
  -2.69663554e-10 -2.71716631e-15  8.19617556e-16  2.73916806e-05
  -1.77209003e-06 -1.31450989e-08  9.52001877e-10]
 [-5.98672565e-01 -1.77878712e-12 -2.31322864e-13  3.94290600e-11
  -1.80991365e-10 -2.59835189e-15  9.39349682e-16  3.43406874e-05
  -1.77265950e-06 -1.82532952e-08  9.61020826e-10]
 [-5.97929196e-01 -1.91960804e-12 -2.26710394e-13  4.62010753e-11
  -2.59374976e-10 -1.47106155e-15  9.13757823e-16  1.83839004e-05
  -2.01955966e-06 -2.12693460e-08  9.52001877e-10]
 [-6.26492274e-01 -1.70299886e-12 -2.28980078e-13  5.05459385e-11
  -1.30750534e-10 -1.83669770e-15  8.73371704e-16  2.29423303e-05
  -2.04721003e-06 -1.75772562e-08  9.98214034e-10]
 [-5.68633399e-01 -1.70695779e-12 -2.28980078e-13  5.22893435e-11
  -2.10388150e-10 -1.16398653e-15  8.34754390e-16  2.29423303e-05
  -1.84126283e-06 -8.70138742e-09  9.52001877e-10]
 [-6.53569495e-01 -1.76734494e-12 -2.72002907e-13  4.62010753e-11
  -1.30750534e-10 -2.51641806e-15  9.13757823e-16  2.29423303e-05
  -1.30150493e-06 -2.45251138e-08  9.11227342e-10]
 [ 0.00000000e+00 -2.53152510e-12 -2.28980078e-13  4.71069867e-11
  -1.80991365e-10 -1.83669770e-15  9.13757823e-16  3.14682824e-05
  -2.01955966e-06 -1.44001662e-08  1.02790280e-09]]
Train validation errors
[[1.35107233e+10 3.68296593e+11]
 [2.92434378e+10 3.01622692e+11]
 [2.03713612e+12 2.08957199e+12]
 [9.67408425e+12 2.48016968e+13]
 [5.94195149e+12 1.62716425e+13]
 [1.37112206e+13 2.34171291e+13]
 [4.98261634e+11 5.12088278e+11]
 [1.96140026e+13 4.17596160e+13]
 [2.23565889e+12 3.26053835e+12]
 [1.00589566e+13 2.34952145e+13]]
Selected parents:
[[ 0.00000000e+00 -5.68633399e-01 -5.17282889e-01 -5.98672565e-01
  -6.26492274e-01 -6.53569495e-01]
 [-1.76734494e-12 -1.45799022e-12 -2.08678731e-12 -1.77878712e-12
  -1.70299886e-12 -1.76734494e-12]
 [-2.28980078e-13 -2.28980078e-13 -2.96524551e-13 -2.31322864e-13
  -2.28980078e-13 -2.72002907e-13]
 [ 4.62010753e-11  4.62010753e-11  5.47452804e-11  3.94290600e-11
   5.05459385e-11  4.62010753e-11]
 [-1.30750534e-10 -1.80991365e-10 -1.34763174e-10 -1.80991365e-10
  -1.30750534e-10 -1.30750534e-10]
 [-1.83669770e-15 -1.83669770e-15 -2.71716631e-15 -2.59835189e-15
  -1.83669770e-15 -2.51641806e-15]
 [ 8.19617556e-16  9.13757823e-16  8.42629940e-16  9.39349682e-16
   8.73371704e-16  9.13757823e-16]
 [ 2.29423303e-05  2.29423303e-05  1.80386099e-05  3.43406874e-05
   2.29423303e-05  2.29423303e-05]
 [-2.04721003e-06 -2.01955966e-06 -2.01955966e-06 -1.77265950e-06
  -2.04721003e-06 -1.30150493e-06]
 [-1.59792834e-08 -1.44001662e-08 -1.31450989e-08 -1.82532952e-08
  -1.75772562e-08 -2.45251138e-08]
 [ 9.98214034e-10  9.52001877e-10  9.27270839e-10  9.61020826e-10
   9.98214034e-10  9.11227342e-10]]Population:
[[ 0.00000000e+00 -1.76734494e-12 -2.28980078e-13  4.62010753e-11
  -1.30750534e-10 -1.83669770e-15  8.19617556e-16  2.29423303e-05
  -2.04721003e-06 -1.59792834e-08  9.98214034e-10]
 [-5.68633399e-01 -1.45799022e-12 -2.28980078e-13  4.62010753e-11
  -1.80991365e-10 -1.83669770e-15  9.13757823e-16  2.29423303e-05
  -2.01955966e-06 -1.44001662e-08  9.52001877e-10]
 [-5.58687278e-01 -1.77878712e-12 -2.95071206e-13  5.87137082e-11
  -1.34763174e-10 -2.59835189e-15  9.39349682e-16  9.67146280e-06
  -2.01955966e-06 -2.05868181e-08  9.27270839e-10]
 [-4.59411449e-01 -1.77878712e-12 -2.96524551e-13  3.10056368e-11
  -7.74365001e-11 -2.59835189e-15  8.42629940e-16  3.43406874e-05
  -2.01955966e-06 -1.82532952e-08  8.77718244e-10]
 [-5.17282889e-01 -1.76734494e-12 -2.96524551e-13  4.62010753e-11
  -1.47810158e-10 -2.71716631e-15  8.42629940e-16  1.80386099e-05
  -2.34736153e-06 -1.31450989e-08  9.27270839e-10]
 [ 0.00000000e+00 -1.76734494e-12 -2.28980078e-13  4.62010753e-11
  -1.34763174e-10 -2.71716631e-15  8.19617556e-16  2.94304377e-05
  -2.14254149e-06 -1.59792834e-08  9.98214034e-10]
 [ 0.00000000e+00 -1.44312825e-12 -2.28980078e-13  4.62010753e-11
  -1.30750534e-10 -1.36785422e-15  8.90616726e-16  2.53774241e-05
  -1.14766942e-06 -1.59792834e-08  9.98214034e-10]
 [-7.00835186e-01 -1.76734494e-12 -2.72159047e-13  4.03664886e-11
  -1.00870539e-10 -2.94057494e-15  8.42629940e-16  2.29423303e-05
  -2.01955966e-06 -1.52290870e-08  9.86443049e-10]
 [-6.53569495e-01 -1.30714024e-12 -3.14487055e-13  4.62010753e-11
  -1.80991365e-10 -1.83669770e-15  9.13757823e-16  2.29423303e-05
  -1.94519569e-06 -6.92271565e-09  9.11227342e-10]
 [-5.68633399e-01 -1.76734494e-12 -3.24317374e-13  4.62010753e-11
  -1.76858452e-10 -2.25781750e-15  9.13757823e-16  2.29423303e-05
  -1.30150493e-06 -2.52798706e-08  9.36011010e-10]]
Train validation errors
[[1.35107233e+10 3.68296593e+11]
 [2.92434378e+10 3.01622692e+11]
 [3.80684427e+13 6.47139024e+13]
 [2.95318625e+12 2.67968223e+12]
 [1.91841059e+13 3.06079458e+13]
 [2.21916741e+11 3.95170246e+11]
 [7.87034677e+13 1.60818025e+14]
 [1.80416320e+11 3.25092709e+11]
 [9.41237936e+12 2.18603340e+13]
 [2.99081251e+12 4.75238431e+12]]
Selected parents:
[[ 0.00000000e+00 -5.68633399e-01 -4.59411449e-01  0.00000000e+00
  -7.00835186e-01 -5.68633399e-01]
 [-1.76734494e-12 -1.45799022e-12 -1.77878712e-12 -1.76734494e-12
  -1.76734494e-12 -1.76734494e-12]
 [-2.28980078e-13 -2.28980078e-13 -2.96524551e-13 -2.28980078e-13
  -2.72159047e-13 -3.24317374e-13]
 [ 4.62010753e-11  4.62010753e-11  3.10056368e-11  4.62010753e-11
   4.03664886e-11  4.62010753e-11]
 [-1.30750534e-10 -1.80991365e-10 -7.74365001e-11 -1.34763174e-10
  -1.00870539e-10 -1.76858452e-10]
 [-1.83669770e-15 -1.83669770e-15 -2.59835189e-15 -2.71716631e-15
  -2.94057494e-15 -2.25781750e-15]
 [ 8.19617556e-16  9.13757823e-16  8.42629940e-16  8.19617556e-16
   8.42629940e-16  9.13757823e-16]
 [ 2.29423303e-05  2.29423303e-05  3.43406874e-05  2.94304377e-05
   2.29423303e-05  2.29423303e-05]
 [-2.04721003e-06 -2.01955966e-06 -2.01955966e-06 -2.14254149e-06
  -2.01955966e-06 -1.30150493e-06]
 [-1.59792834e-08 -1.44001662e-08 -1.82532952e-08 -1.59792834e-08
  -1.52290870e-08 -2.52798706e-08]
 [ 9.98214034e-10  9.52001877e-10  8.77718244e-10  9.98214034e-10
   9.86443049e-10  9.36011010e-10]]Population:
[[ 0.00000000e+00 -1.76734494e-12 -2.28980078e-13  4.62010753e-11
  -1.30750534e-10 -1.83669770e-15  8.19617556e-16  2.29423303e-05
  -2.04721003e-06 -1.59792834e-08  9.98214034e-10]
 [-5.68633399e-01 -1.45799022e-12 -2.28980078e-13  4.62010753e-11
  -1.80991365e-10 -1.83669770e-15  9.13757823e-16  2.29423303e-05
  -2.01955966e-06 -1.44001662e-08  9.52001877e-10]
 [-4.91769424e-01 -1.77878712e-12 -3.78641098e-13  3.87454990e-11
  -6.89648685e-11 -1.83669770e-15  8.19617556e-16  4.11006662e-05
  -2.01955966e-06 -2.39254917e-08  9.96871484e-10]
 [ 0.00000000e+00 -2.47336280e-12 -2.96524551e-13  4.38956039e-11
  -1.30750534e-10 -1.83669770e-15  8.42629940e-16  2.41399190e-05
  -2.04721003e-06 -1.59792834e-08  9.98214034e-10]
 [-6.04109689e-01 -1.76734494e-12 -3.26035242e-13  4.03664886e-11
  -4.35637066e-11 -2.94057494e-15  8.74814264e-16  2.17638747e-05
  -2.01955966e-06 -1.54793478e-08  9.86443049e-10]
 [-5.68633399e-01 -1.76734494e-12 -4.01991742e-13  4.62010753e-11
  -1.00870539e-10 -2.25781750e-15  8.69975919e-16  2.29423303e-05
  -1.30150493e-06 -3.26542850e-08  9.36011010e-10]
 [-5.68633399e-01 -1.28997055e-12 -2.28980078e-13  5.07059130e-11
  -1.80991365e-10 -1.66781385e-15  9.13757823e-16  2.29423303e-05
  -2.19830128e-06 -2.31259425e-08  9.52001877e-10]
 [-8.17219670e-01 -1.31214946e-12 -2.28980078e-13  5.14279151e-11
  -1.23484625e-10 -2.23699815e-15  8.75108805e-16  2.29423303e-05
  -2.38704375e-06 -1.44001662e-08  9.62471988e-10]
 [ 0.00000000e+00 -1.76734494e-12 -2.28980078e-13  5.47542004e-11
  -1.30750534e-10 -1.83669770e-15  8.19617556e-16  2.60770248e-05
  -2.31838414e-06 -1.92668747e-08  1.01200215e-09]
 [-4.89919486e-01 -2.26763590e-12 -2.95432106e-13  4.62010753e-11
  -1.80991365e-10 -1.83669770e-15  9.13757823e-16  2.29423303e-05
  -1.16141071e-06 -6.76624715e-09  1.00936151e-09]]
Train validation errors
[[1.35107233e+10 3.68296593e+11]
 [2.92434378e+10 3.01622692e+11]
 [1.39986325e+11 5.46910289e+11]
 [6.71359250e+10 7.09891501e+11]
 [4.57770732e+11 2.87354375e+11]
 [7.25765766e+12 5.70608604e+12]
 [2.87705012e+13 5.07311204e+13]
 [1.14661473e+13 1.78106588e+13]
 [9.04982439e+12 1.45911807e+13]
 [1.50245398e+14 3.07747055e+14]]
Selected parents:
[[ 0.00000000e+00 -5.68633399e-01 -4.91769424e-01  0.00000000e+00
  -6.04109689e-01 -5.68633399e-01]
 [-1.76734494e-12 -1.45799022e-12 -1.77878712e-12 -2.47336280e-12
  -1.76734494e-12 -1.76734494e-12]
 [-2.28980078e-13 -2.28980078e-13 -3.78641098e-13 -2.96524551e-13
  -3.26035242e-13 -4.01991742e-13]
 [ 4.62010753e-11  4.62010753e-11  3.87454990e-11  4.38956039e-11
   4.03664886e-11  4.62010753e-11]
 [-1.30750534e-10 -1.80991365e-10 -6.89648685e-11 -1.30750534e-10
  -4.35637066e-11 -1.00870539e-10]
 [-1.83669770e-15 -1.83669770e-15 -1.83669770e-15 -1.83669770e-15
  -2.94057494e-15 -2.25781750e-15]
 [ 8.19617556e-16  9.13757823e-16  8.19617556e-16  8.42629940e-16
   8.74814264e-16  8.69975919e-16]
 [ 2.29423303e-05  2.29423303e-05  4.11006662e-05  2.41399190e-05
   2.17638747e-05  2.29423303e-05]
 [-2.04721003e-06 -2.01955966e-06 -2.01955966e-06 -2.04721003e-06
  -2.01955966e-06 -1.30150493e-06]
 [-1.59792834e-08 -1.44001662e-08 -2.39254917e-08 -1.59792834e-08
  -1.54793478e-08 -3.26542850e-08]
 [ 9.98214034e-10  9.52001877e-10  9.96871484e-10  9.98214034e-10
   9.86443049e-10  9.36011010e-10]]Population:
[[ 0.00000000e+00 -1.76734494e-12 -2.28980078e-13  4.62010753e-11
  -1.30750534e-10 -1.83669770e-15  8.19617556e-16  2.29423303e-05
  -2.04721003e-06 -1.59792834e-08  9.98214034e-10]
 [-5.68633399e-01 -1.45799022e-12 -2.28980078e-13  4.62010753e-11
  -1.80991365e-10 -1.83669770e-15  9.13757823e-16  2.29423303e-05
  -2.01955966e-06 -1.44001662e-08  9.52001877e-10]
 [ 0.00000000e+00 -2.47336280e-12 -2.28980078e-13  4.64643523e-11
  -1.30750534e-10 -2.11484452e-15  8.29078518e-16  2.29423303e-05
  -2.04721003e-06 -1.59792834e-08  1.01432640e-09]
 [ 0.00000000e+00 -2.47336280e-12 -2.96524551e-13  4.27876396e-11
  -1.87020299e-10 -1.83669770e-15  8.27812493e-16  2.41399190e-05
  -2.04721003e-06 -1.59792834e-08  9.98214034e-10]
 [-4.96376660e-01 -2.12565408e-12 -3.02030592e-13  4.62010753e-11
  -6.82019612e-11 -2.28944573e-15  9.07282382e-16  2.29423303e-05
  -2.01955966e-06 -1.31279152e-08  9.81827912e-10]
 [-5.68633399e-01 -8.08057095e-13 -3.34037066e-13  4.62010753e-11
  -1.00870539e-10 -2.48654916e-15  8.69975919e-16  2.29423303e-05
  -1.59720528e-06 -1.44001662e-08  8.93353297e-10]
 [ 7.44554467e-01 -7.63383729e-13 -2.14317956e-13  4.36367676e-11
  -1.80991365e-10 -1.06800633e-15  9.13757823e-16  2.29423303e-05
  -2.01955966e-06 -1.27635688e-08  8.77601572e-10]
 [ 0.00000000e+00 -1.76734494e-12 -2.28980078e-13  4.42479371e-11
  -1.30750534e-10 -1.83669770e-15  8.43398442e-16  2.65094930e-05
  -2.34268782e-06 -1.14877120e-08  9.84409221e-10]
 [ 0.00000000e+00 -1.76734494e-12 -2.19563178e-13  4.38956039e-11
  -1.30750534e-10 -2.64028993e-15  8.15502424e-16  2.41399190e-05
  -2.80781577e-06 -1.70902717e-08  1.03338849e-09]
 [-5.36304797e-01 -2.27476701e-12 -3.71183120e-13  4.03664886e-11
  -3.56015922e-11 -1.87166419e-15  8.34231901e-16  2.96788388e-05
  -1.58627016e-06 -1.22163935e-08  9.86443049e-10]]
Train validation errors
[[1.35107233e+10 3.68296593e+11]
 [2.92434378e+10 3.01622692e+11]
 [5.73756261e+10 7.38730515e+11]
 [6.71359250e+10 7.09891501e+11]
 [8.66407136e+11 3.32114537e+12]
 [4.93464924e+12 1.34556659e+13]
 [3.59747992e+11 3.29258572e+11]
 [6.34489999e+11 2.37935142e+11]
 [4.68988948e+13 8.09086936e+13]
 [4.60198140e+13 9.88612796e+13]]
Selected parents:
[[ 0.00000000e+00 -5.68633399e-01  0.00000000e+00  0.00000000e+00
   7.44554467e-01  0.00000000e+00]
 [-1.76734494e-12 -1.45799022e-12 -2.47336280e-12 -2.47336280e-12
  -7.63383729e-13 -1.76734494e-12]
 [-2.28980078e-13 -2.28980078e-13 -2.28980078e-13 -2.96524551e-13
  -2.14317956e-13 -2.28980078e-13]
 [ 4.62010753e-11  4.62010753e-11  4.64643523e-11  4.27876396e-11
   4.36367676e-11  4.42479371e-11]
 [-1.30750534e-10 -1.80991365e-10 -1.30750534e-10 -1.87020299e-10
  -1.80991365e-10 -1.30750534e-10]
 [-1.83669770e-15 -1.83669770e-15 -2.11484452e-15 -1.83669770e-15
  -1.06800633e-15 -1.83669770e-15]
 [ 8.19617556e-16  9.13757823e-16  8.29078518e-16  8.27812493e-16
   9.13757823e-16  8.43398442e-16]
 [ 2.29423303e-05  2.29423303e-05  2.29423303e-05  2.41399190e-05
   2.29423303e-05  2.65094930e-05]
 [-2.04721003e-06 -2.01955966e-06 -2.04721003e-06 -2.04721003e-06
  -2.01955966e-06 -2.34268782e-06]
 [-1.59792834e-08 -1.44001662e-08 -1.59792834e-08 -1.59792834e-08
  -1.27635688e-08 -1.14877120e-08]
 [ 9.98214034e-10  9.52001877e-10  1.01432640e-09  9.98214034e-10
   8.77601572e-10  9.84409221e-10]]Population:
[[ 0.00000000e+00 -1.76734494e-12 -2.28980078e-13  4.62010753e-11
  -1.30750534e-10 -1.83669770e-15  8.19617556e-16  2.29423303e-05
  -2.04721003e-06 -1.59792834e-08  9.98214034e-10]
 [-5.68633399e-01 -1.45799022e-12 -2.28980078e-13  4.62010753e-11
  -1.80991365e-10 -1.83669770e-15  9.13757823e-16  2.29423303e-05
  -2.01955966e-06 -1.44001662e-08  9.52001877e-10]
 [-6.54135567e-01 -2.47336280e-12 -2.96524551e-13  4.62010753e-11
  -1.87020299e-10 -1.83669770e-15  7.88844640e-16  2.13362636e-05
  -2.04721003e-06 -1.44001662e-08  9.47646084e-10]
 [-5.68633399e-01 -2.29868585e-12 -2.28980078e-13  4.27876396e-11
  -1.88526284e-10 -1.32067905e-15  8.72020990e-16  2.29423303e-05
  -2.09689753e-06 -1.12304376e-08  9.98214034e-10]
 [ 0.00000000e+00 -2.47336280e-12 -2.96524551e-13  3.79532453e-11
  -2.64441135e-10 -1.83669770e-15  8.27812493e-16  2.29423303e-05
  -1.83019888e-06 -1.59792834e-08  9.83152606e-10]
 [-3.79993412e-01 -1.76734494e-12 -2.28980078e-13  4.61889632e-11
  -5.47057082e-11 -1.11854981e-15  8.27812493e-16  2.29423303e-05
  -2.04721003e-06 -1.41294310e-08  1.05249149e-09]
 [ 0.00000000e+00 -1.76734494e-12 -2.04627742e-13  3.65598315e-11
  -1.30750534e-10 -1.83669770e-15  8.43398442e-16  2.65094930e-05
  -2.04721003e-06 -1.59792834e-08  9.98214034e-10]
 [ 7.61872385e-01 -1.09962310e-12 -2.28980078e-13  4.46431553e-11
  -1.30750534e-10 -2.47459655e-15  8.27812493e-16  2.65094930e-05
  -2.89391005e-06 -2.25267101e-08  1.04249213e-09]
 [ 0.00000000e+00 -1.97480941e-12 -2.56791102e-13  4.64643523e-11
  -1.30750534e-10 -2.11484452e-15  9.06838086e-16  2.41399190e-05
  -2.04721003e-06 -1.59792834e-08  9.58647528e-10]
 [ 0.00000000e+00 -3.33932512e-12 -2.17082358e-13  4.64643523e-11
  -1.87020299e-10 -2.86970592e-15  8.68323845e-16  2.29423303e-05
  -2.45833408e-06 -1.59792834e-08  9.98214034e-10]]
Train validation errors
[[1.35107233e+10 3.68296593e+11]
 [2.92434378e+10 3.01622692e+11]
 [4.79644937e+11 4.76166179e+11]
 [3.77873408e+12 8.96594974e+12]
 [2.76987618e+12 7.50326478e+12]
 [5.62325258e+12 1.26721103e+13]
 [4.75346598e+11 1.97617433e+12]
 [8.55809283e+13 1.53819241e+14]
 [6.19756375e+11 5.02384995e+11]
 [1.84108421e+13 2.88744947e+13]]
Selected parents:
[[ 0.00000000e+00 -5.68633399e-01 -6.54135567e-01  0.00000000e+00
   0.00000000e+00  0.00000000e+00]
 [-1.76734494e-12 -1.45799022e-12 -2.47336280e-12 -2.47336280e-12
  -1.76734494e-12 -1.97480941e-12]
 [-2.28980078e-13 -2.28980078e-13 -2.96524551e-13 -2.96524551e-13
  -2.04627742e-13 -2.56791102e-13]
 [ 4.62010753e-11  4.62010753e-11  4.62010753e-11  3.79532453e-11
   3.65598315e-11  4.64643523e-11]
 [-1.30750534e-10 -1.80991365e-10 -1.87020299e-10 -2.64441135e-10
  -1.30750534e-10 -1.30750534e-10]
 [-1.83669770e-15 -1.83669770e-15 -1.83669770e-15 -1.83669770e-15
  -1.83669770e-15 -2.11484452e-15]
 [ 8.19617556e-16  9.13757823e-16  7.88844640e-16  8.27812493e-16
   8.43398442e-16  9.06838086e-16]
 [ 2.29423303e-05  2.29423303e-05  2.13362636e-05  2.29423303e-05
   2.65094930e-05  2.41399190e-05]
 [-2.04721003e-06 -2.01955966e-06 -2.04721003e-06 -1.83019888e-06
  -2.04721003e-06 -2.04721003e-06]
 [-1.59792834e-08 -1.44001662e-08 -1.44001662e-08 -1.59792834e-08
  -1.59792834e-08 -1.59792834e-08]
 [ 9.98214034e-10  9.52001877e-10  9.47646084e-10  9.83152606e-10
   9.98214034e-10  9.58647528e-10]]Best offspring gen errors:
[[1.35107233e+10 3.68296593e+11]
 [1.35107233e+10 3.68296593e+11]
 [1.35107233e+10 3.68296593e+11]
 [1.35107233e+10 3.68296593e+11]
 [1.35107233e+10 3.68296593e+11]]