Starting all over again with new root population
Initial parent mutation: 0.3
No of generations: 10
Population size: 10
Mutation coefficient: 0.2
Split point: 7
One offspring per pair
Population:
[[ 0.00000000e+00  0.00000000e+00  0.00000000e+00  0.00000000e+00
  -4.20796509e+00  0.00000000e+00  0.00000000e+00  0.00000000e+00
   5.34655589e+00 -3.11707413e+00]
 [ 6.27937040e+00 -1.45799022e-12 -1.45799022e-12 -9.75835723e+00
  -1.45799022e-12 -4.90862430e+00 -8.98587638e+00 -1.45799022e-12
   3.53637989e+00 -1.45799022e-12]
 [-2.28980078e-13 -2.28980078e-13 -2.17347038e+00 -2.28980078e-13
  -2.28980078e-13 -2.28980078e-13 -4.25719383e+00 -2.28980078e-13
  -2.28980078e-13  9.72667176e+00]
 [-9.44930639e+00  4.62010753e-11  4.62010753e-11  4.62010753e-11
  -9.91551263e+00  4.62010753e-11  4.62010753e-11 -4.17136006e+00
   4.62010753e-11 -3.82350111e+00]
 [-1.75214813e-10 -1.75214813e-10 -1.75214813e-10 -1.75214813e-10
  -1.75214813e-10 -1.75214813e-10 -8.36596438e-01 -1.75214813e-10
  -1.75214813e-10 -1.75214813e-10]
 [-1.83669770e-15 -1.83669770e-15 -1.83669770e-15 -1.83669770e-15
  -7.74707298e-01 -1.83669770e-15 -1.83669770e-15 -3.47188261e+00
  -1.83669770e-15  1.31367627e+00]
 [ 8.52944060e-16  8.52944060e-16  8.52944060e-16  8.52944060e-16
   8.52944060e-16  8.52944060e-16 -4.66453417e+00  8.52944060e-16
  -8.24803578e+00  1.38711103e+00]
 [ 2.29423303e-05  2.29423303e-05  2.29423303e-05  2.29423303e-05
  -1.91734292e+00 -1.52574735e+00  2.29423303e-05  2.29423303e-05
   2.29423303e-05  2.29423303e-05]
 [-2.04721003e-06 -2.04721003e-06 -2.04721003e-06 -2.04721003e-06
   8.08947375e+00 -2.04721003e-06 -2.04721003e-06  5.02177686e-01
  -2.04721003e-06 -2.04721003e-06]
 [-1.59792834e-08 -1.59792834e-08 -1.59792834e-08 -2.32867539e+00
  -1.59792834e-08  3.51595224e+00 -1.59792834e-08 -1.59792834e-08
   1.53725375e+00  3.78539345e+00]
 [ 9.98214034e-10 -6.41889788e+00 -4.86800208e+00  8.64520413e+00
   9.98214034e-10  9.98214034e-10 -6.48815913e-01  5.56361468e+00
   9.98214034e-10  9.98214034e-10]]
Train validation errors
[[165170739564.66486, 379523882842.44556], [1.8699220255774645e+34, 3.537659418191892e+34], [1.0754842985235687e+34, 2.0346822518490497e+34], [3.355099800028236e+34, 6.345703595747548e+34], [2.2003454689731745e+41, 2.239085612931836e+41], [2.3833168541622173e+30, 4.568994417536919e+30], [1.910493441457677e+32, 3.614415480378765e+32], [4.4187671689337564e+42, 4.496408653745848e+42], [4.5577277509924935e+29, 8.737537427896434e+29], [6.326944721668924e+41, 6.4383485175576045e+41]]
Population:
[[ 5.34655589e+00  0.00000000e+00  5.34655589e+00  0.00000000e+00
  -4.20796509e+00 -4.57220039e+00  0.00000000e+00  0.00000000e+00
   0.00000000e+00  0.00000000e+00]
 [ 3.53637989e+00  6.27937040e+00  3.53637989e+00 -4.90862430e+00
  -1.45799022e-12 -9.75835723e+00 -4.90862430e+00 -1.45799022e-12
  -8.98587638e+00 -7.43870950e+00]
 [-2.28980078e-13 -2.28980078e-13 -2.28980078e-13 -2.28980078e-13
  -2.28980078e-13 -2.28980078e-13 -2.28980078e-13 -6.61726765e+00
  -4.25719383e+00 -2.28980078e-13]
 [ 4.50931369e+00 -9.44930639e+00  4.62010753e-11  4.62010753e-11
  -9.91551263e+00  4.62010753e-11  4.62010753e-11 -4.17136006e+00
   9.22613994e+00 -9.44930639e+00]
 [-7.86082958e-01 -1.75214813e-10 -1.75214813e-10 -1.75214813e-10
  -1.75214813e-10 -1.75214813e-10 -1.75214813e-10 -9.04192680e+00
  -8.36596438e-01 -1.75214813e-10]
 [-1.83669770e-15 -1.83669770e-15 -1.83669770e-15 -1.83669770e-15
  -7.74707298e-01 -1.83669770e-15 -1.83669770e-15 -3.47188261e+00
  -1.83669770e-15  9.42376367e+00]
 [-8.24803578e+00  8.52944060e-16 -8.24803578e+00  8.52944060e-16
   8.52944060e-16  8.52944060e-16  8.52944060e-16  8.52944060e-16
  -4.66453417e+00  7.49099302e+00]
 [ 2.29423303e-05  2.29423303e-05 -1.52574735e+00  2.29423303e-05
   2.29423303e-05 -1.91734292e+00  2.29423303e-05 -5.57147756e+00
   2.29423303e-05  2.29423303e-05]
 [-2.04721003e-06 -2.04721003e-06 -8.29634412e+00 -1.14499322e+00
  -2.04721003e-06  8.08947375e+00  5.02177686e-01 -2.04721003e-06
  -2.04721003e-06 -2.04721003e-06]
 [-1.59792834e-08  1.53725375e+00  3.51595224e+00  1.53725375e+00
  -2.32867539e+00 -1.59792834e-08 -1.59792834e-08  3.51595224e+00
  -1.59792834e-08 -1.59792834e-08]
 [ 9.98214034e-10  2.79157591e+00  9.98214034e-10  9.98214034e-10
   8.64520413e+00  9.98214034e-10  5.56361468e+00  9.98214034e-10
   9.98214034e-10 -6.48815913e-01]]
Train validation errors
[[1733050849996.1648, 2321427277294.2207], [3.6160161494917256e+33, 6.844750451922931e+33], [2.1633393502515664e+30, 4.1315989558377136e+30], [4.422617389193315e+29, 8.469003671603732e+29], [2.1987799165119478e+41, 2.2369499457098906e+41], [5.353521211372767e+27, 1.0373642031297897e+28], [1.4049147420391145e+34, 2.657926309708861e+34], [4.419215624915708e+42, 4.497020430691383e+42], [1720460175638.6406, 1960606751538.5278], [3.255836242115159e+43, 3.3131551136762637e+43]]
Population:
[[ 3.96611772e+00  0.00000000e+00  0.00000000e+00 -4.20796509e+00
   0.00000000e+00  0.00000000e+00  0.00000000e+00  0.00000000e+00
   0.00000000e+00  5.80311835e+00]
 [-4.90862430e+00 -2.78409073e+00 -8.98587638e+00 -1.45799022e-12
  -1.44615563e+00 -1.20678526e+00 -8.98587638e+00  6.27937040e+00
   6.27937040e+00 -1.45799022e-12]
 [-2.28980078e-13 -4.25719383e+00 -4.25719383e+00 -2.28980078e-13
  -2.28980078e-13 -4.25719383e+00 -2.33617593e+00 -2.28980078e-13
  -2.28980078e-13 -2.28980078e-13]
 [ 4.62010753e-11  9.22613994e+00  9.22613994e+00 -9.91551263e+00
   4.62010753e-11  9.22613994e+00  9.22613994e+00 -9.44930639e+00
  -9.44930639e+00 -9.91551263e+00]
 [-1.75214813e-10 -8.36596438e-01 -8.36596438e-01 -1.75214813e-10
  -1.75214813e-10 -8.36596438e-01 -8.36596438e-01 -1.75214813e-10
  -1.75214813e-10 -1.75214813e-10]
 [-1.83669770e-15 -1.83669770e-15 -1.83669770e-15 -7.74707298e-01
  -1.83669770e-15 -1.83669770e-15 -1.83669770e-15 -1.83669770e-15
  -1.83669770e-15 -7.74707298e-01]
 [ 5.44707323e+00 -4.66453417e+00 -4.66453417e+00  8.52944060e-16
   8.52944060e-16 -4.66453417e+00 -4.66453417e+00  1.87406404e+00
   8.52944060e-16  8.52944060e-16]
 [ 2.29423303e-05  2.29423303e-05 -4.43670024e+00  2.29423303e-05
   2.29423303e-05  2.29423303e-05  2.29423303e-05  2.29423303e-05
   2.29423303e-05  2.29423303e-05]
 [-6.19679306e-01 -1.14499322e+00 -2.04721003e-06  3.89121487e+00
  -2.04721003e-06 -1.14499322e+00 -2.04721003e-06 -2.04721003e-06
  -2.04721003e-06 -2.04721003e-06]
 [-1.59792834e-08  1.53725375e+00 -2.32867539e+00  6.90345244e+00
  -1.59792834e-08  1.53725375e+00  1.53725375e+00 -1.59792834e-08
  -2.32867539e+00  7.07926191e+00]
 [ 9.98214034e-10  9.98214034e-10  8.64520413e+00  9.98214034e-10
  -3.84141571e+00  9.98214034e-10  2.79157591e+00  9.98214034e-10
   8.64520413e+00  2.79157591e+00]]
Train validation errors
[[3.17104131727396e+25, 6.147910747072733e+25], [4.422617376222761e+29, 8.469003643044838e+29], [3.355070292013107e+34, 6.345644951333286e+34], [2.2003202670834117e+41, 2.2390509526429496e+41], [6.6970752759216e+33, 1.267003174467551e+34], [4.422617376223101e+29, 8.469003643045495e+29], [3.61601614939518e+33, 6.844750451746908e+33], [165170690552.6255, 379523728022.88916], [3.3550998000171113e+34, 6.345703595723776e+34], [2.1998113417630727e+41, 2.238356623186332e+41]]
Population:
[[ 0.00000000e+00  0.00000000e+00  5.03435544e+00  0.00000000e+00
   0.00000000e+00  3.96611772e+00  0.00000000e+00  0.00000000e+00
   0.00000000e+00  0.00000000e+00]
 [-8.98587638e+00 -8.98587638e+00 -8.50210018e+00 -1.44615563e+00
   1.07109860e+00 -5.23714582e+00 -1.20678526e+00  6.27937040e+00
  -8.98587638e+00  6.27937040e+00]
 [-4.25719383e+00 -2.33617593e+00 -2.33617593e+00 -2.28980078e-13
  -2.28980078e-13 -2.28980078e-13 -4.25719383e+00 -2.28980078e-13
  -4.25719383e+00 -2.28980078e-13]
 [ 9.22613994e+00  9.22613994e+00  9.22613994e+00  4.62010753e-11
  -9.44930639e+00  4.62010753e-11  9.22613994e+00 -5.22172968e+00
   9.22613994e+00 -9.44930639e+00]
 [-8.36596438e-01 -8.36596438e-01 -8.36596438e-01 -1.75214813e-10
  -1.75214813e-10 -1.75214813e-10  8.54498875e+00 -1.75214813e-10
  -8.36596438e-01 -9.15206003e+00]
 [-7.09022101e-01 -1.83669770e-15 -1.83669770e-15 -1.83669770e-15
  -1.83669770e-15 -1.83669770e-15  2.57988510e-02 -1.83669770e-15
  -1.83669770e-15 -1.83669770e-15]
 [-4.66453417e+00 -4.66453417e+00 -4.66453417e+00  8.52944060e-16
   8.52944060e-16  5.44707323e+00 -4.66453417e+00  1.87406404e+00
  -4.66453417e+00  1.87406404e+00]
 [ 2.29423303e-05 -4.43670024e+00  2.29423303e-05  2.29423303e-05
   2.29423303e-05  2.29423303e-05  2.29423303e-05  2.29423303e-05
   2.29423303e-05 -4.43670024e+00]
 [-2.04721003e-06 -2.04721003e-06 -2.04721003e-06 -2.04721003e-06
  -6.19679306e-01 -2.04721003e-06 -2.04721003e-06 -1.14499322e+00
  -2.04721003e-06 -2.04721003e-06]
 [ 1.53725375e+00 -2.32867539e+00 -1.59792834e-08  1.53725375e+00
  -1.59792834e-08 -2.32867539e+00 -1.59792834e-08  1.53725375e+00
  -1.59792834e-08 -2.32867539e+00]
 [ 2.79157591e+00  8.64520413e+00 -3.84141571e+00  2.79157591e+00
   9.98214034e-10  8.64520413e+00  9.98214034e-10  5.15629237e+00
   9.98214034e-10  8.64520413e+00]]
Train validation errors
[[1.8425714032017684e+41, 1.874849393682696e+41], [3.355070292013158e+34, 6.345644951333388e+34], [6.697075276103021e+33, 1.2670031745021247e+34], [3.616016149528342e+33, 6.844750452001053e+33], [3.171041653367518e+25, 6.147911508176951e+25], [3.3550998000282383e+34, 6.345703595747553e+34], [2.4401494622254586e+38, 2.4831119362192734e+38], [1.2210176255712876e+34, 2.3106894852627057e+34], [1720460175638.6406, 1960606751538.5278], [3.3550702914800077e+34, 6.345644950287939e+34]]
Population:
[[ 6.88781578e+00 -3.42263486e+00  0.00000000e+00  5.03435544e+00
   0.00000000e+00  5.03435544e+00  0.00000000e+00  0.00000000e+00
   3.96611772e+00  5.03435544e+00]
 [-8.98587638e+00  1.07109860e+00  6.27937040e+00 -7.44733236e+00
  -1.44615563e+00 -9.85514397e+00 -1.44615563e+00 -8.98587638e+00
   6.56825539e+00 -8.50210018e+00]
 [-2.33617593e+00 -2.28980078e-13 -2.28980078e-13 -2.33617593e+00
  -2.28980078e-13 -3.32100882e+00 -2.28980078e-13 -4.25719383e+00
  -2.28980078e-13 -2.33617593e+00]
 [ 9.22613994e+00 -9.44930639e+00 -5.22172968e+00  9.22613994e+00
   4.62010753e-11 -1.13489630e-01  4.62010753e-11  9.22613994e+00
   4.62010753e-11  9.22613994e+00]
 [-8.36596438e-01 -1.75214813e-10 -1.75214813e-10 -8.36596438e-01
  -1.75214813e-10 -8.36596438e-01 -1.75214813e-10 -8.36596438e-01
  -1.75214813e-10 -8.36596438e-01]
 [-1.83669770e-15 -1.83669770e-15 -1.83669770e-15 -1.83669770e-15
  -1.83669770e-15 -1.83669770e-15 -1.83669770e-15 -1.83669770e-15
   1.07914099e+00 -1.83669770e-15]
 [-4.66453417e+00  8.52944060e-16  1.87406404e+00 -7.61647816e+00
   8.52944060e-16 -4.66453417e+00  2.76751395e+00  6.90749189e+00
   5.44707323e+00 -4.66453417e+00]
 [ 2.29423303e-05 -4.43670024e+00  2.29423303e-05  2.29423303e-05
   2.29423303e-05  2.29423303e-05  2.29423303e-05  2.29423303e-05
   2.29423303e-05  2.29423303e-05]
 [-6.19679306e-01 -2.04721003e-06 -2.04721003e-06 -1.14499322e+00
  -2.04721003e-06 -2.04721003e-06 -2.04721003e-06 -2.04721003e-06
   7.44944825e+00 -2.04721003e-06]
 [-1.59792834e-08 -2.32867539e+00 -1.59792834e-08  1.53725375e+00
  -1.59792834e-08  1.53725375e+00 -1.59792834e-08  1.53725375e+00
  -1.59792834e-08 -2.32867539e+00]
 [ 9.98214034e-10  8.64520413e+00 -3.84141571e+00 -8.81721346e+00
  -3.84141571e+00  2.79157591e+00  3.62255145e+00  2.79157591e+00
  -3.84141571e+00  8.64520413e+00]]
Train validation errors
[[3.1710426215366555e+25, 6.147913200873338e+25], [3.3550702920426574e+34, 6.34564495138697e+34], [6.69707527594909e+33, 1.2670031744734218e+34], [3.5038319535165703e+34, 6.6276596299861995e+34], [6.6970752759216e+33, 1.267003174467551e+34], [3.616016149358889e+33, 6.844750451669491e+33], [5.955684564752289e+33, 1.1267412921148728e+34], [3.6160161493950105e+33, 6.844750451746573e+33], [4.2684773236420915e+41, 4.34329254646093e+41], [3.355099799987611e+34, 6.345703595670188e+34]]
Population:
[[ 0.00000000e+00  5.03435544e+00  6.88781578e+00  5.03435544e+00
   0.00000000e+00  5.03435544e+00  6.88781578e+00  0.00000000e+00
   0.00000000e+00  0.00000000e+00]
 [ 3.82895645e+00 -9.85514397e+00 -8.98587638e+00 -7.44733236e+00
   6.27937040e+00 -7.44733236e+00 -5.15011694e-01 -8.98587638e+00
  -1.44615563e+00  2.26177210e+00]
 [-2.28980078e-13 -3.32100882e+00 -2.33617593e+00 -2.33617593e+00
  -2.28980078e-13 -2.33617593e+00 -2.33617593e+00 -4.25719383e+00
  -2.28980078e-13 -4.25719383e+00]
 [ 4.62010753e-11 -1.13489630e-01  9.22613994e+00  9.22613994e+00
  -5.22172968e+00  9.22613994e+00  9.22613994e+00  9.22613994e+00
   4.62010753e-11  9.22613994e+00]
 [-1.75214813e-10 -8.36596438e-01 -8.36596438e-01 -8.36596438e-01
  -1.75214813e-10 -8.36596438e-01 -8.36596438e-01 -8.36596438e-01
  -1.75214813e-10 -8.36596438e-01]
 [-1.83669770e-15 -1.83669770e-15 -1.83669770e-15 -1.83669770e-15
  -1.83669770e-15 -1.83669770e-15 -6.72620256e-01 -1.83669770e-15
  -1.83669770e-15 -1.83669770e-15]
 [ 2.76751395e+00 -4.66453417e+00 -4.66453417e+00 -7.61647816e+00
   1.87406404e+00 -7.61647816e+00 -4.66453417e+00  6.90749189e+00
   2.76751395e+00  6.90749189e+00]
 [ 2.29423303e-05  2.29423303e-05  2.29423303e-05  2.29423303e-05
   2.29423303e-05 -4.89960875e+00  2.29423303e-05  2.29423303e-05
   2.29423303e-05  2.29423303e-05]
 [-2.04721003e-06 -2.04721003e-06 -1.14499322e+00 -6.19679306e-01
  -1.14499322e+00 -2.04721003e-06 -2.04721003e-06 -6.19679306e-01
  -2.04721003e-06 -2.04721003e-06]
 [ 1.53725375e+00 -1.59792834e-08  7.12107130e+00 -1.59792834e-08
   1.53725375e+00 -1.59792834e-08  1.53725375e+00 -1.59792834e-08
  -5.37404296e+00 -1.59792834e-08]
 [ 2.79157591e+00  3.62255145e+00  6.58161288e+00  9.98214034e-10
  -8.81721346e+00 -3.84141571e+00  2.79157591e+00  9.98214034e-10
   2.79157591e+00  3.62255145e+00]]
Train validation errors
[[3.6160161495283505e+33, 6.844750452001073e+33], [5.955684564534696e+33, 1.1267412920723383e+34], [2.0527060894178767e+34, 3.887507663123281e+34], [3.1710426215145944e+25, 6.147913200818139e+25], [3.5038319534813435e+34, 6.627659629920558e+34], [6.697220910619434e+33, 1.2670321139222757e+34], [1.658206686079106e+41, 1.6872470424790017e+41], [3.1710426232307486e+25, 6.147913204163627e+25], [3.2667022996225655e+33, 6.167444438910437e+33], [5.95568456458101e+33, 1.1267412920822313e+34]]
Population:
[[ 5.03435544e+00  0.00000000e+00 -6.62861271e+00  0.00000000e+00
   0.00000000e+00  5.03435544e+00  0.00000000e+00  0.00000000e+00
   5.03435544e+00  0.00000000e+00]
 [-7.44733236e+00  6.27937040e+00 -8.98587638e+00  6.27937040e+00
  -8.98587638e+00 -7.44733236e+00  3.82895645e+00 -1.44615563e+00
  -9.85514397e+00  5.35524040e+00]
 [-2.33617593e+00 -2.28980078e-13 -2.33617593e+00 -2.28980078e-13
  -4.25719383e+00 -8.14879514e+00 -7.58848480e+00 -2.28980078e-13
  -3.32100882e+00 -4.25719383e+00]
 [ 9.22613994e+00 -5.22172968e+00  9.22299594e+00 -5.22172968e+00
   9.22613994e+00  9.22613994e+00  4.62010753e-11  4.62010753e-11
  -1.13489630e-01  9.22613994e+00]
 [-8.36596438e-01 -1.75214813e-10  7.63640165e+00 -1.75214813e-10
  -8.36596438e-01 -8.36596438e-01 -1.75214813e-10 -1.75214813e-10
  -8.36596438e-01  3.47911940e+00]
 [-1.83669770e-15 -1.83669770e-15 -1.83669770e-15 -1.83669770e-15
  -1.83669770e-15  8.22689384e+00 -1.83669770e-15 -1.83669770e-15
  -7.76655759e+00 -1.83669770e-15]
 [-7.61647816e+00  1.87406404e+00 -4.66453417e+00  1.87406404e+00
   6.90749189e+00 -7.61647816e+00  2.76751395e+00  2.76751395e+00
  -4.66453417e+00  3.27890300e+00]
 [ 2.29423303e-05  2.29423303e-05  2.29423303e-05  2.29423303e-05
   2.29423303e-05  2.29423303e-05  2.29423303e-05  2.29423303e-05
   2.29423303e-05  2.29423303e-05]
 [-1.14499322e+00 -6.19679306e-01 -4.77299554e+00 -1.14499322e+00
  -6.19679306e-01 -6.19679306e-01 -2.04721003e-06 -1.16649467e+00
  -6.78834445e+00 -2.04721003e-06]
 [ 1.53725375e+00 -1.59792834e-08  1.53725375e+00  7.12107130e+00
  -1.59792834e-08 -1.59792834e-08 -5.37404296e+00  1.53725375e+00
  -1.59792834e-08 -1.59792834e-08]
 [-8.81721346e+00  9.98214034e-10 -8.81721346e+00  6.58161288e+00
   7.79726985e+00  9.98214034e-10  2.79157591e+00  2.79157591e+00
   3.62255145e+00  2.86113253e+00]]
Train validation errors
[[3.5038319535165703e+34, 6.6276596299861995e+34], [3.1710415028851772e+25, 6.147911167376377e+25], [3.5050617324874774e+34, 6.630016918559061e+34], [2.052706089444743e+34, 3.887507663173568e+34], [2.7590422848277606e+34, 5.219759437105978e+34], [2.48134689904276e+43, 2.525034713589518e+43], [3.26670229962193e+33, 6.167444438909203e+33], [3.614746302843072e+33, 6.842315082455021e+33], [2.2113620304401391e+43, 2.2502734370825494e+43], [3.715168491488448e+33, 7.028635753039756e+33]]
Population:
[[ 0.00000000e+00  5.03435544e+00  0.00000000e+00  0.00000000e+00
   0.00000000e+00  0.00000000e+00  0.00000000e+00  0.00000000e+00
   5.03435544e+00  0.00000000e+00]
 [ 5.35524040e+00 -7.44733236e+00  6.27937040e+00 -8.98587638e+00
  -8.98587638e+00  6.27937040e+00 -1.44615563e+00  6.27937040e+00
  -7.44733236e+00  6.27937040e+00]
 [-4.25719383e+00 -2.33617593e+00 -2.28980078e-13 -4.25719383e+00
  -4.25719383e+00 -8.74485669e+00 -2.28980078e-13 -2.28980078e-13
  -8.34598559e-01 -2.28980078e-13]
 [ 9.22613994e+00  6.43546951e+00 -5.22172968e+00  9.22613994e+00
   9.22613994e+00 -5.22172968e+00  4.62010753e-11 -5.22172968e+00
   9.22613994e+00 -5.22172968e+00]
 [ 3.47911940e+00 -8.36596438e-01 -1.75214813e-10 -8.36596438e-01
  -8.36596438e-01 -1.75214813e-10 -1.75214813e-10 -1.75214813e-10
  -8.36596438e-01 -1.75214813e-10]
 [-1.83669770e-15 -1.83669770e-15 -1.83669770e-15 -1.83669770e-15
  -1.83669770e-15 -1.83669770e-15 -1.83669770e-15 -1.83669770e-15
   9.69405699e+00 -1.83669770e-15]
 [ 3.27890300e+00 -9.48942868e+00  1.87406404e+00  6.90749189e+00
   6.90749189e+00  1.87406404e+00  2.76751395e+00  1.87406404e+00
  -7.43165184e+00 -1.55452271e+00]
 [ 2.29423303e-05  2.29423303e-05  2.29423303e-05  2.29423303e-05
   3.09855344e+00  2.29423303e-05  2.29423303e-05  2.29423303e-05
   2.29423303e-05  2.29423303e-05]
 [-1.14499322e+00 -2.04721003e-06 -6.19679306e-01 -1.14499322e+00
  -6.19679306e-01 -6.19679306e-01 -1.14499322e+00 -3.70267827e+00
  -1.14499322e+00 -1.14499322e+00]
 [ 1.53725375e+00 -1.59792834e-08 -1.59792834e-08  7.12107130e+00
  -1.59792834e-08 -1.59792834e-08  7.12107130e+00  6.63346431e-01
   7.12107130e+00  2.71560581e+00]
 [-8.81721346e+00  2.86113253e+00  7.79726985e+00  6.58161288e+00
   9.98214034e-10  7.79726985e+00  6.58161288e+00  2.79157591e+00
   6.58161288e+00  2.99492682e+00]]
Train validation errors
[[3.503831953245504e+34, 6.627659629456627e+34], [3.715168490595002e+33, 7.028635751291735e+33], [2.7590422848590532e+34, 5.219759437164329e+34], [2.052706089417836e+34, 3.8875076631232014e+34], [2.579423161842608e+25, 4.9322050749982024e+25], [2.759042284858839e+34, 5.21975943716391e+34], [2.0527060894495689e+34, 3.8875076631838543e+34], [3.566824217879625e+33, 6.749477786197696e+33], [3.445451681532285e+43, 3.506167205752459e+43], [4.220238298409142e+33, 7.991152910054094e+33]]
Population:
[[ 0.00000000e+00 -1.01521951e-01  0.00000000e+00  0.00000000e+00
   0.00000000e+00  5.03435544e+00  5.03435544e+00  0.00000000e+00
   0.00000000e+00  0.00000000e+00]
 [-8.98587638e+00  6.27937040e+00  6.27937040e+00  6.27937040e+00
   5.35524040e+00 -7.44733236e+00 -7.44733236e+00  6.27937040e+00
   6.27937040e+00  9.25924570e-01]
 [-4.25719383e+00 -8.09349783e+00 -2.28980078e-13 -2.28980078e-13
  -4.25719383e+00 -2.33617593e+00  7.63729175e+00 -2.28980078e-13
  -2.28980078e-13  2.97786417e+00]
 [ 9.22613994e+00 -5.22172968e+00 -5.22172968e+00 -5.22172968e+00
   9.22613994e+00  6.43546951e+00  6.43546951e+00 -5.22172968e+00
  -5.22172968e+00 -1.99509879e+00]
 [-8.36596438e-01 -1.75214813e-10 -1.75214813e-10 -1.75214813e-10
   3.47911940e+00 -8.36596438e-01 -8.36596438e-01 -1.75214813e-10
  -1.75214813e-10  3.47911940e+00]
 [-1.83669770e-15 -1.83669770e-15 -1.83669770e-15 -1.83669770e-15
  -1.83669770e-15 -1.83669770e-15 -1.83669770e-15 -1.83669770e-15
  -1.83669770e-15 -1.83669770e-15]
 [ 6.90749189e+00  1.87406404e+00  1.87406404e+00 -1.55452271e+00
   3.27890300e+00 -9.48942868e+00 -9.48942868e+00 -1.55452271e+00
   1.87406404e+00  3.27890300e+00]
 [ 2.29423303e-05  2.29423303e-05  2.29423303e-05  9.43322160e+00
   2.29423303e-05  2.29423303e-05  2.29423303e-05  2.29423303e-05
   2.29423303e-05  2.29423303e-05]
 [-3.70267827e+00 -1.14499322e+00 -1.14499322e+00  7.25442647e-01
  -2.04721003e-06 -1.14499322e+00 -1.14499322e+00 -2.04721003e-06
  -1.14499322e+00 -4.51727882e+00]
 [-9.40986894e+00  7.12107130e+00 -7.17982437e-01 -1.59792834e-08
  -1.59792834e-08  1.53725375e+00  2.71560581e+00 -1.59792834e-08
   1.53725375e+00  1.06836343e+00]
 [ 2.79157591e+00  6.58161288e+00  2.99492682e+00  7.79726985e+00
   2.86113253e+00 -8.81721346e+00  2.99492682e+00  2.86113253e+00
  -8.81721346e+00  7.79726985e+00]]
Train validation errors
[[3.0675264265324503e+33, 5.781163928011566e+33], [2.052706089444572e+34, 3.8875076631732327e+34], [4.030036413107962e+33, 7.622448877722452e+33], [2.759503769146079e+34, 5.220648127104879e+34], [3.715168491488448e+33, 7.028635753039756e+33], [3.5038319535199318e+34, 6.627659629993379e+34], [4.2202382982765246e+33, 7.99115290980305e+33], [3.715168490720601e+33, 7.028635751528894e+33], [3.5038319534813435e+34, 6.627659629920558e+34], [2.773191610061109e+34, 5.247214585722954e+34]]
Population:
[[ 0.00000000e+00 -1.10832361e+00  3.19484293e+00  0.00000000e+00
   0.00000000e+00  0.00000000e+00  0.00000000e+00  0.00000000e+00
   0.00000000e+00  0.00000000e+00]
 [-8.98587638e+00  6.27937040e+00 -7.44733236e+00  2.92635207e+00
   6.27937040e+00 -7.39677026e+00  9.25924570e-01  6.27937040e+00
   5.35524040e+00 -2.70976667e+00]
 [-4.25719383e+00 -2.28980078e-13 -2.33617593e+00 -2.28980078e-13
  -2.28980078e-13  1.21512337e-01  2.97786417e+00  6.95112820e-01
  -4.25719383e+00 -2.28980078e-13]
 [ 9.22613994e+00 -5.22172968e+00  6.43546951e+00 -5.22172968e+00
  -5.22172968e+00 -5.22172968e+00 -1.99509879e+00 -5.22172968e+00
   9.22613994e+00 -5.22172968e+00]
 [-8.36596438e-01 -1.75214813e-10 -8.36596438e-01 -1.75214813e-10
  -1.75214813e-10 -1.75214813e-10  3.47911940e+00 -1.75214813e-10
   3.47911940e+00 -1.75214813e-10]
 [-1.83669770e-15 -1.83669770e-15 -1.83669770e-15 -1.83669770e-15
   3.05229103e+00 -1.83669770e-15 -1.83669770e-15 -1.83669770e-15
  -1.83669770e-15 -1.83669770e-15]
 [ 6.90749189e+00  1.87406404e+00 -9.48942868e+00  1.87406404e+00
  -1.55452271e+00 -1.55452271e+00  3.27890300e+00 -1.55452271e+00
   3.27890300e+00  1.87406404e+00]
 [-5.46288266e+00  2.29423303e-05  2.29423303e-05  2.29423303e-05
   2.29423303e-05  9.43322160e+00  2.29423303e-05  2.29423303e-05
   2.29423303e-05  2.29423303e-05]
 [-1.14499322e+00 -3.70267827e+00 -1.14499322e+00 -1.14499322e+00
  -2.04721003e-06  7.25442647e-01 -2.04721003e-06  6.37250295e+00
  -1.14499322e+00 -2.04721003e-06]
 [-7.17982437e-01  7.67429840e+00  1.53725375e+00 -1.62384445e+00
  -1.59792834e-08 -1.59792834e-08 -1.59792834e-08  1.06836343e+00
  -7.17982437e-01 -1.59792834e-08]
 [ 2.99492682e+00  2.79157591e+00 -8.81721346e+00 -8.81721346e+00
   2.86113253e+00  7.79726985e+00  2.86113253e+00  7.79726985e+00
   2.99492682e+00  2.86113253e+00]]
Train validation errors
[[4.02991048713241e+33, 7.622198616781564e+33], [3.9374360419844244e+33, 7.46770989317978e+33], [3.5038319535199318e+34, 6.627659629993379e+34], [3.5550422246739266e+34, 6.726938214754374e+34], [3.415809893483566e+42, 3.476021542243432e+42], [2.7595037691460755e+34, 5.220648127104872e+34], [3.715168491445066e+33, 7.028635752946987e+33], [2.776476062995999e+34, 5.25351178518903e+34], [4.0300364139078315e+33, 7.622448879295747e+33], [3.715168490720586e+33, 7.028635751528861e+33]]
