Starting all over again with new root population
No of generations: 10
Population size: 4
Mutation coefficient: 0.2
Split point: 7
One offspring per pair
Population:
[[ 0.00000000e+00  0.00000000e+00  0.00000000e+00  0.00000000e+00]
 [ 6.27937040e+00 -1.45799022e-12 -1.45799022e-12 -9.75835723e+00]
 [-2.28980078e-13 -2.28980078e-13 -2.17347038e+00 -2.28980078e-13]
 [ 4.62010753e-11  4.62010753e-11  4.62010753e-11  4.62010753e-11]
 [-1.75214813e-10 -1.75214813e-10 -1.75214813e-10 -1.75214813e-10]
 [-1.83669770e-15 -1.83669770e-15 -1.83669770e-15 -1.83669770e-15]
 [ 8.52944060e-16  8.52944060e-16  8.52944060e-16  8.52944060e-16]
 [ 2.29423303e-05  2.29423303e-05  2.29423303e-05  2.29423303e-05]
 [-2.04721003e-06 -2.04721003e-06 -2.04721003e-06 -2.04721003e-06]
 [-1.59792834e-08 -1.59792834e-08 -1.59792834e-08 -1.59792834e-08]
 [ 9.98214034e-10 -6.41889788e+00  9.98214034e-10  8.64520413e+00]]
Train validation errors
[[13504842102.92983, 368344514440.6409], [1.8699220255774645e+34, 3.537659418191892e+34], [13398896731.091145, 367223115707.8591], [3.391978321909553e+34, 6.417200232288855e+34]]
Population:
[[ 0.00000000e+00  0.00000000e+00  0.00000000e+00  0.00000000e+00]
 [ 6.27937040e+00 -1.45799022e-12  6.27937040e+00 -1.45799022e-12]
 [-2.28980078e-13 -2.17347038e+00 -2.28980078e-13 -2.17347038e+00]
 [ 4.62010753e-11  4.62010753e-11  4.62010753e-11  4.62010753e-11]
 [-1.75214813e-10 -1.75214813e-10 -1.75214813e-10  5.02177686e-01]
 [-1.83669770e-15 -1.52574735e+00 -1.83669770e-15 -1.83669770e-15]
 [ 8.52944060e-16  8.52944060e-16  8.52944060e-16  8.52944060e-16]
 [ 2.29423303e-05  2.29423303e-05  2.29423303e-05  2.29423303e-05]
 [-2.04721003e-06 -2.04721003e-06 -3.70577548e+00 -2.04721003e-06]
 [-1.59792834e-08 -1.59792834e-08 -1.59792834e-08  5.40639693e-01]
 [ 9.98214034e-10  9.98214034e-10  9.98214034e-10  9.98214034e-10]]
Train validation errors
[[13504842102.92983, 368344514440.6409], [8.534556237359292e+41, 8.684819840494358e+41], [1.1340403629370045e+27, 2.198640387280968e+27], [5.637325794364599e+28, 1.0807215333628302e+29]]
Population:
[[ 0.00000000e+00  0.00000000e+00  0.00000000e+00  0.00000000e+00]
 [-1.45799022e-12  6.27937040e+00  6.27937040e+00 -1.45799022e-12]
 [-2.17347038e+00  3.78539345e+00 -2.28980078e-13 -2.17347038e+00]
 [ 4.62010753e-11  4.62010753e-11  4.62010753e-11  2.79157591e+00]
 [ 5.02177686e-01 -1.75214813e-10 -1.75214813e-10  9.23987186e+00]
 [-1.83669770e-15 -1.83669770e-15 -1.83669770e-15 -1.83669770e-15]
 [ 8.52944060e-16  8.52944060e-16  8.52944060e-16  8.52944060e-16]
 [ 2.29423303e-05  2.29423303e-05  2.29423303e-05  2.29423303e-05]
 [-2.04721003e-06 -2.04721003e-06 -2.04721003e-06 -3.70577548e+00]
 [-1.59792834e-08  5.40639693e-01  5.40639693e-01 -1.59792834e-08]
 [-9.38757377e+00  9.98214034e-10  9.98214034e-10  9.98214034e-10]]
Train validation errors
[[3.999533046196423e+34, 7.566618049163162e+34], [5.6373257573252475e+28, 1.0807215254544783e+29], [5.637325757207751e+28, 1.0807215254278698e+29], [1.1340392802699988e+27, 2.1986382651344704e+27]]
Population:
[[ 0.00000000e+00  0.00000000e+00  0.00000000e+00  0.00000000e+00]
 [-8.29634412e+00 -1.14499322e+00 -1.45799022e-12  6.27937040e+00]
 [-2.28980078e-13 -2.17347038e+00 -2.17347038e+00 -2.28980078e-13]
 [ 4.62010753e-11  2.79157591e+00  2.79157591e+00  4.62010753e-11]
 [-1.75214813e-10  9.23987186e+00  9.23987186e+00 -1.75214813e-10]
 [-1.83669770e-15 -1.83669770e-15 -1.83669770e-15 -1.83669770e-15]
 [-1.55178237e-01 -6.41391123e+00  8.52944060e-16  8.52944060e-16]
 [ 2.29423303e-05  2.29423303e-05  2.29423303e-05 -6.25366445e+00]
 [-3.70577548e+00 -2.04721003e-06 -2.04721003e-06 -3.70577548e+00]
 [-1.59792834e-08  5.40639693e-01  5.40639693e-01 -5.70602081e-02]
 [ 9.98214034e-10  9.98214034e-10  9.98214034e-10  9.98214034e-10]]
Train validation errors
[[1.134040362949865e+27, 2.1986403873127297e+27], [5.637326446882478e+28, 1.080721672639531e+29], [5.637326446883341e+28, 1.0807216726396958e+29], [3.534003531676455e+27, 6.925492752601654e+27]]
Population:
[[ 0.00000000e+00 -5.57147756e+00  0.00000000e+00  0.00000000e+00]
 [-1.45799022e-12 -8.29634412e+00 -1.45799022e-12  6.27937040e+00]
 [-2.17347038e+00 -2.28980078e-13 -2.17347038e+00 -2.28980078e-13]
 [ 2.79157591e+00  4.62010753e-11  2.79157591e+00  4.62010753e-11]
 [-8.13177461e-01 -1.75214813e-10  9.23987186e+00 -1.75214813e-10]
 [-1.83669770e-15 -1.83669770e-15 -8.62247799e+00 -1.83669770e-15]
 [ 8.52944060e-16 -1.55178237e-01  8.52944060e-16  8.52944060e-16]
 [ 2.29423303e-05  2.29423303e-05 -6.25366445e+00  2.29423303e-05]
 [-3.70577548e+00  1.71125694e+00 -3.70577548e+00 -2.04721003e-06]
 [-1.59792834e-08  5.40639693e-01 -5.70602081e-02  5.40639693e-01]
 [ 9.98214034e-10  9.98214034e-10  9.98214034e-10  9.98214034e-10]]
Train validation errors
[[1.1340404518882726e+27, 2.1986405596682725e+27], [6.3773726059295985e+28, 1.227661262439463e+29], [2.7257115628476537e+43, 2.77370180413017e+43], [5.637325757207751e+28, 1.0807215254278698e+29]]
Population:
[[ 0.00000000e+00  0.00000000e+00  0.00000000e+00  3.89121487e+00]
 [-6.19679306e-01 -1.45799022e-12  6.27937040e+00  6.90345244e+00]
 [-2.17347038e+00 -2.17347038e+00 -2.28980078e-13 -2.17347038e+00]
 [ 2.79157591e+00  2.79157591e+00  4.62010753e-11 -1.87256140e+00]
 [ 9.23987186e+00 -8.13177461e-01 -1.75214813e-10 -8.13177461e-01]
 [-8.62247799e+00 -1.83669770e-15 -1.83669770e-15 -1.83669770e-15]
 [ 8.52944060e-16  8.52944060e-16  8.52944060e-16  8.52944060e-16]
 [ 2.29423303e-05 -6.25366445e+00  2.29423303e-05  2.84355565e+00]
 [-3.70577548e+00 -3.70577548e+00 -3.70577548e+00 -2.04721003e-06]
 [-1.59792834e-08 -5.70602081e-02 -1.59792834e-08  5.40639693e-01]
 [ 9.98214034e-10  5.21886805e+00  9.98214034e-10  9.98214034e-10]]
Train validation errors
[[2.725711538317586e+43, 2.773701770366428e+43], [1.2347865693426296e+34, 2.3360155225165327e+34], [1.1340403629370045e+27, 2.198640387280968e+27], [5.662744841008714e+28, 1.0856497379756929e+29]]
Population:
[[ 0.00000000e+00  0.00000000e+00  3.89121487e+00  0.00000000e+00]
 [-1.45799022e-12  6.27937040e+00  6.90345244e+00 -1.45799022e-12]
 [-3.84141571e+00 -2.28980078e-13 -2.17347038e+00 -2.17347038e+00]
 [ 2.79157591e+00  4.62010753e-11 -1.87256140e+00 -6.16439167e+00]
 [-8.13177461e-01 -1.75214813e-10 -8.13177461e-01 -8.13177461e-01]
 [-1.83669770e-15 -1.83669770e-15 -1.83669770e-15 -1.83669770e-15]
 [ 8.52944060e-16  8.52944060e-16  8.52944060e-16  8.52944060e-16]
 [ 2.29423303e-05 -6.25366445e+00 -6.25366445e+00  2.84355565e+00]
 [-3.70577548e+00 -3.70577548e+00 -3.70577548e+00 -2.04721003e-06]
 [-1.59792834e-08 -5.70602081e-02 -5.70602081e-02  5.40639693e-01]
 [ 9.98214034e-10  1.46615099e-01  5.21886805e+00  8.28017235e+00]]
Train validation errors
[[1.134040451976061e+27, 2.1986405598387163e+27], [9.388911132524454e+30, 1.7749742943842772e+31], [1.2347865693392956e+34, 2.3360155225094127e+34], [3.119830038318568e+34, 5.902716100076872e+34]]
Population:
[[ 0.00000000e+00  0.00000000e+00  0.00000000e+00  0.00000000e+00]
 [-1.45799022e-12  7.07926191e+00  6.27937040e+00 -1.45799022e-12]
 [-3.84141571e+00 -2.28980078e-13 -2.28980078e-13 -3.84141571e+00]
 [ 2.79157591e+00  4.62010753e-11  4.62010753e-11  2.79157591e+00]
 [-8.13177461e-01 -1.75214813e-10 -1.75214813e-10 -8.13177461e-01]
 [-1.83669770e-15 -1.83669770e-15 -1.83669770e-15 -1.83669770e-15]
 [ 8.52944060e-16  8.52944060e-16  8.52944060e-16  8.52944060e-16]
 [-6.25366445e+00  2.29423303e-05  2.29423303e-05 -6.25366445e+00]
 [-3.70577548e+00 -3.70577548e+00 -3.70577548e+00 -3.70577548e+00]
 [-5.70602081e-02 -1.59792834e-08 -1.59792834e-08 -5.70602081e-02]
 [ 1.46615099e-01  9.98214034e-10  9.98214034e-10  1.46615099e-01]]
Train validation errors
[[9.388911124695526e+30, 1.7749742928655637e+31], [1.1340403629362984e+27, 2.1986403872792248e+27], [1.1340403629370045e+27, 2.198640387280968e+27], [9.388911124695526e+30, 1.7749742928655637e+31]]
Population:
[[ 0.00000000e+00  0.00000000e+00  0.00000000e+00  0.00000000e+00]
 [ 7.07926191e+00  6.27937040e+00  7.07926191e+00  6.27937040e+00]
 [-2.28980078e-13 -2.28980078e-13 -2.28980078e-13 -2.28980078e-13]
 [ 4.62010753e-11  4.62010753e-11  4.62010753e-11  4.62010753e-11]
 [-6.96973189e+00 -1.75214813e-10 -1.75214813e-10 -1.75214813e-10]
 [-1.83669770e-15 -1.83669770e-15 -1.83669770e-15 -1.83669770e-15]
 [ 8.52944060e-16 -9.36899511e+00  4.32593963e+00  8.52944060e-16]
 [ 2.29423303e-05  2.29423303e-05  8.25709971e-01  2.29423303e-05]
 [-3.70577548e+00 -3.70577548e+00 -3.70577548e+00 -3.70577548e+00]
 [-1.59792834e-08 -1.59792834e-08 -1.59792834e-08 -1.59792834e-08]
 [ 9.98214034e-10  9.98214034e-10  9.98214034e-10  9.98214034e-10]]
Train validation errors
[[1.1340411752141071e+27, 2.1986419780694182e+27], [1.1340403629369797e+27, 2.198640387280857e+27], [1.124089991847274e+27, 2.178246119110294e+27], [1.1340403629370045e+27, 2.198640387280968e+27]]
Population:
[[ 0.00000000e+00  0.00000000e+00  0.00000000e+00  0.00000000e+00]
 [ 7.07926191e+00  6.27937040e+00  7.07926191e+00  6.27937040e+00]
 [-2.28980078e-13  5.15629237e+00 -2.28980078e-13 -2.28980078e-13]
 [ 4.62010753e-11  4.62010753e-11  4.62010753e-11  4.62010753e-11]
 [-1.75214813e-10 -1.75214813e-10 -1.75214813e-10 -1.75214813e-10]
 [-1.83669770e-15 -1.83669770e-15 -1.83669770e-15 -1.83669770e-15]
 [ 4.32593963e+00  8.52944060e-16  4.32593963e+00  8.52944060e-16]
 [ 2.29423303e-05  8.25709971e-01  2.29423303e-05  3.16924773e+00]
 [-3.70577548e+00 -3.70577548e+00 -3.70577548e+00 -3.70577548e+00]
 [-1.59792834e-08 -1.59792834e-08  8.94880380e+00 -1.59792834e-08]
 [ 9.98214034e-10  9.98214034e-10  9.98214034e-10  9.98214034e-10]]
Train validation errors
[[1.1340403629363098e+27, 2.1986403872792762e+27], [1.1240899915775882e+27, 2.1782461185875703e+27], [1.5189512965865261e+31, 2.910159187640697e+31], [1.0961134266010778e+27, 2.1208800784509193e+27]]
