Starting all over again with new root population
No of generations: 10
Population size: 8
Mutation coefficient: 0.2
Split point: 7
One offspring per pair
Population:
[[ 0.00000000e+00  0.00000000e+00  0.00000000e+00  0.00000000e+00
   0.00000000e+00  0.00000000e+00  0.00000000e+00  0.00000000e+00]
 [ 6.27937040e+00 -1.45799022e-12 -1.45799022e-12 -9.75835723e+00
  -1.45799022e-12 -1.45799022e-12 -8.98587638e+00 -1.45799022e-12]
 [-2.28980078e-13 -2.28980078e-13 -2.17347038e+00 -2.28980078e-13
  -2.28980078e-13 -2.28980078e-13 -4.25719383e+00 -2.28980078e-13]
 [ 4.62010753e-11  4.62010753e-11  4.62010753e-11  4.62010753e-11
   4.62010753e-11  4.62010753e-11  4.62010753e-11 -4.17136006e+00]
 [-1.75214813e-10 -1.75214813e-10 -1.75214813e-10 -1.75214813e-10
  -1.75214813e-10 -1.75214813e-10 -1.75214813e-10 -1.75214813e-10]
 [-1.83669770e-15 -1.83669770e-15 -1.83669770e-15 -1.83669770e-15
  -1.83669770e-15 -1.83669770e-15 -1.83669770e-15 -1.83669770e-15]
 [ 8.52944060e-16  8.52944060e-16  8.52944060e-16  8.52944060e-16
   8.52944060e-16  8.52944060e-16  8.52944060e-16  8.52944060e-16]
 [ 2.29423303e-05  2.29423303e-05  2.29423303e-05  2.29423303e-05
   2.29423303e-05 -1.52574735e+00  2.29423303e-05  2.29423303e-05]
 [-2.04721003e-06 -2.04721003e-06 -2.04721003e-06 -2.04721003e-06
  -2.04721003e-06 -2.04721003e-06 -2.04721003e-06  5.02177686e-01]
 [-1.59792834e-08 -1.59792834e-08 -1.59792834e-08 -1.59792834e-08
  -1.59792834e-08 -1.59792834e-08 -1.59792834e-08 -1.59792834e-08]
 [ 9.98214034e-10 -6.41889788e+00  9.98214034e-10  8.64520413e+00
   9.98214034e-10  9.98214034e-10  9.98214034e-10  9.98214034e-10]]
Train validation errors
[[13504842102.92983, 368344514440.6409], [1.8699220255774645e+34, 3.537659418191892e+34], [13398896731.091145, 367223115707.8591], [3.391978321909553e+34, 6.417200232288855e+34], [13510723304.19212, 368296592820.6967], [8.320424354405312e+22, 1.6260266947579428e+23], [13309462541.590225, 366141689153.8224], [2.082519731335692e+25, 4.037521704900085e+25]]
Population:
[[ 0.00000000e+00  9.72667176e+00  0.00000000e+00  0.00000000e+00
   0.00000000e+00  0.00000000e+00  0.00000000e+00  0.00000000e+00]
 [ 6.27937040e+00 -1.45799022e-12  4.50931369e+00 -1.45799022e-12
  -1.45799022e-12 -1.45799022e-12 -1.45799022e-12 -8.98587638e+00]
 [-2.28980078e-13 -2.17347038e+00 -7.86082958e-01 -2.28980078e-13
  -2.17347038e+00 -2.28980078e-13 -2.28980078e-13 -4.25719383e+00]
 [ 4.62010753e-11  1.31367627e+00  4.62010753e-11  4.62010753e-11
   4.62010753e-11 -4.17136006e+00  4.62010753e-11  4.62010753e-11]
 [-1.75214813e-10  1.38711103e+00 -1.75214813e-10 -1.75214813e-10
  -1.75214813e-10 -1.75214813e-10 -1.75214813e-10 -1.75214813e-10]
 [-1.83669770e-15 -1.83669770e-15 -1.83669770e-15 -1.83669770e-15
  -1.83669770e-15 -1.83669770e-15 -1.83669770e-15 -1.83669770e-15]
 [ 8.52944060e-16  8.52944060e-16  8.52944060e-16  8.52944060e-16
  -8.29634412e+00 -1.14499322e+00  8.52944060e-16  8.52944060e-16]
 [ 2.29423303e-05  3.78539345e+00  2.29423303e-05  2.29423303e-05
   2.29423303e-05  2.29423303e-05  2.29423303e-05  2.29423303e-05]
 [-2.04721003e-06 -2.04721003e-06 -2.04721003e-06  2.79157591e+00
   5.02177686e-01 -2.04721003e-06 -2.04721003e-06 -2.04721003e-06]
 [-1.59792834e-08 -1.59792834e-08 -1.59792834e-08  9.23987186e+00
  -1.59792834e-08 -1.59792834e-08 -1.59792834e-08 -1.59792834e-08]
 [ 9.98214034e-10  9.98214034e-10  9.98214034e-10  9.98214034e-10
   9.98214034e-10  9.98214034e-10  9.98214034e-10 -6.41889788e+00]]
Train validation errors
[[13504842102.92983, 368344514440.6409], [5.121375218516338e+23, 1.0008530708669118e+24], [13464928067.090168, 367940843468.26984], [1.666626548125064e+31, 3.1964589729014477e+31], [2.0825198500520123e+25, 4.037521974248721e+25], [43088040242.88083, 307196763279.0731], [13510723304.19212, 368296592820.6967], [1.8699220255775542e+34, 3.5376594181920687e+34]]
Population:
[[ 0.00000000e+00 -6.61726765e+00  0.00000000e+00  0.00000000e+00
   0.00000000e+00  0.00000000e+00  0.00000000e+00  0.00000000e+00]
 [ 6.27937040e+00 -1.45799022e-12  9.22613994e+00 -1.45799022e-12
   6.27937040e+00  4.50931369e+00 -1.45799022e-12  4.50931369e+00]
 [-2.28980078e-13 -9.04192680e+00 -2.28980078e-13 -2.28980078e-13
  -2.28980078e-13 -7.86082958e-01 -2.28980078e-13 -7.86082958e-01]
 [ 4.62010753e-11  1.31367627e+00 -4.17136006e+00  9.42376367e+00
   4.62010753e-11  4.62010753e-11 -4.17136006e+00  4.62010753e-11]
 [-1.75214813e-10  1.38711103e+00 -1.75214813e-10  7.49099302e+00
   5.44707323e+00 -1.75214813e-10 -1.75214813e-10 -1.75214813e-10]
 [-1.83669770e-15 -5.57147756e+00 -1.83669770e-15 -1.83669770e-15
  -1.83669770e-15 -1.83669770e-15 -4.43670024e+00 -1.83669770e-15]
 [ 8.52944060e-16  8.52944060e-16 -1.14499322e+00  8.52944060e-16
  -6.19679306e-01  8.52944060e-16 -1.14499322e+00  3.89121487e+00]
 [ 3.78539345e+00  2.29423303e-05  2.29423303e-05  2.29423303e-05
   2.29423303e-05  2.29423303e-05  2.29423303e-05  6.90345244e+00]
 [-2.04721003e-06 -2.04721003e-06  2.79157591e+00 -2.04721003e-06
  -2.04721003e-06 -2.04721003e-06 -2.04721003e-06 -2.04721003e-06]
 [-8.13177461e-01 -1.59792834e-08  9.23987186e+00 -1.59792834e-08
  -1.59792834e-08 -1.59792834e-08 -1.59792834e-08 -1.87256140e+00]
 [ 9.98214034e-10  9.98214034e-10 -8.62247799e+00  9.98214034e-10
   9.98214034e-10  9.98214034e-10  9.98214034e-10  9.98214034e-10]]
Train validation errors
[[1.2702668799095341e+29, 2.4350955963230964e+29], [1.1380372280620978e+43, 1.158074072349548e+43], [3.2285482823511707e+34, 6.101185773230029e+34], [195331780070540.2, 385785934711329.94], [99660728632789.66, 195876696167035.2], [13464928067.090168, 367940843468.26984], [7.216653816316132e+42, 7.343713779934545e+42], [6.741510905754283e+29, 1.2923566236802163e+30]]
Population:
[[ 0.00000000e+00  0.00000000e+00 -2.33617593e+00 -6.61726765e+00
   0.00000000e+00  0.00000000e+00  0.00000000e+00  0.00000000e+00]
 [-1.45799022e-12  6.27937040e+00 -1.45799022e-12 -1.45799022e-12
   4.50931369e+00  6.27937040e+00  9.22613994e+00  6.27937040e+00]
 [-2.28980078e-13 -2.28980078e-13 -2.28980078e-13 -9.04192680e+00
  -7.86082958e-01 -2.28980078e-13 -2.28980078e-13 -2.28980078e-13]
 [ 9.42376367e+00  4.62010753e-11  9.42376367e+00  1.31367627e+00
   4.62010753e-11  4.62010753e-11 -7.09022101e-01  4.62010753e-11]
 [ 7.49099302e+00 -1.75214813e-10  7.49099302e+00  1.87406404e+00
  -1.75214813e-10 -1.75214813e-10 -1.75214813e-10  5.44707323e+00]
 [-1.83669770e-15 -1.83669770e-15 -1.83669770e-15 -5.57147756e+00
  -1.83669770e-15 -1.83669770e-15 -1.83669770e-15 -1.83669770e-15]
 [ 8.52944060e-16  8.52944060e-16  8.52944060e-16  8.52944060e-16
   8.52944060e-16  8.52944060e-16 -1.14499322e+00 -6.19679306e-01]
 [ 3.78539345e+00  2.29423303e-05  2.29423303e-05  2.29423303e-05
   3.78539345e+00  7.07926191e+00  2.29423303e-05  2.29423303e-05]
 [-3.84141571e+00 -2.04721003e-06 -2.04721003e-06 -2.04721003e-06
  -2.04721003e-06 -2.04721003e-06 -2.04721003e-06  2.79157591e+00]
 [-8.13177461e-01 -1.59792834e-08 -1.59792834e-08 -6.16439167e+00
  -8.13177461e-01 -1.59792834e-08 -1.59792834e-08  9.23987186e+00]
 [ 9.98214034e-10  9.98214034e-10  9.98214034e-10  9.98214034e-10
   9.98214034e-10  9.98214034e-10  9.98214034e-10 -8.62247799e+00]]
Train validation errors
[[1.5236822889245118e+29, 2.9380452996340772e+29], [13504842102.92983, 368344514440.6409], [195331745314259.72, 385785879362125.4], [1.1380388665097336e+43, 1.1580763259446438e+43], [1.270266879913401e+29, 2.435095596331786e+29], [1.791184551038294e+24, 3.5004470200058965e+24], [14343457111.101513, 350589779691.1733], [3.2285482820175793e+34, 6.101185772578463e+34]]
Population:
[[ 0.00000000e+00  0.00000000e+00  0.00000000e+00  0.00000000e+00
   0.00000000e+00 -2.33617593e+00  0.00000000e+00  0.00000000e+00]
 [ 6.27937040e+00 -1.45799022e-12  9.22613994e+00 -1.45799022e-12
   9.22613994e+00 -5.22172968e+00  6.27937040e+00  6.27937040e+00]
 [-2.28980078e-13 -2.28980078e-13 -2.28980078e-13 -2.28980078e-13
   8.54498875e+00 -2.28980078e-13 -2.28980078e-13 -9.15206003e+00]
 [ 4.62010753e-11  9.42376367e+00 -7.09022101e-01  9.42376367e+00
   2.57988510e-02  9.42376367e+00  4.62010753e-11  4.62010753e-11]
 [-1.75214813e-10  7.49099302e+00 -1.75214813e-10  7.49099302e+00
  -1.75214813e-10  7.49099302e+00 -1.75214813e-10 -1.75214813e-10]
 [-1.83669770e-15 -1.83669770e-15 -1.83669770e-15 -1.83669770e-15
  -1.83669770e-15 -1.83669770e-15 -1.83669770e-15 -1.83669770e-15]
 [ 8.52944060e-16  8.52944060e-16 -1.14499322e+00  8.52944060e-16
  -1.14499322e+00  8.52944060e-16  8.52944060e-16  8.52944060e-16]
 [ 3.78539345e+00  2.29423303e-05  3.78539345e+00  2.29423303e-05
   2.29423303e-05  2.29423303e-05  7.07926191e+00  2.29423303e-05]
 [-3.84141571e+00 -2.04721003e-06 -3.84141571e+00 -2.04721003e-06
  -2.04721003e-06  5.15629237e+00 -2.04721003e-06 -2.04721003e-06]
 [-8.13177461e-01 -1.59792834e-08 -8.13177461e-01 -1.59792834e-08
  -1.59792834e-08 -1.59792834e-08 -1.59792834e-08 -1.59792834e-08]
 [-6.96973189e+00  9.98214034e-10  9.98214034e-10  9.98214034e-10
   9.98214034e-10  9.98214034e-10  9.98214034e-10  9.98214034e-10]]
Train validation errors
[[2.2160641452007127e+34, 4.193028765216796e+34], [195331780070540.2, 385785934711329.94], [1.5236823841497102e+29, 2.9380455009553022e+29], [195331780070540.2, 385785934711329.94], [14042830667.395557, 373465842208.1325], [2.195565735115908e+27, 4.256691234918431e+27], [1.791184551038294e+24, 3.5004470200058965e+24], [13095792829.0074, 363917844622.1876]]
Population:
[[ 0.00000000e+00  0.00000000e+00  0.00000000e+00  0.00000000e+00
   0.00000000e+00 -1.13489630e-01  0.00000000e+00 -2.33617593e+00]
 [-1.45799022e-12  6.27937040e+00  6.27937040e+00  6.27937040e+00
   6.27937040e+00  6.27937040e+00  9.22613994e+00 -5.22172968e+00]
 [-2.28980078e-13 -2.28980078e-13 -9.15206003e+00 -2.28980078e-13
  -9.15206003e+00 -2.28980078e-13  8.54498875e+00 -2.28980078e-13]
 [ 9.42376367e+00  4.62010753e-11  4.62010753e-11  4.62010753e-11
   4.62010753e-11  4.62010753e-11  2.76751395e+00  6.90749189e+00]
 [ 7.49099302e+00 -1.75214813e-10 -1.75214813e-10 -7.61647816e+00
  -1.75214813e-10 -1.75214813e-10 -1.75214813e-10  7.49099302e+00]
 [-1.83669770e-15 -1.83669770e-15 -1.83669770e-15 -1.83669770e-15
  -1.83669770e-15 -1.83669770e-15 -1.83669770e-15 -1.83669770e-15]
 [ 8.52944060e-16  8.52944060e-16  8.52944060e-16  8.52944060e-16
   8.52944060e-16  8.52944060e-16 -1.14499322e+00  8.52944060e-16]
 [ 7.07926191e+00  2.29423303e-05  7.07926191e+00  2.29423303e-05
   7.07926191e+00  2.29423303e-05  3.62255145e+00  2.29423303e-05]
 [-2.04721003e-06 -2.04721003e-06 -2.04721003e-06 -8.81721346e+00
   1.15675626e+00 -2.04721003e-06  5.15629237e+00  1.25009950e+00]
 [-1.59792834e-08 -1.59792834e-08 -1.59792834e-08 -4.65616156e+00
  -1.59792834e-08  4.73599857e+00 -1.59792834e-08 -1.59792834e-08]
 [ 9.98214034e-10  9.98214034e-10  9.98214034e-10  9.98214034e-10
  -8.13918614e+00  9.98214034e-10  9.98214034e-10  9.98214034e-10]]
Train validation errors
[[1.7912159446345873e+24, 3.5005178084353365e+24], [13504842102.92983, 368344514440.6409], [1.7911845356116337e+24, 3.500446981906408e+24], [4.505402053670834e+30, 8.659614608854613e+30], [3.006115219422344e+34, 5.687181933689524e+34], [4.325938872875066e+30, 8.293179157580871e+30], [2.2569250225191627e+27, 4.382394366553173e+27], [1.2905129767912278e+26, 2.5020046147306975e+26]]
Population:
[[ 0.00000000e+00 -2.33617593e+00  0.00000000e+00  0.00000000e+00
   0.00000000e+00  0.00000000e+00  0.00000000e+00  0.00000000e+00]
 [-1.45799022e-12 -5.22172968e+00 -1.45799022e-12  6.27937040e+00
   6.27937040e+00  6.27937040e+00  6.27937040e+00  6.27937040e+00]
 [ 1.07914099e+00 -2.28980078e-13 -2.28980078e-13 -9.15206003e+00
  -9.15206003e+00 -2.28980078e-13 -2.28980078e-13 -9.15206003e+00]
 [ 9.42376367e+00  6.90749189e+00  9.42376367e+00  4.62010753e-11
   4.62010753e-11  4.62010753e-11  4.62010753e-11  4.62010753e-11]
 [ 7.49099302e+00  7.49099302e+00  7.49099302e+00 -1.75214813e-10
  -1.75214813e-10 -1.75214813e-10 -1.75214813e-10 -4.89960875e+00]
 [ 7.44944825e+00 -1.83669770e-15 -1.83669770e-15 -1.83669770e-15
  -1.83669770e-15 -1.83669770e-15 -1.83669770e-15 -1.83669770e-15]
 [ 8.52944060e-16  8.52944060e-16  8.52944060e-16  8.52944060e-16
   7.12107130e+00  8.52944060e-16  8.52944060e-16  8.52944060e-16]
 [ 2.29423303e-05  7.07926191e+00  7.07926191e+00  7.07926191e+00
   6.58161288e+00  7.07926191e+00  7.07926191e+00  2.29423303e-05]
 [ 1.25009950e+00 -2.04721003e-06 -2.04721003e-06 -2.04721003e-06
  -2.04721003e-06 -2.04721003e-06 -2.04721003e-06 -2.04721003e-06]
 [-1.59792834e-08 -1.59792834e-08 -1.59792834e-08 -1.59792834e-08
  -1.59792834e-08 -1.59792834e-08 -7.94834726e+00 -1.59792834e-08]
 [ 9.98214034e-10  8.43588207e+00  9.98214034e-10  9.98214034e-10
   9.98214034e-10  9.98214034e-10  9.98214034e-10  9.98214034e-10]]
Train validation errors
[[2.0345291450120487e+43, 2.070350071127048e+43], [3.2297564683838282e+34, 6.110301105113735e+34], [1.7912159446345873e+24, 3.5005178084353365e+24], [1.7911845356116337e+24, 3.500446981906408e+24], [1.5482062835388456e+24, 3.0256034862741677e+24], [1.791184551038294e+24, 3.5004470200058965e+24], [1.2175298432865087e+31, 2.3340842905819966e+31], [80310690561161.3, 145025390560737.1]]
Population:
[[-2.33617593e+00  0.00000000e+00  0.00000000e+00  0.00000000e+00
   0.00000000e+00  0.00000000e+00  9.22299594e+00  0.00000000e+00]
 [-5.22172968e+00  6.27937040e+00  6.27937040e+00  6.27937040e+00
   6.27937040e+00  6.27937040e+00  7.63640165e+00  6.27937040e+00]
 [-6.72620256e-01 -2.28980078e-13 -2.28980078e-13 -9.15206003e+00
  -9.15206003e+00 -9.15206003e+00 -9.15206003e+00 -9.15206003e+00]
 [ 6.90749189e+00  4.62010753e-11  4.62010753e-11  4.62010753e-11
   4.62010753e-11  4.62010753e-11  4.62010753e-11  4.62010753e-11]
 [ 7.49099302e+00 -1.75214813e-10 -1.75214813e-10 -1.75214813e-10
  -1.75214813e-10 -1.75214813e-10 -1.75214813e-10 -4.89960875e+00]
 [-1.83669770e-15 -1.83669770e-15 -1.83669770e-15 -1.83669770e-15
  -1.83669770e-15 -1.83669770e-15 -4.77299554e+00 -1.83669770e-15]
 [ 8.52944060e-16  8.52944060e-16 -5.37404296e+00  8.52944060e-16
   7.12107130e+00  8.52944060e-16  8.52944060e-16  8.52944060e-16]
 [ 7.07926191e+00  7.07926191e+00  7.07926191e+00  7.07926191e+00
   7.07926191e+00  6.58161288e+00  2.29423303e-05  7.07926191e+00]
 [-2.04721003e-06 -2.04721003e-06 -2.04721003e-06 -2.04721003e-06
  -2.04721003e-06 -2.04721003e-06 -2.04721003e-06 -2.04721003e-06]
 [-7.94834726e+00 -1.59792834e-08 -1.59792834e-08 -7.94834726e+00
  -1.59792834e-08 -1.59792834e-08 -1.59792834e-08 -1.59792834e-08]
 [ 9.98214034e-10  8.43588207e+00  9.98214034e-10  9.98214034e-10
   9.98214034e-10  9.98214034e-10  9.98214034e-10  9.98214034e-10]]
Train validation errors
[[1.2175298349528149e+31, 2.3340842728144043e+31], [3.229756467924123e+34, 6.110301104213899e+34], [1.7911845510386943e+24, 3.5004470200082083e+24], [1.217529843290684e+31, 2.3340842905914514e+31], [1.7911845356111033e+24, 3.500446981903346e+24], [1.5482062835393387e+24, 3.0256034862770137e+24], [8.352139822528828e+42, 8.499191712365512e+42], [1.7911646218604328e+24, 3.500401884830524e+24]]
Population:
[[ 0.00000000e+00  9.22299594e+00  0.00000000e+00 -2.33617593e+00
   0.00000000e+00  0.00000000e+00  0.00000000e+00  6.43546951e+00]
 [ 6.27937040e+00  7.63640165e+00  6.27937040e+00 -5.22172968e+00
   6.27937040e+00  3.47911940e+00  6.27937040e+00  6.27937040e+00]
 [-9.15206003e+00  8.22689384e+00 -9.15206003e+00 -6.72620256e-01
  -7.76655759e+00 -9.15206003e+00 -9.15206003e+00 -9.15206003e+00]
 [ 4.62010753e-11  4.62010753e-11  4.62010753e-11  6.90749189e+00
   4.62010753e-11  3.27890300e+00  4.62010753e-11 -9.48942868e+00]
 [-1.75214813e-10 -1.75214813e-10 -1.75214813e-10  7.49099302e+00
  -4.89960875e+00 -1.75214813e-10 -4.89960875e+00 -1.75214813e-10]
 [-1.83669770e-15 -4.77299554e+00 -1.83669770e-15 -1.16649467e+00
  -6.78834445e+00 -1.83669770e-15 -1.83669770e-15 -1.83669770e-15]
 [ 8.52944060e-16  8.52944060e-16  8.52944060e-16  8.52944060e-16
   8.52944060e-16  7.12107130e+00  8.52944060e-16  8.52944060e-16]
 [ 7.79726985e+00  6.58161288e+00  7.07926191e+00  6.58161288e+00
   7.07926191e+00  2.86113253e+00  7.07926191e+00  7.07926191e+00]
 [-2.04721003e-06 -2.04721003e-06 -2.04721003e-06 -2.04721003e-06
  -2.04721003e-06 -2.04721003e-06 -2.04721003e-06 -3.68257124e+00]
 [-1.59792834e-08 -1.59792834e-08 -7.94834726e+00 -1.59792834e-08
  -1.59792834e-08 -1.59792834e-08  4.73422133e+00 -1.59792834e-08]
 [ 9.98214034e-10  5.63567977e+00  9.98214034e-10  9.98214034e-10
   4.74319810e+00  9.98214034e-10  9.98214034e-10  9.98214034e-10]]
Train validation errors
[[2.1729501265199104e+24, 4.2465174762802316e+24], [8.3515072266901e+42, 8.498328641050772e+42], [1.217529843290684e+31, 2.3340842905914514e+31], [4.9886290971430395e+41, 5.0764613537995135e+41], [1.689366873232296e+43, 1.7190844433252967e+43], [2.9257443100970087e+23, 5.717679339876669e+23], [4.3282297401316955e+30, 8.297691031323836e+30], [1.0366886469404517e+27, 2.0005265552659982e+27]]
Population:
[[ 6.43546951e+00 -2.33617593e+00  6.43546951e+00  0.00000000e+00
   6.43546951e+00  0.00000000e+00  6.43546951e+00  0.00000000e+00]
 [ 6.27937040e+00 -5.22172968e+00  6.27937040e+00  3.47911940e+00
   6.27937040e+00  6.27937040e+00  6.27937040e+00  6.27937040e+00]
 [-9.15206003e+00 -6.72620256e-01 -9.15206003e+00 -9.15206003e+00
  -9.15206003e+00 -9.15206003e+00  9.69405699e+00 -9.15206003e+00]
 [-9.48942868e+00  6.90749189e+00 -9.48942868e+00  3.27890300e+00
  -9.48942868e+00  4.62010753e-11 -7.43165184e+00 -1.55452271e+00]
 [-1.75214813e-10  7.49099302e+00  3.09855344e+00 -1.75214813e-10
  -1.75214813e-10 -4.89960875e+00 -1.75214813e-10 -1.75214813e-10]
 [-1.83669770e-15 -1.16649467e+00 -1.83669770e-15 -1.83669770e-15
  -1.83669770e-15 -3.70267827e+00 -1.83669770e-15 -1.83669770e-15]
 [ 8.52944060e-16  8.52944060e-16  8.52944060e-16  7.12107130e+00
   8.52944060e-16  6.63346431e-01  8.52944060e-16  2.71560581e+00]
 [ 6.58161288e+00  7.07926191e+00  2.86113253e+00  7.07926191e+00
   7.07926191e+00  7.07926191e+00  7.79726985e+00  2.99492682e+00]
 [-2.04721003e-06 -3.68257124e+00 -2.04721003e-06 -3.68257124e+00
   6.56320356e+00 -3.68257124e+00 -2.04721003e-06 -3.68257124e+00]
 [-1.59792834e-08 -1.59792834e-08 -1.59792834e-08 -1.59792834e-08
   4.73422133e+00 -1.59792834e-08  5.81420775e+00 -1.59792834e-08]
 [ 3.89310915e+00  9.98214034e-10  9.98214034e-10  2.45828488e-01
   9.98214034e-10  9.98214034e-10  9.98214034e-10  9.98214034e-10]]
Train validation errors
[[6.878729658164091e+33, 1.301371808049093e+34], [4.988629511739238e+41, 5.076461928704551e+41], [2.925790020363512e+23, 5.717784532220039e+23], [2.7091590078863556e+31, 5.124643173697173e+31], [4.572358938870465e+30, 8.782644080102987e+30], [5.0262914178828884e+42, 5.114786828402386e+42], [6.527350701421577e+30, 1.2513628399080821e+31], [1.0842500057542287e+27, 2.098137035633326e+27]]
