Fitness funtion: -1 * (train_validation_error[:, 1] + train_validation_error[:, 0])
Initialed with the best that we have until now
Starting all over again with new root population
No of generations: 5
Population size: 10
Mutation coefficient: 0.2
Split point: 7
Two offspring per pair
Population:
[[ 0.00000000e+00 -5.68633399e-01  2.20698798e-01  0.00000000e+00
   0.00000000e+00  0.00000000e+00 -5.68633399e-01 -6.10270969e-01
  -6.30413477e-01 -4.95193778e-01]
 [-1.76734494e-12 -1.45799022e-12 -1.45799022e-12 -2.16374173e-12
  -1.45799022e-12 -1.82883553e-12 -1.45799022e-12 -2.29440194e-12
  -2.54354814e-12 -1.18573410e-12]
 [-2.28980078e-13 -2.28980078e-13 -2.85271995e-13 -2.92698190e-13
  -2.85271995e-13 -3.53448882e-13 -2.28980078e-13 -2.55302735e-13
  -3.04026898e-13 -1.80438403e-13]
 [ 4.62010753e-11  4.62010753e-11  5.96024935e-11  5.18810623e-11
   4.06797610e-11  3.40379806e-11  4.62010753e-11  4.56360385e-11
   4.62010753e-11  4.85314567e-11]
 [-1.30750534e-10 -1.80991365e-10 -1.44520725e-10 -1.17162629e-10
  -1.80991365e-10 -1.31510169e-10 -6.32167507e-11 -1.28255307e-10
  -1.07867851e-10 -1.30750534e-10]
 [-1.83669770e-15 -1.83669770e-15 -2.66631090e-15 -9.17346178e-16
  -2.05338557e-15 -1.14783374e-15 -1.62259254e-15 -9.69631610e-16
  -1.04502772e-15 -9.69631610e-16]
 [ 8.19617556e-16  9.13757823e-16  1.01780499e-15  8.02868015e-16
   7.34851835e-16  9.23124296e-16  8.22496052e-16  7.85465239e-16
   7.85465239e-16  8.12607258e-16]
 [ 2.29423303e-05  2.29423303e-05  3.14770964e-05  2.29423303e-05
   2.29423303e-05  2.29423303e-05  3.10296142e-05  2.38244361e-05
   2.29423303e-05  3.10296142e-05]
 [-2.04721003e-06 -2.01955966e-06 -2.01955966e-06 -3.15482377e-06
  -2.13618885e-06 -2.01955966e-06 -2.01955966e-06 -2.29014691e-06
  -2.70513056e-06 -2.01955966e-06]
 [-1.59792834e-08 -1.44001662e-08 -7.55777686e-09 -7.71437221e-09
  -7.03680904e-09 -7.38414433e-09 -7.98563570e-09 -1.59792834e-08
  -1.71922615e-08 -1.44001662e-08]
 [ 9.98214034e-10  9.52001877e-10  9.84737859e-10  1.01770829e-09
   9.39439452e-10  9.98214034e-10  8.69573901e-10  1.03250906e-09
   9.52001877e-10  9.74756674e-10]]
Train validation errors
[[13510723306.466742, 368296592886.55035], [29243441077.32705, 301622652642.8264], [23387133123188.17, 53302148966624.49], [32868957702271.28, 57487722710166.266], [3455310395329.9717, 8520231646375.57], [19396068278115.863, 40697856545778.11], [7657673972088.146, 16887103814157.13], [840541355353.9829, 1368952621681.7876], [49710280876070.5, 92235547939852.61], [6007288796405.839, 13308927559180.143]]
Selected parents:
[[ 0.00000000e+00 -1.76734494e-12 -2.28980078e-13  4.62010753e-11
  -1.30750534e-10 -1.83669770e-15  8.19617556e-16  2.29423303e-05
  -2.04721003e-06 -1.59792834e-08  9.98214034e-10]
 [-5.68633399e-01 -1.45799022e-12 -2.28980078e-13  4.62010753e-11
  -1.80991365e-10 -1.83669770e-15  9.13757823e-16  2.29423303e-05
  -2.01955966e-06 -1.44001662e-08  9.52001877e-10]
 [ 0.00000000e+00 -1.45799022e-12 -2.85271995e-13  4.06797610e-11
  -1.80991365e-10 -2.05338557e-15  7.34851835e-16  2.29423303e-05
  -2.13618885e-06 -7.03680904e-09  9.39439452e-10]
 [-5.68633399e-01 -1.45799022e-12 -2.28980078e-13  4.62010753e-11
  -6.32167507e-11 -1.62259254e-15  8.22496052e-16  3.10296142e-05
  -2.01955966e-06 -7.98563570e-09  8.69573901e-10]
 [-6.10270969e-01 -2.29440194e-12 -2.55302735e-13  4.56360385e-11
  -1.28255307e-10 -9.69631610e-16  7.85465239e-16  2.38244361e-05
  -2.29014691e-06 -1.59792834e-08  1.03250906e-09]
 [-4.95193778e-01 -1.18573410e-12 -1.80438403e-13  4.85314567e-11
  -1.30750534e-10 -9.69631610e-16  8.12607258e-16  3.10296142e-05
  -2.01955966e-06 -1.44001662e-08  9.74756674e-10]]Population:
[[ 0.00000000e+00 -5.68633399e-01 -5.68633399e-01 -5.14745987e-01
  -3.51463550e-01 -4.95193778e-01 -6.10270969e-01 -5.98008572e-01
   0.00000000e+00  7.28989033e-01]
 [-1.76734494e-12 -1.45799022e-12 -2.00679062e-12 -1.27606390e-12
  -9.78108603e-13 -1.48769131e-12 -1.84622618e-12 -2.29440194e-12
  -2.35334982e-12 -1.45799022e-12]
 [-2.28980078e-13 -2.28980078e-13 -2.28980078e-13 -2.28980078e-13
  -2.28980078e-13 -1.48966535e-13 -3.13342291e-13 -2.28980078e-13
  -2.30613313e-13 -2.85271995e-13]
 [ 4.62010753e-11  4.62010753e-11  4.62010753e-11  4.62010753e-11
   4.11020123e-11  4.90016834e-11  3.75703513e-11  4.62010753e-11
   3.73884890e-11  4.36643684e-11]
 [-1.30750534e-10 -1.80991365e-10 -1.80991365e-10 -1.80991365e-10
  -5.66751283e-11 -1.39274837e-10 -1.82837683e-10 -6.32167507e-11
  -1.80991365e-10 -1.80991365e-10]
 [-1.83669770e-15 -1.83669770e-15 -2.31163177e-15 -2.49096629e-15
  -2.17144810e-15 -1.83669770e-15 -9.69631610e-16 -1.62259254e-15
  -2.05338557e-15 -1.34171257e-15]
 [ 8.19617556e-16  9.13757823e-16  8.39027742e-16  8.70958927e-16
   8.19617556e-16  8.78906635e-16  7.80366129e-16  8.22496052e-16
   7.34851835e-16  6.78521596e-16]
 [ 2.29423303e-05  2.29423303e-05  2.29423303e-05  2.29423303e-05
   3.14596973e-05  2.20913334e-05  3.15574211e-05  2.57539846e-05
   2.90902923e-05  1.98886766e-05]
 [-2.04721003e-06 -2.01955966e-06 -2.04721003e-06 -1.50012018e-06
  -1.62317566e-06 -2.01955966e-06 -2.29014691e-06 -1.97397342e-06
  -2.13618885e-06 -2.01955966e-06]
 [-1.59792834e-08 -1.44001662e-08 -1.44001662e-08 -1.44001662e-08
  -2.34161919e-08 -1.44001662e-08 -1.59792834e-08 -7.75431992e-09
  -7.03680904e-09 -2.23632494e-08]
 [ 9.98214034e-10  9.52001877e-10  9.98214034e-10  9.17102681e-10
   9.98214034e-10  9.98214034e-10  1.48917556e-09  8.66774584e-10
   9.39439452e-10  9.52001877e-10]]
Train validation errors
[[13510723306.466742, 368296592886.55035], [29243441077.32705, 301622652642.8264], [224312700768.54965, 1441439217183.9495], [12914528897459.002, 31133632327459.895], [4364846468801.954, 11125964722204.184], [632393975148.281, 2445469770740.2407], [106678070148000.47, 209820484564913.97], [4829662149124.256, 11292652118776.17], [9057630544729.611, 20427561926594.527], [14672932257913.281, 25358103042387.496]]
Selected parents:
[[ 0.00000000e+00 -1.76734494e-12 -2.28980078e-13  4.62010753e-11
  -1.30750534e-10 -1.83669770e-15  8.19617556e-16  2.29423303e-05
  -2.04721003e-06 -1.59792834e-08  9.98214034e-10]
 [-5.68633399e-01 -1.45799022e-12 -2.28980078e-13  4.62010753e-11
  -1.80991365e-10 -1.83669770e-15  9.13757823e-16  2.29423303e-05
  -2.01955966e-06 -1.44001662e-08  9.52001877e-10]
 [-5.68633399e-01 -2.00679062e-12 -2.28980078e-13  4.62010753e-11
  -1.80991365e-10 -2.31163177e-15  8.39027742e-16  2.29423303e-05
  -2.04721003e-06 -1.44001662e-08  9.98214034e-10]
 [-3.51463550e-01 -9.78108603e-13 -2.28980078e-13  4.11020123e-11
  -5.66751283e-11 -2.17144810e-15  8.19617556e-16  3.14596973e-05
  -1.62317566e-06 -2.34161919e-08  9.98214034e-10]
 [-4.95193778e-01 -1.48769131e-12 -1.48966535e-13  4.90016834e-11
  -1.39274837e-10 -1.83669770e-15  8.78906635e-16  2.20913334e-05
  -2.01955966e-06 -1.44001662e-08  9.98214034e-10]
 [-5.98008572e-01 -2.29440194e-12 -2.28980078e-13  4.62010753e-11
  -6.32167507e-11 -1.62259254e-15  8.22496052e-16  2.57539846e-05
  -1.97397342e-06 -7.75431992e-09  8.66774584e-10]]Population:
[[ 0.00000000e+00 -5.68633399e-01 -5.98008572e-01 -5.98008572e-01
  -7.66864824e-01 -5.98008572e-01 -6.16565140e-01 -2.85067520e-01
  -2.64288287e-01 -3.63203069e-01]
 [-1.76734494e-12 -1.45799022e-12 -9.78108603e-13 -9.78108603e-13
  -2.88341461e-12 -2.19655248e-12 -9.78108603e-13 -2.53138851e-12
  -9.93186677e-13 -1.34525731e-12]
 [-2.28980078e-13 -2.28980078e-13 -2.28980078e-13 -1.49649265e-13
  -2.62271319e-13 -2.02818664e-13 -1.90211862e-13 -2.28980078e-13
  -2.84445761e-13 -2.28980078e-13]
 [ 4.62010753e-11  4.62010753e-11  4.62010753e-11  4.92148273e-11
   4.62010753e-11  4.62010753e-11  5.07748363e-11  4.11020123e-11
   4.08241460e-11  4.44027213e-11]
 [-1.30750534e-10 -1.80991365e-10 -6.32167507e-11 -6.88664770e-11
  -1.30750534e-10 -6.54961548e-11 -6.32167507e-11 -6.32167507e-11
  -1.96817789e-10 -1.84794232e-10]
 [-1.83669770e-15 -1.83669770e-15 -1.62259254e-15 -2.17144810e-15
  -1.83669770e-15 -1.62259254e-15 -2.37124790e-15 -1.62259254e-15
  -2.17144810e-15 -1.22987784e-15]
 [ 8.19617556e-16  9.13757823e-16  8.22496052e-16  8.72734742e-16
   8.54007205e-16  9.09935051e-16  8.12860041e-16  8.22496052e-16
   8.19617556e-16  9.13757823e-16]
 [ 2.29423303e-05  2.29423303e-05  2.57539846e-05  3.14596973e-05
   2.40994191e-05  2.29423303e-05  3.14596973e-05  2.42364248e-05
   3.83130418e-05  2.29423303e-05]
 [-2.04721003e-06 -2.01955966e-06 -1.62317566e-06 -1.23423791e-06
  -2.04721003e-06 -1.42324798e-06 -2.61080520e-06 -1.62317566e-06
  -1.62317566e-06 -1.65549140e-06]
 [-1.59792834e-08 -1.44001662e-08 -2.34161919e-08 -7.75431992e-09
  -7.75431992e-09 -2.34442441e-08 -7.74653809e-09 -2.34161919e-08
  -2.34161919e-08 -1.44001662e-08]
 [ 9.98214034e-10  9.52001877e-10  9.47378356e-10  9.98214034e-10
   8.66774584e-10  8.66774584e-10  8.66774584e-10  9.26821683e-10
   1.06201545e-09  1.03460784e-09]]
Train validation errors
[[13510723306.466742, 368296592886.55035], [29243441077.32705, 301622652642.8264], [552775547310.6741, 459925897941.63855], [151813771982027.28, 315443410350617.0], [1488670778305.4954, 3620115008541.632], [998760849702.4446, 88480640616.18811], [11431697392169.867, 13164919946165.148], [897569443823.6627, 228247248900.68732], [21505720123091.484, 48980151886177.17], [28594815662309.355, 59697644613629.086]]
Selected parents:
[[ 0.00000000e+00 -1.76734494e-12 -2.28980078e-13  4.62010753e-11
  -1.30750534e-10 -1.83669770e-15  8.19617556e-16  2.29423303e-05
  -2.04721003e-06 -1.59792834e-08  9.98214034e-10]
 [-5.68633399e-01 -1.45799022e-12 -2.28980078e-13  4.62010753e-11
  -1.80991365e-10 -1.83669770e-15  9.13757823e-16  2.29423303e-05
  -2.01955966e-06 -1.44001662e-08  9.52001877e-10]
 [-5.98008572e-01 -9.78108603e-13 -2.28980078e-13  4.62010753e-11
  -6.32167507e-11 -1.62259254e-15  8.22496052e-16  2.57539846e-05
  -1.62317566e-06 -2.34161919e-08  9.47378356e-10]
 [-7.66864824e-01 -2.88341461e-12 -2.62271319e-13  4.62010753e-11
  -1.30750534e-10 -1.83669770e-15  8.54007205e-16  2.40994191e-05
  -2.04721003e-06 -7.75431992e-09  8.66774584e-10]
 [-5.98008572e-01 -2.19655248e-12 -2.02818664e-13  4.62010753e-11
  -6.54961548e-11 -1.62259254e-15  9.09935051e-16  2.29423303e-05
  -1.42324798e-06 -2.34442441e-08  8.66774584e-10]
 [-2.85067520e-01 -2.53138851e-12 -2.28980078e-13  4.11020123e-11
  -6.32167507e-11 -1.62259254e-15  8.22496052e-16  2.42364248e-05
  -1.62317566e-06 -2.34161919e-08  9.26821683e-10]]Population:
[[ 0.00000000e+00 -5.68633399e-01 -2.85067520e-01 -2.85067520e-01
  -2.85067520e-01 -5.67611136e-01 -5.84783740e-01 -5.98008572e-01
   0.00000000e+00 -5.68633399e-01]
 [-1.76734494e-12 -1.45799022e-12 -2.53138851e-12 -2.53138851e-12
  -1.45799022e-12 -2.54458476e-12 -2.53138851e-12 -9.07848799e-13
  -1.45799022e-12 -1.45799022e-12]
 [-2.28980078e-13 -2.28980078e-13 -1.43466112e-13 -2.02818664e-13
  -2.80720089e-13 -2.50787102e-13 -2.14657841e-13 -1.99388254e-13
  -2.28980078e-13 -1.56144918e-13]
 [ 4.62010753e-11  4.62010753e-11  4.62010753e-11  4.62010753e-11
   4.11020123e-11  4.62010753e-11  4.91685012e-11  5.33094062e-11
   4.62010753e-11  4.62010753e-11]
 [-1.30750534e-10 -1.80991365e-10 -6.32167507e-11 -5.82329897e-11
  -6.33825188e-11 -2.57127807e-10 -6.32167507e-11 -6.29257145e-11
  -1.30750534e-10 -2.02018234e-10]
 [-1.83669770e-15 -1.83669770e-15 -1.62259254e-15 -9.34222781e-16
  -1.83669770e-15 -1.83669770e-15 -1.62259254e-15 -1.62259254e-15
  -2.23771204e-15 -2.57646449e-15]
 [ 8.19617556e-16  9.13757823e-16  9.27471255e-16  9.22505975e-16
   7.47948216e-16  9.13757823e-16  8.22496052e-16  8.22496052e-16
   8.99786314e-16  9.05213261e-16]
 [ 2.29423303e-05  2.29423303e-05  2.42364248e-05  3.14536173e-05
   2.42364248e-05  2.29423303e-05  2.42364248e-05  2.42364248e-05
   2.65878411e-05  2.82097959e-05]
 [-2.04721003e-06 -2.01955966e-06 -9.56714501e-07 -1.42324798e-06
  -2.01955966e-06 -1.62317566e-06 -2.47965349e-06 -1.62317566e-06
  -1.93915241e-06 -2.09367665e-06]
 [-1.59792834e-08 -1.44001662e-08 -2.34161919e-08 -2.34442441e-08
  -1.86077189e-08 -1.44001662e-08 -2.34161919e-08 -2.81751539e-08
  -1.61594920e-08 -1.85126145e-08]
 [ 9.98214034e-10  9.52001877e-10  8.66774584e-10  8.66774584e-10
   9.26821683e-10  9.52001877e-10  9.47378356e-10  8.85370460e-10
   1.02177078e-09  9.52001877e-10]]
Train validation errors
[[13510723306.466742, 368296592886.55035], [29243441077.32705, 301622652642.8264], [19382152754054.04, 39687722224249.44], [3138922917807.364, 7018916891943.531], [4718511338172.962, 6832326398905.916], [12645754078455.473, 29044342753267.6], [61796422146246.86, 112908647339668.7], [13355424565588.098, 20251403112926.57], [3494631439082.791, 9770818331477.797], [3835398581545.788, 4518256181355.149]]
Selected parents:
[[ 0.00000000e+00 -1.76734494e-12 -2.28980078e-13  4.62010753e-11
  -1.30750534e-10 -1.83669770e-15  8.19617556e-16  2.29423303e-05
  -2.04721003e-06 -1.59792834e-08  9.98214034e-10]
 [-5.68633399e-01 -1.45799022e-12 -2.28980078e-13  4.62010753e-11
  -1.80991365e-10 -1.83669770e-15  9.13757823e-16  2.29423303e-05
  -2.01955966e-06 -1.44001662e-08  9.52001877e-10]
 [-2.85067520e-01 -2.53138851e-12 -2.02818664e-13  4.62010753e-11
  -5.82329897e-11 -9.34222781e-16  9.22505975e-16  3.14536173e-05
  -1.42324798e-06 -2.34442441e-08  8.66774584e-10]
 [-2.85067520e-01 -1.45799022e-12 -2.80720089e-13  4.11020123e-11
  -6.33825188e-11 -1.83669770e-15  7.47948216e-16  2.42364248e-05
  -2.01955966e-06 -1.86077189e-08  9.26821683e-10]
 [ 0.00000000e+00 -1.45799022e-12 -2.28980078e-13  4.62010753e-11
  -1.30750534e-10 -2.23771204e-15  8.99786314e-16  2.65878411e-05
  -1.93915241e-06 -1.61594920e-08  1.02177078e-09]
 [-5.68633399e-01 -1.45799022e-12 -1.56144918e-13  4.62010753e-11
  -2.02018234e-10 -2.57646449e-15  9.05213261e-16  2.82097959e-05
  -2.09367665e-06 -1.85126145e-08  9.52001877e-10]]Population:
[[ 0.00000000e+00 -5.68633399e-01 -3.52362848e-01 -2.50095438e-01
   0.00000000e+00  0.00000000e+00 -6.47645443e-01 -5.68633399e-01
  -7.11855520e-01 -2.85067520e-01]
 [-1.76734494e-12 -1.45799022e-12 -8.25346775e-13 -9.82017284e-13
  -1.45799022e-12 -1.16807465e-12 -2.53138851e-12 -3.16625726e-12
  -2.18385658e-12 -2.56286610e-12]
 [-2.28980078e-13 -2.28980078e-13 -2.02818664e-13 -2.02818664e-13
  -1.85212170e-13 -2.28980078e-13 -2.90337899e-13 -1.42697543e-13
  -2.02818664e-13 -2.56949085e-13]
 [ 4.62010753e-11  4.62010753e-11  4.62010753e-11  4.39005538e-11
   4.05006906e-11  4.62010753e-11  3.75503205e-11  4.62010753e-11
   4.62010753e-11  4.62010753e-11]
 [-1.30750534e-10 -1.80991365e-10 -5.82329897e-11 -2.02018234e-10
  -1.07077231e-10 -1.80991365e-10 -5.82329897e-11 -6.20072134e-11
  -1.30750534e-10 -6.40242771e-11]
 [-1.83669770e-15 -1.83669770e-15 -9.34222781e-16 -8.52510530e-16
  -1.83669770e-15 -1.31890339e-15 -2.57646449e-15 -9.34222781e-16
  -9.91363818e-16 -9.34222781e-16]
 [ 8.19617556e-16  9.13757823e-16  8.19636348e-16  9.05213261e-16
   9.13757823e-16  8.19617556e-16  9.43091117e-16  9.22505975e-16
   8.19617556e-16  9.67373650e-16]
 [ 2.29423303e-05  2.29423303e-05  3.14536173e-05  2.82097959e-05
   2.12147040e-05  2.29423303e-05  2.61581210e-05  2.82097959e-05
   3.14536173e-05  1.77002893e-05]
 [-2.04721003e-06 -2.01955966e-06 -1.42217639e-06 -1.42324798e-06
  -2.04721003e-06 -2.82024207e-06 -2.06925405e-06 -8.95618304e-07
  -2.93574396e-06 -2.08856904e-06]
 [-1.59792834e-08 -1.44001662e-08 -3.12750844e-08 -2.25882963e-08
  -9.61377833e-09 -1.44001662e-08 -1.85126145e-08 -2.34442441e-08
  -1.06850401e-08 -2.34442441e-08]
 [ 9.98214034e-10  9.52001877e-10  8.61109337e-10  9.14989573e-10
   9.61740049e-10  9.52001877e-10  8.87207442e-10  9.52001877e-10
   9.26583798e-10  7.94341207e-10]]
Train validation errors
[[13510723306.466742, 368296592886.55035], [29243441077.32705, 301622652642.8264], [4588756290447.636, 5219271632609.283], [6793314363902.6, 14188805351281.928], [2961853075164.4385, 7818155408585.6], [49748764794599.375, 90444846499956.61], [12128278459431.482, 17920959186722.992], [60143117350068.39, 120049946063718.05], [29811428170656.207, 49557572002443.91], [71147976122027.38, 132815518808170.1]]
Selected parents:
[[ 0.00000000e+00 -1.76734494e-12 -2.28980078e-13  4.62010753e-11
  -1.30750534e-10 -1.83669770e-15  8.19617556e-16  2.29423303e-05
  -2.04721003e-06 -1.59792834e-08  9.98214034e-10]
 [-5.68633399e-01 -1.45799022e-12 -2.28980078e-13  4.62010753e-11
  -1.80991365e-10 -1.83669770e-15  9.13757823e-16  2.29423303e-05
  -2.01955966e-06 -1.44001662e-08  9.52001877e-10]
 [-3.52362848e-01 -8.25346775e-13 -2.02818664e-13  4.62010753e-11
  -5.82329897e-11 -9.34222781e-16  8.19636348e-16  3.14536173e-05
  -1.42217639e-06 -3.12750844e-08  8.61109337e-10]
 [-2.50095438e-01 -9.82017284e-13 -2.02818664e-13  4.39005538e-11
  -2.02018234e-10 -8.52510530e-16  9.05213261e-16  2.82097959e-05
  -1.42324798e-06 -2.25882963e-08  9.14989573e-10]
 [ 0.00000000e+00 -1.45799022e-12 -1.85212170e-13  4.05006906e-11
  -1.07077231e-10 -1.83669770e-15  9.13757823e-16  2.12147040e-05
  -2.04721003e-06 -9.61377833e-09  9.61740049e-10]
 [-6.47645443e-01 -2.53138851e-12 -2.90337899e-13  3.75503205e-11
  -5.82329897e-11 -2.57646449e-15  9.43091117e-16  2.61581210e-05
  -2.06925405e-06 -1.85126145e-08  8.87207442e-10]]Best offspring gen errors:
[[1.35107233e+10 3.68296593e+11]
 [1.35107233e+10 3.68296593e+11]
 [1.35107233e+10 3.68296593e+11]
 [1.35107233e+10 3.68296593e+11]
 [1.35107233e+10 3.68296593e+11]]