Fitness funtion: -1 * (train_validation_error[:, 1] + train_validation_error[:, 0])
Initialed with the best that we have until now
Starting all over again with new root population
No of generations: 5
Population size: 10
Mutation coefficient: 0.2
Split point: 7
Two offspring per pair
Population:
[[-4.17906375e-01  8.43328254e-13  5.32300017e-13  9.37792598e-11
  -1.75214813e-10 -1.83669770e-15  8.52944060e-16  2.29423303e-05
  -2.04721003e-06  2.41747517e-08  1.18369072e-09]
 [ 4.32217943e+00 -1.69770139e-13 -2.28980078e-13  5.45970758e-11
   2.92276311e-10 -1.83669770e-15  8.85274162e-16  2.29423303e-05
  -2.04721003e-06  4.07853466e-08  1.35950207e-09]
 [ 0.00000000e+00  5.35490199e-12  8.57177157e-14  4.62010753e-11
   3.95833141e-10  2.41131671e-15  8.52944060e-16  8.17933333e-05
  -1.13303000e-06  5.82500235e-08  9.98214034e-10]
 [ 8.10902284e-01 -3.91955539e-13  3.23125379e-13  7.13448682e-11
   7.15576504e-10  1.16693762e-15  8.52944060e-16  2.29423303e-05
   4.60064278e-06 -8.84835025e-09  1.10050352e-09]
 [ 0.00000000e+00 -1.45799022e-12  2.63706308e-13  1.30654343e-10
  -1.75214813e-10 -1.83669770e-15  8.52944060e-16  9.34577741e-05
  -1.66579620e-06 -1.59792834e-08  9.98214034e-10]
 [ 1.38712512e+00  7.50519675e-13 -2.28980078e-13  1.18793841e-10
   1.15568728e-10  2.35290412e-15  1.22305224e-15  1.01153889e-04
  -8.57668564e-07 -1.05727523e-08  9.98214034e-10]
 [ 4.17199514e+00  4.82016871e-12 -2.28980078e-13  4.62010753e-11
   5.31836594e-10  8.66993226e-16  1.56511061e-15  2.29423303e-05
   3.81976904e-06 -1.59792834e-08  1.33287391e-09]
 [ 0.00000000e+00 -1.45799022e-12 -2.28980078e-13  4.62010753e-11
  -1.75214813e-10  5.39747425e-15  1.54760637e-15  2.29423303e-05
  -9.09625427e-07  5.44114154e-08  1.33266621e-09]
 [ 0.00000000e+00  3.51270724e-12 -2.28980078e-13  4.62010753e-11
  -1.75214813e-10 -1.83669770e-15  8.52944060e-16  9.18007990e-05
  -2.04721003e-06  2.89316545e-08  9.98214034e-10]
 [ 2.76884625e+00  5.57417184e-13  2.26158087e-13  4.62010753e-11
   1.31492858e-10 -1.83669770e-15  8.52944060e-16  6.78886918e-05
   4.34571355e-06 -1.59792834e-08  9.98214034e-10]]
Train validation errors
[[4.63658552e+14 9.15990406e+14]
 [1.05783934e+15 2.07157089e+15]
 [2.92178997e+15 5.60967989e+15]
 [4.52156106e+15 8.73129950e+15]
 [2.77615219e+14 5.68717057e+14]
 [8.94200623e+14 1.73158623e+15]
 [3.82909086e+15 7.37282822e+15]
 [2.71139656e+15 5.08686086e+15]
 [1.06959556e+15 2.10391869e+15]
 [4.38484706e+15 8.67796134e+15]]
Selected parents:
[[-4.17906375e-01  4.32217943e+00  0.00000000e+00  1.38712512e+00
   0.00000000e+00  0.00000000e+00]
 [ 8.43328254e-13 -1.69770139e-13 -1.45799022e-12  7.50519675e-13
  -1.45799022e-12  3.51270724e-12]
 [ 5.32300017e-13 -2.28980078e-13  2.63706308e-13 -2.28980078e-13
  -2.28980078e-13 -2.28980078e-13]
 [ 9.37792598e-11  5.45970758e-11  1.30654343e-10  1.18793841e-10
   4.62010753e-11  4.62010753e-11]
 [-1.75214813e-10  2.92276311e-10 -1.75214813e-10  1.15568728e-10
  -1.75214813e-10 -1.75214813e-10]
 [-1.83669770e-15 -1.83669770e-15 -1.83669770e-15  2.35290412e-15
   5.39747425e-15 -1.83669770e-15]
 [ 8.52944060e-16  8.85274162e-16  8.52944060e-16  1.22305224e-15
   1.54760637e-15  8.52944060e-16]
 [ 2.29423303e-05  2.29423303e-05  9.34577741e-05  1.01153889e-04
   2.29423303e-05  9.18007990e-05]
 [-2.04721003e-06 -2.04721003e-06 -1.66579620e-06 -8.57668564e-07
  -9.09625427e-07 -2.04721003e-06]
 [ 2.41747517e-08  4.07853466e-08 -1.59792834e-08 -1.05727523e-08
   5.44114154e-08  2.89316545e-08]
 [ 1.18369072e-09  1.35950207e-09  9.98214034e-10  9.98214034e-10
   1.33266621e-09  9.98214034e-10]]Population:
[[-4.17906375e-01  8.43328254e-13  5.32300017e-13  9.37792598e-11
  -1.75214813e-10 -1.83669770e-15  8.52944060e-16  2.29423303e-05
  -2.04721003e-06  2.41747517e-08  1.18369072e-09]
 [ 0.00000000e+00 -1.45799022e-12  2.63706308e-13  1.30654343e-10
  -1.75214813e-10 -1.83669770e-15  8.52944060e-16  9.34577741e-05
  -1.66579620e-06 -1.59792834e-08  9.98214034e-10]
 [ 0.00000000e+00  7.50519675e-13 -3.12335869e-13  1.22118232e-10
   1.55933357e-10 -1.83669770e-15  3.42213734e-15  1.01153889e-04
   5.25079437e-06 -1.59792834e-08  9.98214034e-10]
 [ 7.50742598e+00  9.22568032e-13  1.60639633e-13  5.64092605e-10
  -1.75214813e-10 -1.83669770e-15  5.97239952e-15  1.01153889e-04
   4.54515442e-06  4.53799051e-08  9.98214034e-10]
 [ 6.74008144e+00 -1.45799022e-12 -4.45089342e-14  4.62010753e-11
   6.01098687e-10 -1.83669770e-15  8.52944060e-16  2.29423303e-05
  -9.09625427e-07  5.44114154e-08  1.02587440e-08]
 [ 0.00000000e+00 -1.45799022e-12 -1.97969984e-13  4.62010753e-11
  -1.75214813e-10 -1.83669770e-15  8.52944060e-16  5.72398973e-05
  -2.04721003e-06  2.89316545e-08  1.69479466e-09]
 [ 1.38712512e+00  9.35065006e-12 -2.28980078e-13  4.62010753e-11
   1.34968158e-10  8.48878247e-15  8.52944060e-16  1.01153889e-04
  -4.78502698e-07  2.64962377e-08  1.14148021e-09]
 [ 4.29684839e+00  7.68378687e-12  3.42388391e-13  1.30845578e-10
  -1.75214813e-10  2.92251161e-15  1.22305224e-15  5.34895972e-04
   1.31609554e-06 -1.05727523e-08  9.98214034e-10]
 [ 1.02591000e-01  4.52071189e-12 -3.09139047e-13  7.64037997e-11
   1.05393234e-10 -2.42997814e-15  8.52944060e-16  8.37862030e-05
  -2.04721003e-06  3.18071489e-08  1.18369072e-09]
 [-1.25829598e-01  3.51270724e-12  6.68958305e-13  7.99168917e-11
   7.45990951e-11  1.40422135e-15  1.20702811e-15  9.18007990e-05
  -2.04721003e-06  2.89316545e-08  1.18369072e-09]]
Train validation errors
[[4.63658552e+14 9.15990406e+14]
 [2.77615219e+14 5.68717057e+14]
 [6.47875788e+15 1.28575036e+16]
 [1.01382480e+16 2.00913403e+16]
 [5.66438131e+16 1.08183598e+17]
 [1.66572876e+15 3.26624238e+15]
 [3.12762746e+15 5.84496988e+15]
 [1.71737557e+16 3.38493684e+16]
 [1.29603041e+15 2.56154761e+15]
 [1.46837025e+15 2.81262972e+15]]
Selected parents:
[[-4.17906375e-01  0.00000000e+00  0.00000000e+00  1.38712512e+00
   1.02591000e-01 -1.25829598e-01]
 [ 8.43328254e-13 -1.45799022e-12 -1.45799022e-12  9.35065006e-12
   4.52071189e-12  3.51270724e-12]
 [ 5.32300017e-13  2.63706308e-13 -1.97969984e-13 -2.28980078e-13
  -3.09139047e-13  6.68958305e-13]
 [ 9.37792598e-11  1.30654343e-10  4.62010753e-11  4.62010753e-11
   7.64037997e-11  7.99168917e-11]
 [-1.75214813e-10 -1.75214813e-10 -1.75214813e-10  1.34968158e-10
   1.05393234e-10  7.45990951e-11]
 [-1.83669770e-15 -1.83669770e-15 -1.83669770e-15  8.48878247e-15
  -2.42997814e-15  1.40422135e-15]
 [ 8.52944060e-16  8.52944060e-16  8.52944060e-16  8.52944060e-16
   8.52944060e-16  1.20702811e-15]
 [ 2.29423303e-05  9.34577741e-05  5.72398973e-05  1.01153889e-04
   8.37862030e-05  9.18007990e-05]
 [-2.04721003e-06 -1.66579620e-06 -2.04721003e-06 -4.78502698e-07
  -2.04721003e-06 -2.04721003e-06]
 [ 2.41747517e-08 -1.59792834e-08  2.89316545e-08  2.64962377e-08
   3.18071489e-08  2.89316545e-08]
 [ 1.18369072e-09  9.98214034e-10  1.69479466e-09  1.14148021e-09
   1.18369072e-09  1.18369072e-09]]Population:
[[-4.17906375e-01  8.43328254e-13  5.32300017e-13  9.37792598e-11
  -1.75214813e-10 -1.83669770e-15  8.52944060e-16  2.29423303e-05
  -2.04721003e-06  2.41747517e-08  1.18369072e-09]
 [ 0.00000000e+00 -1.45799022e-12  2.63706308e-13  1.30654343e-10
  -1.75214813e-10 -1.83669770e-15  8.52944060e-16  9.34577741e-05
  -1.66579620e-06 -1.59792834e-08  9.98214034e-10]
 [ 0.00000000e+00 -1.45799022e-12  5.32300017e-13  8.95571968e-11
  -1.75214813e-10 -1.83669770e-15  8.52944060e-16  1.23100788e-04
  -2.04721003e-06  6.32257863e-08  1.69479466e-09]
 [-4.17906375e-01  8.43328254e-13  5.32300017e-13  1.17400121e-10
  -1.75214813e-10  5.94676507e-15  8.52944060e-16  2.29423303e-05
  -2.04721003e-06  7.51876568e-08  8.38141607e-09]
 [ 0.00000000e+00  4.27990656e-12  2.63706308e-13  7.99168917e-11
   1.08669282e-10  2.73633108e-15  9.53184150e-16  1.79165243e-04
  -1.66579620e-06  1.10380685e-07  2.50621351e-09]
 [-1.25829598e-01  5.00685967e-12  5.91701729e-13  6.33731493e-10
  -1.75214813e-10  1.40422135e-15  4.91466195e-15  1.77257448e-04
   5.81584243e-07  1.04092561e-07  1.29120343e-09]
 [ 1.02591000e-01  4.52071189e-12  7.79102651e-13  7.64037997e-11
  -1.75214813e-10 -2.42997814e-15  8.52944060e-16  1.34340137e-04
  -2.04721003e-06  3.23175480e-08  2.90115933e-09]
 [ 1.24796939e-02  1.37526487e-12 -3.09139047e-13  1.10893125e-10
  -1.75214813e-10 -1.83669770e-15  1.57433727e-15  2.29423303e-05
  -1.50148992e-06  2.41747517e-08  1.18369072e-09]
 [-4.17906375e-01  8.43328254e-13  5.32300017e-13  9.37792598e-11
   4.35578571e-10 -1.83669770e-15  1.67762605e-15  1.12615142e-04
   5.72273536e-06  2.41747517e-08  1.18369072e-09]
 [-4.17906375e-01  1.24435193e-12  8.97367975e-13  7.89752272e-10
  -1.75214813e-10 -1.83669770e-15  1.13713805e-15  1.17898410e-04
  -2.15122051e-06 -1.59792834e-08  1.65283935e-09]]
Train validation errors
[[4.63658552e+14 9.15990406e+14]
 [2.77615219e+14 5.68717057e+14]
 [4.65309140e+15 9.09213787e+15]
 [4.04226141e+16 7.64134114e+16]
 [1.49726084e+16 2.88441956e+16]
 [1.27533482e+16 2.48563598e+16]
 [6.70198069e+15 1.31143896e+16]
 [6.96922416e+14 1.38094973e+15]
 [1.17025071e+16 2.31661579e+16]
 [9.40534824e+14 1.87353139e+15]]
Selected parents:
[[-4.17906375e-01  0.00000000e+00  0.00000000e+00  1.02591000e-01
   1.24796939e-02 -4.17906375e-01]
 [ 8.43328254e-13 -1.45799022e-12 -1.45799022e-12  4.52071189e-12
   1.37526487e-12  1.24435193e-12]
 [ 5.32300017e-13  2.63706308e-13  5.32300017e-13  7.79102651e-13
  -3.09139047e-13  8.97367975e-13]
 [ 9.37792598e-11  1.30654343e-10  8.95571968e-11  7.64037997e-11
   1.10893125e-10  7.89752272e-10]
 [-1.75214813e-10 -1.75214813e-10 -1.75214813e-10 -1.75214813e-10
  -1.75214813e-10 -1.75214813e-10]
 [-1.83669770e-15 -1.83669770e-15 -1.83669770e-15 -2.42997814e-15
  -1.83669770e-15 -1.83669770e-15]
 [ 8.52944060e-16  8.52944060e-16  8.52944060e-16  8.52944060e-16
   1.57433727e-15  1.13713805e-15]
 [ 2.29423303e-05  9.34577741e-05  1.23100788e-04  1.34340137e-04
   2.29423303e-05  1.17898410e-04]
 [-2.04721003e-06 -1.66579620e-06 -2.04721003e-06 -2.04721003e-06
  -1.50148992e-06 -2.15122051e-06]
 [ 2.41747517e-08 -1.59792834e-08  6.32257863e-08  3.23175480e-08
   2.41747517e-08 -1.59792834e-08]
 [ 1.18369072e-09  9.98214034e-10  1.69479466e-09  2.90115933e-09
   1.18369072e-09  1.65283935e-09]]Population:
[[-4.17906375e-01  8.43328254e-13  5.32300017e-13  9.37792598e-11
  -1.75214813e-10 -1.83669770e-15  8.52944060e-16  2.29423303e-05
  -2.04721003e-06  2.41747517e-08  1.18369072e-09]
 [ 0.00000000e+00 -1.45799022e-12  2.63706308e-13  1.30654343e-10
  -1.75214813e-10 -1.83669770e-15  8.52944060e-16  9.34577741e-05
  -1.66579620e-06 -1.59792834e-08  9.98214034e-10]
 [-5.66876000e-01 -1.45799022e-12  2.63706308e-13  7.64037997e-11
  -1.75214813e-10  4.43201773e-15  8.52944060e-16  5.14732962e-04
  -1.66579620e-06 -1.59792834e-08  9.98214034e-10]
 [ 3.19248109e-01  4.52071189e-12  2.63706308e-13  1.64937804e-10
   4.98210359e-10 -2.42997814e-15  1.11445854e-15  1.79833645e-04
  -1.66579620e-06 -1.59792834e-08  2.90115933e-09]
 [-4.83352370e-01  1.24435193e-12  9.64219844e-13  7.89752272e-10
  -9.68193245e-11  6.95665601e-15  8.52944060e-16  1.17898410e-04
   2.17349877e-06 -1.63235326e-08  1.65283935e-09]
 [-4.17906375e-01  1.24435193e-12  1.37917335e-12  1.08288585e-10
   3.84027656e-10 -3.69108587e-16  6.90119430e-15  9.85895120e-04
   9.95758076e-08  6.32257863e-08  1.65283935e-09]
 [ 5.69043546e+00 -1.45799022e-12  5.32300017e-13  1.10893125e-10
   2.02377689e-10 -1.83669770e-15  7.88887952e-16  2.29423303e-05
  -2.04721003e-06  3.93120209e-08  6.02541581e-09]
 [ 1.24796939e-02  5.67085050e-12 -3.53215537e-13  1.10893125e-10
  -1.75214813e-10  6.11778254e-15  1.57433727e-15  4.79197701e-05
   7.88975398e-07  9.03559482e-08  1.18369072e-09]
 [-4.17906375e-01  1.24435193e-12  5.32300017e-13  7.89752272e-10
  -1.75214813e-10  2.17234228e-15  1.13713805e-15  2.29423303e-05
  -2.15122051e-06 -1.70428130e-08  1.18369072e-09]
 [-4.17906375e-01  1.33882064e-12  5.32300017e-13  1.65632078e-09
  -9.74715428e-11  4.25153285e-15  1.13713805e-15  2.29423303e-05
   2.94483995e-06  2.41747517e-08  1.18369072e-09]]
Train validation errors
[[4.63658552e+14 9.15990406e+14]
 [2.77615219e+14 5.68717057e+14]
 [9.91170245e+15 1.91690663e+16]
 [5.27440511e+15 1.03966539e+16]
 [5.50679073e+15 1.05067885e+16]
 [6.23401811e+16 1.22429767e+17]
 [1.71673883e+16 3.28812710e+16]
 [7.20700234e+15 1.37441466e+16]
 [2.38958309e+13 3.88857212e+13]
 [4.88137076e+15 9.34426579e+15]]
Selected parents:
[[-4.17906375e-01  0.00000000e+00  3.19248109e-01 -4.83352370e-01
  -4.17906375e-01 -4.17906375e-01]
 [ 8.43328254e-13 -1.45799022e-12  4.52071189e-12  1.24435193e-12
   1.24435193e-12  1.33882064e-12]
 [ 5.32300017e-13  2.63706308e-13  2.63706308e-13  9.64219844e-13
   5.32300017e-13  5.32300017e-13]
 [ 9.37792598e-11  1.30654343e-10  1.64937804e-10  7.89752272e-10
   7.89752272e-10  1.65632078e-09]
 [-1.75214813e-10 -1.75214813e-10  4.98210359e-10 -9.68193245e-11
  -1.75214813e-10 -9.74715428e-11]
 [-1.83669770e-15 -1.83669770e-15 -2.42997814e-15  6.95665601e-15
   2.17234228e-15  4.25153285e-15]
 [ 8.52944060e-16  8.52944060e-16  1.11445854e-15  8.52944060e-16
   1.13713805e-15  1.13713805e-15]
 [ 2.29423303e-05  9.34577741e-05  1.79833645e-04  1.17898410e-04
   2.29423303e-05  2.29423303e-05]
 [-2.04721003e-06 -1.66579620e-06 -1.66579620e-06  2.17349877e-06
  -2.15122051e-06  2.94483995e-06]
 [ 2.41747517e-08 -1.59792834e-08 -1.59792834e-08 -1.63235326e-08
  -1.70428130e-08  2.41747517e-08]
 [ 1.18369072e-09  9.98214034e-10  2.90115933e-09  1.65283935e-09
   1.18369072e-09  1.18369072e-09]]Population:
[[ 0.00000000e+00 -1.45799022e-12  2.63706308e-13  1.30654343e-10
  -1.75214813e-10 -1.83669770e-15  8.52944060e-16  9.34577741e-05
  -1.66579620e-06 -1.59792834e-08  9.98214034e-10]
 [-4.17906375e-01  1.24435193e-12  5.32300017e-13  7.89752272e-10
  -1.75214813e-10  2.17234228e-15  1.13713805e-15  2.29423303e-05
  -2.15122051e-06 -1.70428130e-08  1.18369072e-09]
 [-4.17906375e-01  3.45359917e-12  5.32300017e-13  9.71401001e-09
   4.63538105e-10  1.14636573e-14  1.13713805e-15  2.29423303e-05
  -1.66579620e-06  4.86193737e-08  1.80907126e-09]
 [ 7.52820313e+00  4.63950980e-12  2.90109450e-13  9.52155568e-10
  -9.74715428e-11  4.25153285e-15  8.52944060e-16  1.42305121e-04
  -1.54556245e-06  5.07717572e-08  1.00675354e-08]
 [-4.17906375e-01  1.33882064e-12  2.57671672e-13  1.30654343e-10
  -9.74715428e-11  6.64256858e-15  1.26470463e-15  1.30985459e-04
   2.94483995e-06  4.83176490e-09  9.98214034e-10]
 [ 5.34894979e+00  3.51776269e-12  1.09146097e-12  1.65632078e-09
  -9.74715428e-11  4.25153285e-15  1.10491272e-15  9.34577741e-05
   3.86351262e-06  2.41747517e-08  1.50045996e-09]
 [-4.17906375e-01  8.43328254e-13  5.32300017e-13  1.64937804e-10
   2.52004450e-11 -2.42997814e-15  8.52944060e-16  2.29423303e-05
  -1.66579620e-06  3.46275169e-08  7.14441289e-09]
 [ 3.19248109e-01  8.43328254e-13  9.29141911e-13  4.24697720e-10
   1.12642637e-09 -5.44799239e-16  1.11445854e-15  1.02803204e-03
   6.49506880e-06 -1.59792834e-08  8.05722560e-09]
 [ 3.19248109e-01  6.44483815e-12  5.32300017e-13  7.89752272e-10
   3.15842161e-10  2.17234228e-15  2.56128562e-15  1.07903359e-04
  -1.66579620e-06 -1.70428130e-08  8.53579345e-09]
 [ 1.16596718e-01  1.24435193e-12  5.32300017e-13  1.41769942e-09
   1.38662391e-10  1.99547218e-15  1.13713805e-15  1.79833645e-04
  -1.66579620e-06 -1.59792834e-08  1.18369072e-09]]
Train validation errors
[[2.77615219e+14 5.68717057e+14]
 [2.38958309e+13 3.88857212e+13]
 [3.16557975e+15 5.71072874e+15]
 [6.34230442e+16 1.20923644e+17]
 [6.19328278e+15 1.19352337e+16]
 [9.57666242e+15 1.85347845e+16]
 [2.43175732e+16 4.65539587e+16]
 [1.71474900e+17 3.37328527e+17]
 [3.28582528e+16 6.24740392e+16]
 [1.50966258e+15 2.92688251e+15]]
Selected parents:
[[ 0.00000000e+00 -4.17906375e-01 -4.17906375e-01 -4.17906375e-01
   5.34894979e+00  1.16596718e-01]
 [-1.45799022e-12  1.24435193e-12  3.45359917e-12  1.33882064e-12
   3.51776269e-12  1.24435193e-12]
 [ 2.63706308e-13  5.32300017e-13  5.32300017e-13  2.57671672e-13
   1.09146097e-12  5.32300017e-13]
 [ 1.30654343e-10  7.89752272e-10  9.71401001e-09  1.30654343e-10
   1.65632078e-09  1.41769942e-09]
 [-1.75214813e-10 -1.75214813e-10  4.63538105e-10 -9.74715428e-11
  -9.74715428e-11  1.38662391e-10]
 [-1.83669770e-15  2.17234228e-15  1.14636573e-14  6.64256858e-15
   4.25153285e-15  1.99547218e-15]
 [ 8.52944060e-16  1.13713805e-15  1.13713805e-15  1.26470463e-15
   1.10491272e-15  1.13713805e-15]
 [ 9.34577741e-05  2.29423303e-05  2.29423303e-05  1.30985459e-04
   9.34577741e-05  1.79833645e-04]
 [-1.66579620e-06 -2.15122051e-06 -1.66579620e-06  2.94483995e-06
   3.86351262e-06 -1.66579620e-06]
 [-1.59792834e-08 -1.70428130e-08  4.86193737e-08  4.83176490e-09
   2.41747517e-08 -1.59792834e-08]
 [ 9.98214034e-10  1.18369072e-09  1.80907126e-09  9.98214034e-10
   1.50045996e-09  1.18369072e-09]]Best offspring gen errors:
[[2.77615219e+14 5.68717057e+14]
 [2.77615219e+14 5.68717057e+14]
 [2.77615219e+14 5.68717057e+14]
 [2.38958309e+13 3.88857212e+13]
 [2.38958309e+13 3.88857212e+13]]