Starting all over again with new root population
No of generations: 10
Population size: 2
Mutation coefficient: 0.2
Split point: 7
One offspring per pair
Population:
[[ 0.00000000e+00  0.00000000e+00]
 [ 6.27937040e+00 -1.45799022e-12]
 [-2.28980078e-13 -2.28980078e-13]
 [ 4.62010753e-11  4.62010753e-11]
 [-1.75214813e-10 -1.75214813e-10]
 [-1.83669770e-15 -1.83669770e-15]
 [ 8.52944060e-16  8.52944060e-16]
 [ 2.29423303e-05  2.29423303e-05]
 [-2.04721003e-06 -2.04721003e-06]
 [-1.59792834e-08 -1.59792834e-08]
 [ 9.98214034e-10 -6.41889788e+00]]
Train validation errors
[[13504842102.92983, 368344514440.6409], [1.8699220255774645e+34, 3.537659418191892e+34]]
Population:
[[ 0.00000000e+00  0.00000000e+00]
 [-1.45799022e-12  6.27937040e+00]
 [-2.28980078e-13 -2.28980078e-13]
 [ 4.62010753e-11  4.62010753e-11]
 [-1.75214813e-10 -1.75214813e-10]
 [-1.83669770e-15 -1.83669770e-15]
 [ 8.52944060e-16  8.52944060e-16]
 [ 2.29423303e-05  8.64520413e+00]
 [ 8.42187285e+00 -2.04721003e-06]
 [-1.59792834e-08  7.33058521e+00]
 [ 9.98214034e-10 -6.41889788e+00]]
Train validation errors
[[5.857177121134265e+27, 1.135570381971813e+28], [1.7844758424772784e+34, 3.3719851275596257e+34]]
Population:
[[ 0.00000000e+00  0.00000000e+00]
 [-1.45799022e-12  6.27937040e+00]
 [-2.28980078e-13 -1.52574735e+00]
 [ 4.62010753e-11  4.62010753e-11]
 [-1.75214813e-10 -1.75214813e-10]
 [-1.83669770e-15 -1.83669770e-15]
 [ 8.52944060e-16  8.52944060e-16]
 [ 8.64520413e+00  2.29423303e-05]
 [-2.04721003e-06 -8.34376786e+00]
 [ 6.15188045e+00 -1.59792834e-08]
 [-6.41889788e+00  9.98214034e-10]]
Train validation errors
[[1.798068210366651e+34, 3.398342519937228e+34], [5.749035593942006e+27, 1.1146042393405324e+28]]
Population:
[[ 0.00000000e+00  0.00000000e+00]
 [ 6.27937040e+00  5.02177686e-01]
 [-1.52574735e+00 -2.28980078e-13]
 [ 4.62010753e-11  4.62010753e-11]
 [-1.75214813e-10 -1.75214813e-10]
 [-3.70577548e+00 -1.83669770e-15]
 [ 8.52944060e-16  5.40639693e-01]
 [ 8.64520413e+00  2.29423303e-05]
 [-2.04721003e-06 -8.34376786e+00]
 [ 6.15188045e+00 -1.59792834e-08]
 [-6.41889788e+00  9.98214034e-10]]
Train validation errors
[[5.035252122586052e+42, 5.124095345021227e+42], [5.749035593772677e+27, 1.1146042393082637e+28]]
Population:
[[ 0.00000000e+00  0.00000000e+00]
 [ 5.02177686e-01  6.27937040e+00]
 [-2.28980078e-13 -1.52574735e+00]
 [ 4.62010753e-11  4.62010753e-11]
 [-1.75214813e-10 -1.75214813e-10]
 [-1.83669770e-15 -3.70577548e+00]
 [ 5.40639693e-01  8.52944060e-16]
 [-9.38757377e+00  2.29423303e-05]
 [-2.04721003e-06 -8.34376786e+00]
 [ 6.15188045e+00 -1.59792834e-08]
 [-6.41889788e+00  9.98214034e-10]]
Train validation errors
[[1.7981559415272536e+34, 3.3985169414671293e+34], [5.034703870725597e+42, 5.1233474587353626e+42]]
Population:
[[ 0.00000000e+00  2.79157591e+00]
 [ 5.02177686e-01  9.23987186e+00]
 [-2.28980078e-13 -1.52574735e+00]
 [ 4.62010753e-11  4.62010753e-11]
 [-1.75214813e-10 -1.75214813e-10]
 [-1.83669770e-15 -3.70577548e+00]
 [ 5.40639693e-01  8.52944060e-16]
 [ 2.29423303e-05 -9.38757377e+00]
 [-8.34376786e+00 -2.04721003e-06]
 [-1.59792834e-08  6.15188045e+00]
 [ 9.98214034e-10 -6.41889788e+00]]
Train validation errors
[[5.749035593772677e+27, 1.1146042393082637e+28], [5.0352521357081914e+42, 5.1240953633677284e+42]]
Population:
[[ 0.00000000e+00  2.79157591e+00]
 [ 5.02177686e-01  9.23987186e+00]
 [-2.28980078e-13 -1.52574735e+00]
 [-1.55178237e-01 -6.41391123e+00]
 [-1.75214813e-10 -1.75214813e-10]
 [-1.83669770e-15 -3.70577548e+00]
 [ 5.40639693e-01  8.52944060e-16]
 [-9.38757377e+00  2.29423303e-05]
 [-2.04721003e-06 -8.34376786e+00]
 [-8.86986170e+00 -1.59792834e-08]
 [-6.41889788e+00 -3.73811476e+00]]
Train validation errors
[[1.97607892573008e+34, 3.7434295579229557e+34], [5.0350296585569505e+42, 5.123791948952943e+42]]
Population:
[[ 2.79157591e+00  0.00000000e+00]
 [ 9.23987186e+00  5.02177686e-01]
 [-1.52574735e+00 -2.28980078e-13]
 [-6.41391123e+00 -1.55178237e-01]
 [-1.75214813e-10 -6.25366445e+00]
 [-3.70577548e+00 -1.83669770e-15]
 [ 8.52944060e-16 -5.70602081e-02]
 [-9.38757377e+00  2.29423303e-05]
 [-2.04721003e-06 -8.34376786e+00]
 [-8.86986170e+00 -1.59792834e-08]
 [-6.41889788e+00 -3.73811476e+00]]
Train validation errors
[[5.0352786940077507e+42, 5.1241318938514194e+42], [6.353767856797472e+33, 1.2020840424945331e+34]]
Population:
[[-8.13177461e-01  2.79157591e+00]
 [ 5.02177686e-01  9.23987186e+00]
 [-2.28980078e-13 -1.52574735e+00]
 [-1.55178237e-01 -6.41391123e+00]
 [-6.25366445e+00  1.71125694e+00]
 [-1.83669770e-15 -3.70577548e+00]
 [-5.70602081e-02  8.52944060e-16]
 [-9.38757377e+00  2.29423303e-05]
 [-2.04721003e-06 -8.34376786e+00]
 [-8.86986170e+00 -1.59792834e-08]
 [-6.41889788e+00 -3.73811476e+00]]
Train validation errors
[[1.9760789260246305e+34, 3.743429558499966e+34], [5.0350296585569406e+42, 5.123791948952929e+42]]
Population:
[[ 2.79157591e+00 -8.13177461e-01]
 [-8.62247799e+00  5.02177686e-01]
 [-1.52574735e+00 -2.28980078e-13]
 [-6.41391123e+00 -1.55178237e-01]
 [ 1.71125694e+00 -6.25366445e+00]
 [-3.70577548e+00 -1.83669770e-15]
 [ 8.52944060e-16 -5.70602081e-02]
 [-9.38757377e+00  2.29423303e-05]
 [-2.04721003e-06 -8.34376786e+00]
 [ 9.40376952e+00 -1.59792834e-08]
 [-6.41889788e+00 -3.73811476e+00]]
Train validation errors
[[5.035246386410188e+42, 5.1240874553135406e+42], [6.353767856797472e+33, 1.2020840424945331e+34]]
