Fitness funtion: -1 * (train_validation_error[:, 1] + train_validation_error[:, 0])
Initialed with the best that we have until now
Starting all over again with new root population
No of generations: 2
Population size: 10
Mutation coefficient: 0.2
Split point: 7
Two offspring per pair
Population:
[[ 5.88832550e-01  7.72230811e-01  0.00000000e+00  2.89839006e-01
   0.00000000e+00  0.00000000e+00 -8.34234886e-01  3.12040953e-01
   0.00000000e+00 -3.02762916e-03]
 [ 7.56145027e-13  9.35953116e-15 -3.31145706e-13 -1.45799022e-12
  -6.26060547e-13  7.57833876e-13 -1.45799022e-12 -1.45799022e-12
  -1.45799022e-12 -1.45799022e-12]
 [-2.28980078e-13 -2.28980078e-13  7.16632532e-14 -2.56414480e-14
  -2.28980078e-13 -2.28980078e-13 -2.28980078e-13  1.45329708e-14
  -3.66650589e-14 -8.43247376e-14]
 [ 9.55807863e-12  4.62010753e-11  4.62010753e-11 -3.35338108e-12
   4.62010753e-11  4.62010753e-11 -8.86678468e-12  3.07024242e-12
   2.84586508e-12  2.04534266e-13]
 [-1.75214813e-10 -1.88789748e-11  4.22248346e-12 -1.75214813e-10
   9.80789265e-11 -3.42529578e-11 -1.54425672e-11 -4.26839355e-11
  -1.75214813e-10 -1.75214813e-10]
 [-1.83669770e-15 -1.83669770e-15 -1.83669770e-15 -1.83669770e-15
  -9.50520706e-16 -1.83669770e-15 -1.83669770e-15  8.24456978e-16
  -9.81250537e-16  2.27544550e-16]
 [ 8.52944060e-16  8.52944060e-16 -9.55819519e-17  8.52944060e-16
   8.52944060e-16  8.52944060e-16 -5.55048194e-17  6.73048296e-17
   8.52944060e-16  8.52944060e-16]
 [ 2.29423303e-05  9.47425587e-06  2.29423303e-05  1.46370563e-06
   2.29423303e-05  8.69678343e-06 -9.36738808e-06  2.29423303e-05
   5.05168387e-06  2.29423303e-05]
 [-2.04721003e-06 -4.70222693e-07  1.87360257e-07  7.27926024e-07
  -2.04721003e-06  3.05530764e-08  3.64447889e-07 -2.04721003e-06
  -2.04721003e-06  5.52628653e-07]
 [-1.59792834e-08 -1.59792834e-08 -1.59792834e-08 -1.59792834e-08
  -5.69117081e-09 -1.59792834e-08 -1.59792834e-08 -9.94032090e-09
  -1.59792834e-08 -1.59792834e-08]
 [ 9.98214034e-10  9.29853087e-12  8.88224269e-11 -3.29557547e-13
  -1.98696116e-12  9.19234152e-12  6.07392204e-11 -5.97071959e-11
  -9.41836488e-11  9.98214034e-10]]
Train validation errors
[[13510747254.11304, 368296695161.46826], [87863037553002.4, 149291843344926.94], [3872145738283.621, 7237878350337.128], [7778302485473.62, 3073349699797.643], [268973004062908.56, 490686164672957.1], [27530785049995.547, 38511791451330.48], [24731074892334.1, 26979058495186.414], [341411980753043.25, 648309135428271.9], [679196996986340.4, 1283726317100840.8], [612046511226042.8, 1183375226610262.0]]
Selected parents:
[[ 5.88832550e-01  7.56145027e-13 -2.28980078e-13  9.55807863e-12
  -1.75214813e-10 -1.83669770e-15  8.52944060e-16  2.29423303e-05
  -2.04721003e-06 -1.59792834e-08  9.98214034e-10]
 [ 7.72230811e-01  9.35953116e-15 -2.28980078e-13  4.62010753e-11
  -1.88789748e-11 -1.83669770e-15  8.52944060e-16  9.47425587e-06
  -4.70222693e-07 -1.59792834e-08  9.29853087e-12]
 [ 0.00000000e+00 -3.31145706e-13  7.16632532e-14  4.62010753e-11
   4.22248346e-12 -1.83669770e-15 -9.55819519e-17  2.29423303e-05
   1.87360257e-07 -1.59792834e-08  8.88224269e-11]
 [ 2.89839006e-01 -1.45799022e-12 -2.56414480e-14 -3.35338108e-12
  -1.75214813e-10 -1.83669770e-15  8.52944060e-16  1.46370563e-06
   7.27926024e-07 -1.59792834e-08 -3.29557547e-13]
 [ 0.00000000e+00  7.57833876e-13 -2.28980078e-13  4.62010753e-11
  -3.42529578e-11 -1.83669770e-15  8.52944060e-16  8.69678343e-06
   3.05530764e-08 -1.59792834e-08  9.19234152e-12]
 [-8.34234886e-01 -1.45799022e-12 -2.28980078e-13 -8.86678468e-12
  -1.54425672e-11 -1.83669770e-15 -5.55048194e-17 -9.36738808e-06
   3.64447889e-07 -1.59792834e-08  6.07392204e-11]]Population:
[[ 5.88832550e-01  2.89839006e-01 -9.08688336e-01  2.89839006e-01
  -2.56656099e-02  2.89839006e-01  7.70736128e-01 -5.98846115e-02
  -3.31673437e-02  5.88832550e-01]
 [ 7.56145027e-13 -1.45799022e-12 -1.45799022e-12 -1.45799022e-12
  -6.57880392e-13 -6.66337354e-13 -4.66877551e-14 -3.31145706e-13
   2.33995107e-13  1.39561467e-13]
 [-2.28980078e-13 -2.56414480e-14  5.00133664e-15 -9.45356709e-15
  -4.24341824e-15 -2.56414480e-14 -2.28980078e-13 -2.28980078e-13
   3.85757687e-14 -6.84834778e-14]
 [ 9.55807863e-12 -3.35338108e-12 -3.35338108e-12 -3.35338108e-12
  -9.92084354e-13 -3.35338108e-12  4.62010753e-11 -4.12803092e-12
   5.67837171e-14  9.55807863e-12]
 [-1.75214813e-10 -1.75214813e-10  5.63946526e-11  8.76759279e-11
  -1.54425672e-11 -1.54425672e-11  4.22248346e-12 -8.52769844e-13
  -1.54425672e-11 -5.79942998e-11]
 [-1.83669770e-15 -1.83669770e-15  9.22711418e-16 -1.25143646e-16
  -1.83669770e-15  7.43397435e-16  1.45537896e-16 -2.38440894e-16
  -3.97957061e-16 -1.83669770e-15]
 [ 8.52944060e-16  8.52944060e-16  8.52944060e-16 -9.55819519e-17
   4.10622792e-19 -5.55048194e-17 -1.46853757e-18 -9.06681211e-18
  -5.97546502e-18  8.52944060e-16]
 [ 2.29423303e-05  1.46370563e-06  2.29423303e-05  5.67728085e-07
  -9.36738808e-06  1.46370563e-06  2.29423303e-05  5.65525758e-07
  -9.36738808e-06  2.29423303e-05]
 [-2.04721003e-06  7.27926024e-07  7.27926024e-07  6.77458349e-08
   3.64447889e-07  7.27926024e-07  8.02207615e-08 -2.85590592e-09
  -9.41485065e-08 -5.93824053e-07]
 [-1.59792834e-08 -1.59792834e-08 -6.70405613e-09 -7.38521841e-09
  -4.34192418e-09  8.37075189e-09 -1.59792834e-08 -1.59792834e-08
  -1.59792834e-08 -1.59792834e-08]
 [ 9.98214034e-10 -3.29557547e-13  8.88224269e-11 -4.41317143e-15
   1.85418671e-12 -3.29557547e-13  8.88224269e-11 -4.84632612e-13
   6.07392204e-11  9.98214034e-10]]
Train validation errors
[[13510747254.11304, 368296695161.46826], [7778302485473.62, 3073349699797.643], [128921315226353.0, 257803170060291.0], [4670751636179.972, 4083865743512.8853], [4567647557196.756, 1621421643211.5525], [142321598847772.12, 283278960868488.9], [2718209926947.714, 4571929847713.096], [39891472339060.07, 65021280511744.33], [60626415867685.19, 101941389359891.48], [174646121903824.28, 353221018076120.1]]
Selected parents:
[[ 5.88832550e-01  7.56145027e-13 -2.28980078e-13  9.55807863e-12
  -1.75214813e-10 -1.83669770e-15  8.52944060e-16  2.29423303e-05
  -2.04721003e-06 -1.59792834e-08  9.98214034e-10]
 [ 2.89839006e-01 -1.45799022e-12 -2.56414480e-14 -3.35338108e-12
  -1.75214813e-10 -1.83669770e-15  8.52944060e-16  1.46370563e-06
   7.27926024e-07 -1.59792834e-08 -3.29557547e-13]
 [ 2.89839006e-01 -1.45799022e-12 -9.45356709e-15 -3.35338108e-12
   8.76759279e-11 -1.25143646e-16 -9.55819519e-17  5.67728085e-07
   6.77458349e-08 -7.38521841e-09 -4.41317143e-15]
 [-2.56656099e-02 -6.57880392e-13 -4.24341824e-15 -9.92084354e-13
  -1.54425672e-11 -1.83669770e-15  4.10622792e-19 -9.36738808e-06
   3.64447889e-07 -4.34192418e-09  1.85418671e-12]
 [ 7.70736128e-01 -4.66877551e-14 -2.28980078e-13  4.62010753e-11
   4.22248346e-12  1.45537896e-16 -1.46853757e-18  2.29423303e-05
   8.02207615e-08 -1.59792834e-08  8.88224269e-11]
 [-5.98846115e-02 -3.31145706e-13 -2.28980078e-13 -4.12803092e-12
  -8.52769844e-13 -2.38440894e-16 -9.06681211e-18  5.65525758e-07
  -2.85590592e-09 -1.59792834e-08 -4.84632612e-13]]Best offspring gen errors:
[[7.77830249e+12 3.07334970e+12]
 [7.77830249e+12 3.07334970e+12]]