No of generations: 4
Population size: 4
Mutation coefficient: 0.1
Split point: 7
One offspring per pair
Population:
[[ 0.00000000e+00 -7.94804524e+00  5.98216267e+00 -3.54120149e+00
  -4.43338848e-01 -3.22566620e+00  1.00159096e+00  2.85243204e+00]
 [-1.45799022e-12  4.03859126e+00  9.63783840e+00  2.41550575e+00
   6.46540188e+00  4.46425789e+00 -8.47684107e+00  8.18107713e+00]
 [-2.28980078e-13 -6.74043157e+00  6.87070334e+00 -5.15728370e+00
  -5.69014926e+00 -4.66205486e-01  3.72610083e+00  9.19058307e+00]
 [ 4.62010753e-11  6.57889334e-01  2.97044741e+00  6.86565903e+00
  -5.00698739e-01  5.48351901e+00  3.10152261e+00 -2.11637801e+00]
 [-1.75214813e-10  1.29771293e+00 -2.95504586e+00 -6.24518340e+00
   1.42894700e+00 -5.43785581e+00 -1.41935195e+00 -4.43927408e+00]
 [-1.83669770e-15  1.80235039e+00  8.53253118e+00 -5.59795299e+00
   4.35847570e+00  4.68024311e+00 -8.40978365e+00  2.07368083e+00]
 [ 8.52944060e-16  8.28721589e+00  9.36726187e+00  6.87886111e+00
   9.07130602e+00  6.20185056e-01 -5.30453075e+00 -7.67674968e+00]
 [ 2.29423303e-05 -1.56479686e+00 -1.24475616e+00 -5.75280404e+00
  -6.48544232e+00  6.89631060e-01 -2.52586118e+00 -3.18529477e-01]
 [-2.04721003e-06 -4.12460198e+00  8.50077921e+00 -7.32127965e+00
   2.64732076e+00  5.27525142e+00 -1.03392134e-01  3.03541262e+00]
 [-1.59792834e-08  9.20470741e+00  7.71728027e+00 -6.75417643e+00
  -7.52846124e+00  8.00767149e+00 -8.77043937e+00  5.16911289e+00]
 [ 9.98214034e-10 -6.19269397e+00 -3.41514141e-01  6.65271012e+00
  -1.36776826e+00  3.51199549e+00 -1.71224162e+00  8.71294392e+00]]
Train validation errors
[[13510723304.19212, 368296592820.6967], [1.1906970613719221e+42, 1.2115728648063019e+42], [2.669137052528086e+43, 2.716129968607084e+43], [1.1487930015672503e+43, 1.1689895107594024e+43], [6.964264285851946e+42, 7.086826381614816e+42], [8.031088423051942e+42, 8.172628250502137e+42], [2.592934859104854e+43, 2.638600349925473e+43], [1.576950267928137e+42, 1.6048640487131484e+42]]
Population:
[[ 0.00000000e+00  2.85243204e+00  2.85243204e+00 -7.94804524e+00
  -3.22566620e+00 -7.94804524e+00  0.00000000e+00 -3.22566620e+00]
 [-1.45799022e-12  8.18107713e+00  1.97984900e+00  4.03859126e+00
   4.46425789e+00  4.03859126e+00 -1.45799022e-12  4.46425789e+00]
 [-2.28980078e-13  9.19058307e+00  9.19058307e+00 -8.34376786e+00
  -4.66205486e-01 -6.74043157e+00 -2.28980078e-13 -4.66205486e-01]
 [ 4.62010753e-11 -2.11637801e+00 -2.11637801e+00  6.57889334e-01
   5.48351901e+00  6.57889334e-01  4.62010753e-11  5.48351901e+00]
 [-1.75214813e-10 -4.43927408e+00 -4.43927408e+00  1.29771293e+00
  -5.43785581e+00  3.22881633e+00 -1.75214813e-10 -5.43785581e+00]
 [-1.83669770e-15  2.07368083e+00  2.07368083e+00  1.80235039e+00
   4.68024311e+00  1.80235039e+00 -1.83669770e-15  4.68024311e+00]
 [ 8.52944060e-16 -7.67674968e+00 -5.88784303e+00  8.28721589e+00
   6.20185056e-01  8.28721589e+00  8.52944060e-16  6.20185056e-01]
 [-3.18529477e-01  2.29423303e-05 -2.52586118e+00  6.89631060e-01
   2.29423303e-05  2.29423303e-05 -5.75280404e+00  4.14649896e+00]
 [ 3.03541262e+00 -2.04721003e-06 -1.03392134e-01  5.27525142e+00
  -2.04721003e-06 -4.17136006e+00 -7.32127965e+00 -4.12460198e+00]
 [ 5.16911289e+00 -1.59792834e-08 -8.77043937e+00  8.00767149e+00
  -1.59792834e-08 -1.59792834e-08 -6.75417643e+00  9.20470741e+00]
 [ 8.71294392e+00  9.98214034e-10 -1.71224162e+00  3.51199549e+00
   9.98214034e-10  9.98214034e-10  6.65271012e+00 -6.19269397e+00]]
Train validation errors
[[3.5296251114014964e+34, 6.681520086983058e+34], [1.5765201437721588e+42, 1.604277134367782e+42], [1.5764279630695974e+42, 1.604151272601323e+42], [1.1911075404474112e+42, 1.2121328866451912e+42], [8.030683738115749e+42, 8.172075913709499e+42], [1.1909516207165974e+42, 1.2119200750232322e+42], [1.9250950888289147e+34, 3.6381550373662423e+34], [8.030022502732087e+42, 8.1711739934726e+42]]
Population:
[[-5.52286726e+00 -7.94804524e+00 -7.94804524e+00 -7.94804524e+00
   0.00000000e+00 -3.22566620e+00 -7.94804524e+00  0.00000000e+00]
 [ 8.18107713e+00  4.03859126e+00  4.03859126e+00  4.03859126e+00
  -1.45799022e-12  4.46425789e+00 -4.94546556e+00 -1.45799022e-12]
 [-9.38757377e+00 -6.74043157e+00 -6.74043157e+00 -6.74043157e+00
  -2.28980078e-13 -4.66205486e-01 -6.74043157e+00 -2.28980078e-13]
 [-2.11637801e+00  6.57889334e-01  6.57889334e-01  6.57889334e-01
   4.62010753e-11  5.48351901e+00  6.57889334e-01 -6.67477080e+00]
 [-4.43927408e+00  3.22881633e+00  3.22881633e+00  3.22881633e+00
  -1.75214813e-10 -5.43785581e+00  3.22881633e+00 -1.75214813e-10]
 [ 7.67374069e+00 -5.94750490e+00  1.80235039e+00  1.80235039e+00
  -1.83669770e-15 -1.96544045e+00  1.80235039e+00 -1.83669770e-15]
 [-7.67674968e+00  8.28721589e+00  8.28721589e+00  8.28721589e+00
   8.52944060e-16  6.20185056e-01  8.28721589e+00  8.52944060e-16]
 [-2.52586118e+00 -5.75280404e+00  6.89631060e-01 -5.75280404e+00
   2.29423303e-05  2.29423303e-05 -3.18529477e-01  2.29423303e-05]
 [-1.03392134e-01 -9.35398398e+00  5.27525142e+00 -7.32127965e+00
  -4.17136006e+00 -4.17136006e+00  3.03541262e+00 -2.04721003e-06]
 [-8.77043937e+00 -6.75417643e+00  8.00767149e+00 -6.75417643e+00
  -1.59792834e-08  6.92007683e-01  5.16911289e+00  2.28658695e+00]
 [-1.71224162e+00  6.65271012e+00  3.51199549e+00 -9.60674780e+00
   9.98214034e-10  9.98214034e-10  8.71294392e+00  9.98214034e-10]]
Train validation errors
[[2.1588530211030595e+43, 2.1968509877118117e+43], [1.2967456913707865e+43, 1.3195452777869908e+43], [1.1911075404474169e+42, 1.2121328866451994e+42], [1.1905385970842759e+42, 1.211356525503209e+42], [1.4368972582323875e+27, 2.785809441548507e+27], [1.4162349322734026e+42, 1.441169659546051e+42], [1.1913255427243151e+42, 1.2124303042929837e+42], [1.0083996750478999e+30, 1.9331847757916806e+30]]
Population:
[[ 0.00000000e+00 -7.94804524e+00 -7.94804524e+00  0.00000000e+00
   0.00000000e+00 -3.00222210e+00 -3.22566620e+00  0.00000000e+00]
 [-1.45799022e-12  4.03859126e+00  4.03859126e+00 -1.45799022e-12
   9.67975314e-01  2.46394769e+00  4.46425789e+00 -1.45799022e-12]
 [-2.28980078e-13 -6.74043157e+00 -6.74043157e+00 -2.28980078e-13
  -2.28980078e-13 -2.28980078e-13 -4.66205486e-01 -2.28980078e-13]
 [ 4.62010753e-11  6.57889334e-01  6.57889334e-01  4.62010753e-11
   4.62010753e-11 -7.63335466e+00  5.48351901e+00  6.35172050e+00]
 [-1.75214813e-10  3.22881633e+00  3.22881633e+00 -1.75214813e-10
  -1.75214813e-10 -1.75214813e-10 -5.43785581e+00 -1.75214813e-10]
 [-1.83669770e-15  1.80235039e+00  1.80235039e+00 -1.83669770e-15
  -1.83669770e-15 -1.83669770e-15 -1.96544045e+00 -1.83669770e-15]
 [ 8.52944060e-16  8.28721589e+00  8.28721589e+00  8.52944060e-16
   8.52944060e-16  8.52944060e-16  6.20185056e-01  8.52944060e-16]
 [ 6.89631060e-01 -5.75280404e+00 -3.18529477e-01 -5.75280404e+00
   2.29423303e-05  2.29423303e-05  6.89631060e-01  2.29423303e-05]
 [ 5.27525142e+00  3.83667658e+00 -5.66735397e+00 -7.32127965e+00
  -4.17136006e+00 -4.17136006e+00  2.34357300e+00 -2.04721003e-06]
 [ 8.00767149e+00 -6.75417643e+00  9.81927774e+00 -6.75417643e+00
   6.92007683e-01  6.92007683e-01  8.00767149e+00  2.28658695e+00]
 [ 3.51199549e+00 -9.60674780e+00  8.71294392e+00 -9.60674780e+00
   9.98214034e-10 -7.72853113e+00  3.51199549e+00 -4.71919201e+00]]
Train validation errors
[[6.134202928805831e+33, 1.1629835208428872e+34], [1.1905387916714768e+42, 1.2113567953138156e+42], [1.1913293899856507e+42, 1.2124355946922465e+42], [4.311342056212717e+34, 8.162195064604704e+34], [7.146038569600093e+28, 1.3546208923914473e+29], [2.7022196221727454e+34, 5.111834600407858e+34], [1.416065621197744e+42, 1.4409385852331416e+42], [9.910138940734026e+33, 1.8739501803952532e+34]]
Population:
[[-3.00222210e+00  0.00000000e+00  0.00000000e+00 -5.00895060e+00
   0.00000000e+00  0.00000000e+00  0.00000000e+00  0.00000000e+00]
 [ 2.46394769e+00 -1.45799022e-12 -1.45799022e-12 -1.45799022e-12
  -1.45799022e-12 -1.45799022e-12  9.67975314e-01  6.70630426e+00]
 [-2.28980078e-13 -2.28980078e-13 -2.28980078e-13 -2.28980078e-13
  -9.65549414e+00  6.42792197e+00 -2.28980078e-13 -2.28980078e-13]
 [-8.21945973e+00  6.35172050e+00  4.62010753e-11  4.62010753e-11
   6.35172050e+00  6.35172050e+00  4.62010753e-11  4.62010753e-11]
 [-1.75214813e-10 -1.75214813e-10 -1.75214813e-10 -1.75214813e-10
  -1.75214813e-10 -1.75214813e-10 -1.75214813e-10  7.17908453e+00]
 [-1.83669770e-15 -4.78626742e+00 -1.83669770e-15 -1.83669770e-15
  -1.83669770e-15 -1.83669770e-15 -1.83669770e-15 -1.83669770e-15]
 [ 8.52944060e-16  8.52944060e-16  8.52944060e-16  8.52944060e-16
   8.52944060e-16  8.52944060e-16  8.52944060e-16  8.52944060e-16]
 [ 6.89631060e-01  6.89631060e-01 -5.75280404e+00 -5.75280404e+00
   2.29423303e-05  2.29423303e-05 -3.18529477e-01 -5.75280404e+00]
 [ 5.27525142e+00  5.27525142e+00  3.83667658e+00  3.83667658e+00
  -4.17136006e+00 -4.17136006e+00 -5.66735397e+00  3.83667658e+00]
 [ 8.00767149e+00  8.00767149e+00 -6.75417643e+00 -6.75417643e+00
   6.92007683e-01  6.92007683e-01  9.81927774e+00 -6.75417643e+00]
 [ 3.51199549e+00  1.79707732e+00 -9.60674780e+00 -9.60674780e+00
   9.98214034e-10 -7.72853113e+00  8.71294392e+00 -9.60674780e+00]]
Train validation errors
[[6.134202928764158e+33, 1.1629835208340236e+34], [8.398431818319839e+42, 8.546221977115128e+42], [4.3071486606022795e+34, 8.154151887502382e+34], [4.3071486606022795e+34, 8.154151887502382e+34], [7.146038581574973e+28, 1.354620894678233e+29], [2.702219622157797e+34, 5.111834600375953e+34], [3.602420202731339e+34, 6.822675373000438e+34], [4.307148660102716e+34, 8.154151886524896e+34]]
Population:
[[ 2.84355565e+00  0.00000000e+00  0.00000000e+00  0.00000000e+00
   0.00000000e+00  0.00000000e+00  9.30094416e+00  0.00000000e+00]
 [ 9.67975314e-01  9.67975314e-01  6.70630426e+00  9.67975314e-01
  -1.45799022e-12  4.66763292e+00  2.46394769e+00 -1.45799022e-12]
 [-2.28980078e-13 -2.28980078e-13 -2.28980078e-13 -2.28980078e-13
   6.42792197e+00 -2.28980078e-13 -2.28980078e-13 -9.65549414e+00]
 [ 4.62010753e-11  4.62010753e-11  4.62010753e-11  8.07216716e+00
   6.35172050e+00  4.62010753e-11 -8.21945973e+00  6.35172050e+00]
 [-1.75214813e-10 -3.84141571e+00  7.17908453e+00 -1.75214813e-10
  -1.75214813e-10 -1.75214813e-10 -1.75214813e-10 -1.75214813e-10]
 [-1.83669770e-15 -1.83669770e-15 -1.83669770e-15 -1.83669770e-15
  -1.83669770e-15  9.00231628e+00 -1.83669770e-15 -1.83669770e-15]
 [ 8.52944060e-16  9.82199549e+00  8.52944060e-16  8.52944060e-16
   7.03971124e+00  8.52944060e-16  8.52944060e-16  8.52944060e-16]
 [ 2.29423303e-05  2.29423303e-05 -3.18529477e-01 -5.75280404e+00
  -3.18529477e-01  2.29423303e-05 -5.75280404e+00  2.29423303e-05]
 [ 4.91753506e+00 -4.17136006e+00 -5.66735397e+00  3.83667658e+00
  -5.66735397e+00 -4.17136006e+00  3.83667658e+00 -4.17136006e+00]
 [ 6.92007683e-01  6.92007683e-01  5.70231916e+00 -6.75417643e+00
   9.81927774e+00  6.92007683e-01 -6.75417643e+00  6.92007683e-01]
 [ 9.98214034e-10  9.98214034e-10  8.71294392e+00 -9.60674780e+00
   8.71294392e+00  9.98214034e-10 -9.60674780e+00 -7.72853113e+00]]
Train validation errors
[[1.206868123345099e+29, 2.332541504035264e+29], [7.146038255475312e+28, 1.354620824409035e+29], [3.5353095877983784e+34, 6.692599131316373e+34], [4.307148660591476e+34, 8.154151887479338e+34], [3.602420202739301e+34, 6.8226753730173775e+34], [2.9711478953105667e+43, 3.0234594823366544e+43], [4.307148660613277e+34, 8.154151887525843e+34], [2.7022196221581867e+34, 5.111834600376718e+34]]
Population:
[[ 0.00000000e+00  0.00000000e+00  0.00000000e+00  0.00000000e+00
   0.00000000e+00  0.00000000e+00 -4.12278018e+00  0.00000000e+00]
 [ 6.70630426e+00  4.66763292e+00 -8.38584374e-01  6.70630426e+00
  -1.45799022e-12  9.67975314e-01  6.70630426e+00  6.70630426e+00]
 [-2.28980078e-13 -2.28980078e-13  6.42792197e+00 -2.28980078e-13
   6.42792197e+00 -9.30578020e+00 -2.28980078e-13 -2.28980078e-13]
 [ 4.62010753e-11  4.62010753e-11  6.35172050e+00  4.62010753e-11
   6.35172050e+00  4.62010753e-11  4.62010753e-11  4.62010753e-11]
 [ 7.17908453e+00 -1.75214813e-10 -1.75214813e-10  7.17908453e+00
  -1.75214813e-10 -3.84141571e+00  7.17908453e+00  7.17908453e+00]
 [-1.83669770e-15  9.00231628e+00 -1.83669770e-15 -1.83669770e-15
  -1.83669770e-15 -1.83669770e-15 -1.83669770e-15 -1.83669770e-15]
 [ 8.52944060e-16  8.52944060e-16  7.03971124e+00  8.52944060e-16
   7.03971124e+00  9.82199549e+00  8.52944060e-16  8.52944060e-16]
 [ 2.29423303e-05 -3.18529477e-01  2.29423303e-05 -5.75280404e+00
  -3.18529477e-01 -3.18529477e-01  2.29423303e-05  2.29423303e-05]
 [-8.73350900e-01 -5.66735397e+00 -4.17136006e+00  3.83667658e+00
  -5.66735397e+00 -5.66735397e+00 -4.17136006e+00 -4.17136006e+00]
 [ 6.92007683e-01  9.81927774e+00  6.92007683e-01 -6.75417643e+00
   5.70231916e+00  5.70231916e+00  6.92007683e-01  6.92007683e-01]
 [ 9.98214034e-10  8.71294392e+00 -7.72853113e+00 -9.60674780e+00
   8.71294392e+00  8.71294392e+00  9.98214034e-10  9.24142998e+00]]
Train validation errors
[[8.774563156182507e+28, 1.678893778489806e+29], [2.971336270592828e+43, 3.0237165362604955e+43], [2.7022196221577975e+34, 5.111834600375956e+34], [4.307148660102716e+34, 8.154151886524896e+34], [3.5353095873536417e+34, 6.692599130447599e+34], [3.5353095871033193e+34, 6.692599129956478e+34], [7.14603915666166e+28, 1.3546210194422731e+29], [3.8862428752055086e+34, 7.3527991732797095e+34]]
Population:
[[ 0.00000000e+00  0.00000000e+00  0.00000000e+00  0.00000000e+00
   0.00000000e+00  0.00000000e+00 -3.17996821e+00  0.00000000e+00]
 [ 9.67975314e-01 -8.38584374e-01 -1.42392865e-01 -8.38584374e-01
  -8.48496898e+00  6.70630426e+00  9.67975314e-01 -8.38584374e-01]
 [-9.30578020e+00  6.42792197e+00 -2.28980078e-13  6.42792197e+00
   6.42792197e+00 -2.28980078e-13 -9.30578020e+00  6.42792197e+00]
 [ 4.62010753e-11  6.35172050e+00  4.62010753e-11  6.35172050e+00
   6.35172050e+00  7.78927487e+00  4.62010753e-11  6.35172050e+00]
 [-3.84141571e+00 -1.75214813e-10  7.17908453e+00 -1.75214813e-10
  -1.75214813e-10  7.17908453e+00 -3.84141571e+00 -1.75214813e-10]
 [-1.83669770e-15 -1.83669770e-15 -1.83669770e-15 -1.83669770e-15
  -1.83669770e-15 -1.83669770e-15 -1.83669770e-15 -1.83669770e-15]
 [ 9.82199549e+00 -9.46799721e+00  8.52944060e-16  7.03971124e+00
   7.03971124e+00  8.52944060e-16  9.82199549e+00  7.03971124e+00]
 [ 7.81427095e+00 -5.75280404e+00  2.29423303e-05  2.29423303e-05
   2.29423303e-05  4.07756864e-01  2.29423303e-05  2.29423303e-05]
 [-4.17136006e+00  3.83667658e+00 -8.73350900e-01 -4.17136006e+00
  -4.17136006e+00 -5.66735397e+00 -8.73350900e-01 -4.17136006e+00]
 [ 6.92007683e-01 -6.75417643e+00  6.92007683e-01  6.92007683e-01
   6.92007683e-01  5.70231916e+00  6.92007683e-01  6.92007683e-01]
 [-7.72853113e+00 -9.60674780e+00  9.98214034e-10  9.98214034e-10
   9.98214034e-10  8.71294392e+00  9.98214034e-10  9.98214034e-10]]
Train validation errors
[[2.702172971775152e+34, 5.111741895163524e+34], [4.307148660593583e+34, 8.154151887483866e+34], [8.774563156175917e+28, 1.6788937784885353e+29], [7.1460385821179185e+28, 1.3546208948042937e+29], [7.146038582111163e+28, 1.3546208948030222e+29], [3.535314551299819e+34, 6.692608991032445e+34], [8.774562140333074e+28, 1.6788935609892235e+29], [7.1460385821179185e+28, 1.3546208948042937e+29]]
Population:
[[ 0.00000000e+00  0.00000000e+00 -3.17996821e+00  0.00000000e+00
   0.00000000e+00 -9.15233882e+00 -3.17996821e+00  1.17212481e+00]
 [-8.48496898e+00  6.70630426e+00  9.67975314e-01 -8.38584374e-01
  -1.42392865e-01 -8.38584374e-01  9.67975314e-01  9.77509202e-01]
 [ 6.42792197e+00 -2.28980078e-13 -9.33720294e+00  6.42792197e+00
  -2.28980078e-13  6.42792197e+00 -9.30578020e+00 -2.28980078e-13]
 [ 6.35172050e+00  7.78927487e+00  4.62010753e-11  6.35172050e+00
   4.62010753e-11  6.35172050e+00  4.62010753e-11  4.62010753e-11]
 [ 7.01927081e+00  7.17908453e+00  5.09808352e+00 -1.75214813e-10
   7.17908453e+00 -1.75214813e-10 -3.84141571e+00  5.63671550e+00]
 [-1.83669770e-15 -1.83669770e-15 -1.83669770e-15 -1.83669770e-15
  -1.83669770e-15 -1.83669770e-15 -1.83669770e-15 -1.83669770e-15]
 [ 7.03971124e+00  8.52944060e-16  9.82199549e+00  7.03971124e+00
   8.52944060e-16  7.03971124e+00  9.82199549e+00  8.52944060e-16]
 [ 2.29423303e-05  7.81427095e+00  2.29423303e-05  2.29423303e-05
  -5.75280404e+00  4.07756864e-01  2.29423303e-05  7.81427095e+00]
 [-4.17136006e+00 -4.17136006e+00 -4.17136006e+00 -8.73350900e-01
   3.83667658e+00 -5.66735397e+00 -4.17136006e+00  6.40166701e-01]
 [ 6.92007683e-01  6.92007683e-01  6.92007683e-01  6.92007683e-01
  -6.75417643e+00  5.70231916e+00  6.92007683e-01  6.92007683e-01]
 [ 9.98214034e-10 -6.76283818e-01  9.98214034e-10  9.98214034e-10
  -9.60674780e+00  8.71294392e+00  9.98214034e-10 -7.72853113e+00]]
Train validation errors
[[7.146039156099238e+28, 1.3546210190246489e+29], [2.0009035354618415e+32, 3.781677438311202e+32], [7.1460389861708565e+28, 1.3546209825400955e+29], [8.774562508409622e+28, 1.678893639547143e+29], [4.3071486601027195e+34, 8.154151886524904e+34], [3.535314550845637e+34, 6.692608990143523e+34], [7.146038255160682e+28, 1.3546208243360006e+29], [2.7007410299831024e+34, 5.1089969244760085e+34]]
Population:
[[ 0.00000000e+00 -9.15233882e+00 -3.17996821e+00 -3.32100882e+00
   0.00000000e+00 -3.17996821e+00  0.00000000e+00  0.00000000e+00]
 [-8.48496898e+00 -8.38584374e-01  9.67975314e-01 -1.42392865e-01
  -8.38584374e-01  9.67975314e-01  2.62834047e+00  8.62833020e+00]
 [ 6.42792197e+00  6.42792197e+00 -9.30578020e+00 -2.28980078e-13
   6.42792197e+00 -9.33720294e+00  6.42792197e+00  6.42792197e+00]
 [-7.52935544e+00  6.35172050e+00  4.62010753e-11  4.62010753e-11
  -1.77426344e+00  4.62010753e-11  6.35172050e+00  6.35172050e+00]
 [ 7.01927081e+00 -1.75214813e-10 -8.13918614e+00  7.17908453e+00
  -1.75214813e-10  5.09808352e+00 -1.75214813e-10  5.47601908e+00]
 [-1.83669770e-15 -1.83669770e-15  5.91494833e+00 -2.72540221e+00
  -1.83669770e-15 -1.83669770e-15 -1.83669770e-15 -1.83669770e-15]
 [-1.92415741e+00  7.03971124e+00  9.82199549e+00  8.52944060e-16
   9.27869923e+00  9.82199549e+00  7.03971124e+00  4.80877384e+00]
 [-4.65616156e+00 -3.41942476e+00  7.81427095e+00  2.29423303e-05
  -5.75280404e+00 -5.75280404e+00  2.29423303e-05  2.29423303e-05]
 [-4.17136006e+00  7.33423210e+00  6.40166701e-01 -8.73350900e-01
   3.83667658e+00  3.83667658e+00 -4.17136006e+00 -4.17136006e+00]
 [ 6.92007683e-01  6.92007683e-01  6.92007683e-01  6.92007683e-01
  -6.75417643e+00 -6.75417643e+00  6.92007683e-01  6.92007683e-01]
 [-6.76283818e-01  9.98214034e-10 -7.72853113e+00  9.98214034e-10
  -9.60674780e+00  1.46525984e+00  9.98214034e-10  9.98214034e-10]]
Train validation errors
[[2.0015435204067737e+32, 3.78294996472399e+32], [1.3559991131746048e+29, 2.6278392214166055e+29], [1.2825705851462798e+43, 1.3051149516082773e+43], [2.7231826246346158e+42, 2.7711280065125865e+42], [4.307148660604458e+34, 8.154151887507063e+34], [8.032913425249836e+32, 1.511475518871962e+33], [7.14603858212098e+28, 1.3546208948048702e+29], [7.146039029917765e+28, 1.354620991716221e+29]]
