Run 1 of 27th feb is continued, we started with the final parameters of previous run i.e. run4 and simulated x more generations where x =
20
No of generations: 20
Population size: 16
Mutation coefficient: 0.15
Split point: 7
One offspring per pair
Population:
[[-8.74485669e+00  3.46038957e+00 -2.33617593e+00  9.72667176e+00
   3.46038957e+00  9.72667176e+00 -8.74485669e+00 -8.74485669e+00
   3.46038957e+00  9.72667176e+00  3.46038957e+00  3.46038957e+00
  -5.80001796e+00 -8.74485669e+00 -8.74485669e+00  0.00000000e+00]
 [ 1.31295706e+00  1.31295706e+00  4.50931369e+00  1.31295706e+00
   1.31295706e+00  1.31295706e+00  4.50931369e+00  1.31295706e+00
   1.31295706e+00  1.31295706e+00  1.31295706e+00  1.31295706e+00
   9.22613994e+00 -5.22172968e+00  4.50931369e+00  5.56594346e+00]
 [-3.60174890e+00 -5.55743653e-01 -7.86082958e-01 -4.17747591e+00
  -5.55743653e-01 -4.17747591e+00 -7.86082958e-01 -3.60174890e+00
  -5.55743653e-01 -4.17747591e+00 -5.55743653e-01 -5.55743653e-01
   8.54498875e+00 -7.86082958e-01 -7.86082958e-01 -9.15206003e+00]
 [ 1.38148450e+00  4.62010753e-11 -7.90766168e+00  1.31367627e+00
   4.62010753e-11  1.31367627e+00 -7.09022101e-01  1.38148450e+00
   4.62010753e-11  1.31367627e+00  4.62010753e-11  4.62010753e-11
   2.57988510e-02 -7.90766168e+00 -7.90766168e+00  4.39337049e-01]
 [ 9.78825473e+00 -1.91158459e+00 -8.00473915e+00  1.87406404e+00
  -1.91158459e+00  1.38711103e+00 -8.00473915e+00  9.78825473e+00
  -1.91158459e+00  1.38711103e+00 -1.91158459e+00 -1.91158459e+00
  -4.31290135e+00 -8.00473915e+00 -8.00473915e+00 -4.52779373e+00]
 [-1.83669770e-15 -1.83669770e-15 -1.83669770e-15 -1.83669770e-15
  -1.83669770e-15 -1.83669770e-15 -1.83669770e-15 -1.83669770e-15
  -1.83669770e-15 -1.83669770e-15 -1.83669770e-15 -1.83669770e-15
  -1.83669770e-15 -1.83669770e-15 -1.83669770e-15 -1.83669770e-15]
 [-8.29634412e+00 -7.63700468e+00 -4.74660004e-01 -4.74660004e-01
  -7.63700468e+00 -4.74660004e-01 -4.74660004e-01 -8.29634412e+00
  -7.63700468e+00 -4.74660004e-01 -7.63700468e+00 -7.63700468e+00
  -4.74660004e-01 -4.74660004e-01 -4.74660004e-01  8.52944060e-16]
 [-4.44403468e+00 -9.13226576e+00  3.78539345e+00 -9.13226576e+00
   3.78539345e+00  7.07926191e+00 -9.13226576e+00 -9.13226576e+00
   3.78539345e+00 -4.44403468e+00 -4.44403468e+00  1.04351481e+00
  -9.13226576e+00  1.04351481e+00  1.04351481e+00 -9.13226576e+00]
 [-3.84141571e+00 -3.36635965e+00 -8.88877955e+00  6.21293629e+00
  -8.88877955e+00  7.05325044e+00 -3.36635965e+00  6.21293629e+00
  -8.88877955e+00  1.03670286e+00  1.03670286e+00  7.05325044e+00
   6.21293629e+00  5.15629237e+00  7.05325044e+00  6.21293629e+00]
 [-8.26738089e+00 -8.26738089e+00 -8.26738089e+00 -6.16439167e+00
  -8.26738089e+00 -8.13177461e-01 -8.26738089e+00 -8.26738089e+00
  -8.26738089e+00 -8.26738089e+00 -8.26738089e+00 -8.13177461e-01
  -8.26738089e+00 -8.26738089e+00 -8.26738089e+00 -8.26738089e+00]
 [ 2.31606693e-01  2.31606693e-01  2.31606693e-01  2.31606693e-01
   2.31606693e-01  2.31606693e-01  2.31606693e-01  2.31606693e-01
  -6.96973189e+00  2.31606693e-01  2.31606693e-01  2.31606693e-01
   2.31606693e-01 -8.62247799e+00  2.31606693e-01  2.31606693e-01]]
Train validation errors
[[2.2536697753735592e+30, 2.965136004113381e+30], [2.2634850665367003e+30, 2.981374307880112e+30], [2.134276555877587e+30, 2.759747941273279e+30], [5.70052986793782e+30, 9.727514911183758e+30], [2.1342765864040273e+30, 2.7597479888254635e+30], [2.1614172573646692e+31, 4.074575660158244e+31], [2.2634850353732877e+30, 2.9813742594877304e+30], [2.508465461241468e+30, 3.408110462847667e+30], [2.314222431336402e+34, 4.383268113927456e+34], [2.3762204781739837e+30, 3.178184285133814e+30], [2.3762204607916496e+30, 3.1781842578731183e+30], [2.1604026049010565e+31, 4.072554639330036e+31], [2.508465384914675e+30, 3.408110342612038e+30], [3.5046859339152827e+34, 6.636539931241835e+34], [2.5352511303559755e+30, 3.456719097322752e+30], [2.5084653837310346e+30, 3.408110340790425e+30]]
Population:
[[-8.74485669e+00  3.46038957e+00 -8.74485669e+00  3.46038957e+00
  -5.80001796e+00 -3.32100882e+00 -8.74485669e+00 -8.74485669e+00
   3.46038957e+00 -8.74485669e+00 -8.74485669e+00 -8.74485669e+00
   3.46038957e+00 -8.74485669e+00 -2.33617593e+00  9.72667176e+00]
 [ 1.31295706e+00  1.31295706e+00  4.50931369e+00  1.31295706e+00
   9.22613994e+00 -1.13489630e-01  4.50931369e+00  1.31295706e+00
   1.31295706e+00  1.31295706e+00  4.50931369e+00  1.31295706e+00
   1.31295706e+00  4.50931369e+00  4.50931369e+00  1.31295706e+00]
 [-3.60174890e+00 -5.55743653e-01 -7.86082958e-01 -5.55743653e-01
   8.54498875e+00 -9.15206003e+00 -7.86082958e-01 -3.60174890e+00
  -5.55743653e-01 -3.60174890e+00 -7.86082958e-01 -3.60174890e+00
  -5.55743653e-01 -7.86082958e-01 -7.86082958e-01 -4.17747591e+00]
 [ 1.38148450e+00  4.62010753e-11 -7.90766168e+00  4.62010753e-11
   2.57988510e-02  4.39337049e-01 -7.09022101e-01  1.38148450e+00
   1.07914099e+00  1.38148450e+00 -7.90766168e+00  1.38148450e+00
   4.62010753e-11 -7.09022101e-01 -7.90766168e+00  1.31367627e+00]
 [ 9.78825473e+00 -1.91158459e+00 -8.00473915e+00 -7.61647816e+00
  -4.31290135e+00 -4.52779373e+00  2.76751395e+00  6.90749189e+00
  -1.91158459e+00  9.78825473e+00 -8.00473915e+00  9.78825473e+00
  -1.91158459e+00 -8.00473915e+00 -8.00473915e+00  1.87406404e+00]
 [-1.83669770e-15 -1.83669770e-15 -1.83669770e-15 -1.83669770e-15
  -1.83669770e-15 -1.83669770e-15 -1.83669770e-15 -1.83669770e-15
  -1.83669770e-15 -1.83669770e-15 -1.83669770e-15 -1.83669770e-15
  -1.83669770e-15 -1.83669770e-15 -1.83669770e-15 -4.89960875e+00]
 [-8.29634412e+00 -7.63700468e+00 -4.74660004e-01 -7.63700468e+00
  -4.74660004e-01  8.52944060e-16 -4.74660004e-01 -8.29634412e+00
   7.44944825e+00 -8.29634412e+00 -4.74660004e-01 -8.29634412e+00
  -7.63700468e+00 -4.74660004e-01 -4.74660004e-01 -4.74660004e-01]
 [-4.44403468e+00 -4.44403468e+00 -4.44403468e+00  1.04351481e+00
  -9.13226576e+00 -9.13226576e+00 -9.13226576e+00 -9.13226576e+00
  -4.44403468e+00  1.04351481e+00 -4.44403468e+00  1.04351481e+00
   7.12107130e+00  3.78539345e+00 -9.13226576e+00  3.78539345e+00]
 [ 1.03670286e+00 -3.84141571e+00  1.03670286e+00 -8.81721346e+00
   6.21293629e+00  6.21293629e+00  3.62255145e+00 -3.36635965e+00
  -3.84141571e+00  7.05325044e+00 -3.84141571e+00  7.05325044e+00
   6.58161288e+00 -8.88877955e+00  6.21293629e+00 -8.88877955e+00]
 [-8.26738089e+00 -8.26738089e+00 -8.26738089e+00 -4.65616156e+00
   1.15675626e+00 -8.26738089e+00 -8.26738089e+00  1.25009950e+00
  -8.26738089e+00 -8.13177461e-01 -8.26738089e+00 -8.26738089e+00
  -8.26738089e+00 -8.26738089e+00 -6.16439167e+00 -8.26738089e+00]
 [ 2.31606693e-01  2.31606693e-01  2.31606693e-01  2.31606693e-01
   2.31606693e-01  4.73599857e+00  2.31606693e-01  2.31606693e-01
   2.31606693e-01  2.31606693e-01  2.31606693e-01  2.31606693e-01
   2.31606693e-01  2.31606693e-01 -7.94834726e+00  2.31606693e-01]]
Train validation errors
[[2.3762205222778953e+30, 3.178184354037945e+30], [2.253669715685877e+30, 2.9651359114721076e+30], [2.3762204283478572e+30, 3.1781842065609484e+30], [8.252810030232852e+30, 1.4802977263617485e+31], [3.012001607079956e+31, 5.723777634554825e+31], [9.484016774500477e+33, 1.7909486169689097e+34], [2.4407240667996573e+30, 3.2898161127276475e+30], [2.961441726269107e+31, 5.627087590271702e+31], [2.2536697157455713e+30, 2.965135911649054e+30], [2.1604026232653937e+31, 4.072554674991478e+31], [2.253669684199012e+30, 2.965135862040793e+30], [2.5352512277413443e+30, 3.456719251593755e+30], [2.5254789041656227e+30, 3.440686740401468e+30], [2.1342765562557903e+30, 2.759747942408085e+30], [2.9560532570674873e+34, 5.5966671198644475e+34], [8.80112437636863e+42, 8.95607912509148e+42]]
Population:
[[-8.74485669e+00 -8.74485669e+00  3.46038957e+00 -8.74485669e+00
   3.46038957e+00 -8.74485669e+00 -8.74485669e+00 -3.32100882e+00
  -5.80001796e+00 -8.14879514e+00 -7.58848480e+00 -8.74485669e+00
   3.46038957e+00 -8.74485669e+00  3.46038957e+00  3.46038957e+00]
 [ 1.31295706e+00  1.31295706e+00  1.31295706e+00  1.31295706e+00
   1.31295706e+00  1.31295706e+00  9.22299594e+00 -1.13489630e-01
   9.22613994e+00  1.31295706e+00  1.31295706e+00  4.50931369e+00
   1.31295706e+00  4.50931369e+00  1.31295706e+00  6.43546951e+00]
 [-3.60174890e+00 -3.60174890e+00 -5.55743653e-01 -3.60174890e+00
  -5.55743653e-01 -3.60174890e+00  7.63640165e+00 -9.15206003e+00
   8.54498875e+00 -3.60174890e+00 -3.60174890e+00 -7.86082958e-01
  -5.55743653e-01  3.47911940e+00 -5.55743653e-01 -5.55743653e-01]
 [-6.72620256e-01  1.38148450e+00  1.07914099e+00  1.38148450e+00
   4.62010753e-11  1.38148450e+00  1.38148450e+00  4.39337049e-01
   2.57988510e-02  8.22689384e+00  1.38148450e+00 -7.90766168e+00
  -7.76655759e+00 -7.09022101e-01  1.07914099e+00  4.62010753e-11]
 [ 6.90749189e+00  9.78825473e+00 -1.91158459e+00  9.78825473e+00
  -7.61647816e+00  6.90749189e+00  9.78825473e+00 -4.52779373e+00
  -4.31290135e+00  9.78825473e+00  9.78825473e+00 -8.00473915e+00
  -7.61647816e+00  3.27890300e+00 -1.91158459e+00 -9.48942868e+00]
 [-1.83669770e-15 -1.83669770e-15 -1.83669770e-15 -1.83669770e-15
  -1.83669770e-15 -1.83669770e-15 -1.83669770e-15 -1.83669770e-15
  -1.83669770e-15 -1.83669770e-15 -1.83669770e-15 -1.83669770e-15
  -1.83669770e-15 -1.83669770e-15 -1.83669770e-15 -1.83669770e-15]
 [-8.29634412e+00 -8.29634412e+00  7.44944825e+00 -8.29634412e+00
  -7.63700468e+00 -8.29634412e+00 -4.77299554e+00  8.52944060e-16
  -4.74660004e-01 -8.29634412e+00 -8.29634412e+00 -1.16649467e+00
  -6.78834445e+00 -4.74660004e-01  7.44944825e+00 -7.63700468e+00]
 [-4.44403468e+00 -9.13226576e+00 -5.37404296e+00 -4.44403468e+00
  -9.13226576e+00  1.04351481e+00 -9.13226576e+00 -4.44403468e+00
   1.04351481e+00 -9.13226576e+00 -4.44403468e+00  1.04351481e+00
   3.78539345e+00  1.04351481e+00  7.12107130e+00 -4.44403468e+00]
 [ 1.03670286e+00 -3.36635965e+00  7.05325044e+00 -3.84141571e+00
  -3.36635965e+00 -8.81721346e+00  6.21293629e+00  1.03670286e+00
   7.79726985e+00  6.21293629e+00 -3.84141571e+00  7.05325044e+00
  -8.88877955e+00  2.86113253e+00  6.58161288e+00 -3.84141571e+00]
 [-8.26738089e+00  1.25009950e+00 -8.26738089e+00 -8.26738089e+00
   1.25009950e+00 -4.65616156e+00 -8.26738089e+00 -8.26738089e+00
  -8.26738089e+00  1.15675626e+00 -8.26738089e+00 -8.26738089e+00
  -8.26738089e+00 -4.65616156e+00 -8.26738089e+00 -3.68257124e+00]
 [ 2.31606693e-01  2.31606693e-01  2.31606693e-01  2.31606693e-01
   2.31606693e-01  2.31606693e-01  4.73599857e+00  2.31606693e-01
   2.31606693e-01  2.31606693e-01  2.31606693e-01  2.31606693e-01
   2.31606693e-01  2.31606693e-01  4.73422133e+00  2.31606693e-01]]
Train validation errors
[[2.3762205070370693e+30, 3.1781843300654257e+30], [2.9614417315002313e+31, 5.627087600583717e+31], [2.532366513477923e+30, 3.4505540098008045e+30], [2.2536697753735592e+30, 2.965136004113381e+30], [2.961441699848698e+31, 5.627087538182633e+31], [8.252810174152545e+30, 1.4802977528110608e+31], [9.484016779195767e+33, 1.790948617883657e+34], [2.3762204470624532e+30, 3.1781842364640967e+30], [2.5550408675188086e+30, 3.491343995601654e+30], [3.012001633213548e+31, 5.723777686079485e+31], [2.25366977537356e+30, 2.9651360041133824e+30], [2.5352511303559755e+30, 3.456719097322752e+30], [2.1342765578041858e+30, 2.759747944246669e+30], [8.869688556363113e+30, 1.5955993809792987e+31], [9.47786761019572e+33, 1.7897935712085082e+34], [1.1054249444322226e+31, 2.0247592189621009e+31]]
Population:
[[-7.58848480e+00 -8.74485669e+00 -8.74485669e+00 -8.74485669e+00
  -5.80001796e+00  3.46038957e+00 -8.34598559e-01 -8.74485669e+00
   3.46038957e+00 -8.09349783e+00 -3.32100882e+00  3.46038957e+00
  -3.32100882e+00 -8.74485669e+00  7.63729175e+00 -8.74485669e+00]
 [ 1.31295706e+00  4.50931369e+00  9.22299594e+00  6.43546951e+00
   9.22613994e+00  1.31295706e+00  1.31295706e+00  4.50931369e+00
   1.31295706e+00  4.50931369e+00 -1.13489630e-01  1.31295706e+00
  -1.13489630e-01  1.31295706e+00  1.31295706e+00  4.50931369e+00]
 [-3.60174890e+00  3.47911940e+00  7.63640165e+00 -5.55743653e-01
   8.54498875e+00 -5.55743653e-01 -5.55743653e-01  3.47911940e+00
  -5.55743653e-01 -7.86082958e-01 -9.15206003e+00 -5.55743653e-01
  -9.15206003e+00 -3.60174890e+00 -3.60174890e+00 -7.86082958e-01]
 [ 1.38148450e+00 -7.09022101e-01  1.38148450e+00  4.62010753e-11
   2.57988510e-02 -7.76655759e+00  9.69405699e+00 -7.09022101e-01
   4.62010753e-11 -7.90766168e+00  4.39337049e-01 -7.76655759e+00
   4.39337049e-01  1.38148450e+00  1.38148450e+00 -7.90766168e+00]
 [ 9.78825473e+00  3.27890300e+00  9.78825473e+00 -9.48942868e+00
  -4.31290135e+00 -7.61647816e+00 -7.43165184e+00 -1.55452271e+00
  -7.61647816e+00 -8.00473915e+00 -4.52779373e+00 -7.61647816e+00
  -4.52779373e+00  9.78825473e+00  9.78825473e+00 -8.00473915e+00]
 [-1.83669770e-15 -1.83669770e-15  3.09855344e+00 -1.83669770e-15
  -1.83669770e-15 -1.83669770e-15 -1.83669770e-15 -1.83669770e-15
  -1.83669770e-15 -1.83669770e-15 -1.83669770e-15  9.43322160e+00
  -1.83669770e-15 -1.83669770e-15 -1.83669770e-15 -1.83669770e-15]
 [-8.29634412e+00 -4.74660004e-01 -4.77299554e+00 -7.63700468e+00
  -4.74660004e-01 -3.70267827e+00  7.44944825e+00 -4.74660004e-01
  -7.63700468e+00 -1.16649467e+00  8.52944060e-16  7.25442647e-01
   8.52944060e-16 -8.29634412e+00 -8.29634412e+00 -1.16649467e+00]
 [ 1.04351481e+00 -4.44403468e+00 -4.44403468e+00 -9.13226576e+00
   3.78539345e+00  6.63346431e-01  1.04351481e+00  2.71560581e+00
  -9.40986894e+00 -9.13226576e+00 -7.17982437e-01 -4.44403468e+00
  -4.44403468e+00 -4.44403468e+00  1.04351481e+00 -4.44403468e+00]
 [ 2.86113253e+00 -3.84141571e+00 -3.84141571e+00  6.21293629e+00
  -8.88877955e+00  7.79726985e+00  2.86113253e+00  2.99492682e+00
   7.05325044e+00 -3.36635965e+00 -8.88877955e+00  1.03670286e+00
  -3.84141571e+00  1.03670286e+00  7.05325044e+00 -3.84141571e+00]
 [-4.65616156e+00 -8.26738089e+00 -3.68257124e+00 -8.26738089e+00
   6.56320356e+00 -8.26738089e+00 -4.65616156e+00 -8.26738089e+00
  -9.47631474e+00  1.25009950e+00 -8.26738089e+00 -8.26738089e+00
  -8.26738089e+00 -8.26738089e+00 -8.26738089e+00 -8.26738089e+00]
 [ 2.31606693e-01  2.31606693e-01  2.31606693e-01  4.73599857e+00
   2.31606693e-01  2.31606693e-01  5.81420775e+00  4.73422133e+00
   2.31606693e-01  2.31606693e-01 -5.81053459e+00  2.31606693e-01
   2.31606693e-01  7.62421489e+00  2.31606693e-01  2.31606693e-01]]
Train validation errors
[[8.869688623487167e+30, 1.5955993933558176e+31], [2.2536697421058465e+30, 2.9651359523730524e+30], [3.519938496213882e+42, 3.581916128661963e+42], [9.48401677287459e+33, 1.7909486166521386e+34], [5.934891547542333e+31, 1.137343128600679e+32], [2.554868961627004e+30, 3.4909767001573595e+30], [1.4855278927591995e+34, 2.808133822790914e+34], [9.471388904820042e+33, 1.7885520322663648e+34], [1.4599624903887047e+30, 1.278771666670737e+30], [2.961441698862924e+31, 5.627087536198948e+31], [1.623887050682679e+34, 3.076408472129684e+34], [3.262390636124876e+43, 3.319830346878404e+43], [2.2536697023574077e+30, 2.965135890847496e+30], [2.523907412917316e+34, 4.769540419729194e+34], [2.5352512277413666e+30, 3.456719251593781e+30], [2.2536696841990128e+30, 2.965135862040794e+30]]
Population:
[[-8.74485669e+00  2.97786417e+00  7.63729175e+00  3.46038957e+00
  -7.58848480e+00  3.46038957e+00 -5.80001796e+00  1.21512337e-01
  -8.74485669e+00  6.95112820e-01  7.63729175e+00 -8.09349783e+00
  -9.31599109e+00  3.46038957e+00 -8.74485669e+00 -7.58848480e+00]
 [ 4.50931369e+00 -1.99509879e+00  1.31295706e+00  1.31295706e+00
   1.31295706e+00  1.31295706e+00  9.22613994e+00  1.31295706e+00
   4.50931369e+00 -1.13489630e-01  1.31295706e+00  4.50931369e+00
   4.50931369e+00 -7.92313302e+00  4.50931369e+00  1.31295706e+00]
 [ 3.47911940e+00 -5.55743653e-01 -3.60174890e+00 -5.55743653e-01
  -3.60174890e+00 -5.55743653e-01  8.54498875e+00 -5.55743653e-01
  -7.86082958e-01 -9.15206003e+00 -3.60174890e+00 -7.86082958e-01
   3.47911940e+00 -5.55743653e-01  3.47911940e+00 -3.60174890e+00]
 [-7.09022101e-01  9.69405699e+00  1.38148450e+00 -7.76655759e+00
   1.38148450e+00 -7.76655759e+00  3.05229103e+00 -7.76655759e+00
  -7.90766168e+00  4.39337049e-01  1.38148450e+00 -7.90766168e+00
  -7.09022101e-01  4.62010753e-11 -6.05378235e+00  1.38148450e+00]
 [-1.55452271e+00 -7.43165184e+00  9.78825473e+00 -7.61647816e+00
   9.78825473e+00 -7.61647816e+00 -4.31290135e+00 -7.61647816e+00
  -8.00473915e+00 -4.52779373e+00  9.78825473e+00 -8.00473915e+00
   3.27890300e+00 -7.61647816e+00  3.27890300e+00  9.78825473e+00]
 [-1.83669770e-15 -1.83669770e-15 -5.46288266e+00 -1.83669770e-15
  -1.83669770e-15 -1.83669770e-15 -1.83669770e-15 -1.83669770e-15
  -1.83669770e-15 -1.83669770e-15 -1.83669770e-15 -1.83669770e-15
  -1.83669770e-15 -1.83669770e-15 -1.83669770e-15 -1.83669770e-15]
 [-4.74660004e-01 -4.51727882e+00 -8.29634412e+00 -3.70267827e+00
  -8.29634412e+00 -3.70267827e+00 -4.74660004e-01 -3.70267827e+00
  -1.16649467e+00  6.37250295e+00 -8.29634412e+00 -1.16649467e+00
  -4.74660004e-01 -7.63700468e+00 -4.74660004e-01 -8.29634412e+00]
 [ 1.04351481e+00  1.06836343e+00  6.63346431e-01  7.67429840e+00
   6.63346431e-01 -1.62384445e+00  6.63346431e-01  3.78539345e+00
  -4.44403468e+00 -4.44403468e+00 -9.13226576e+00  1.04351481e+00
  -9.40986894e+00 -4.44403468e+00  1.04351481e+00 -4.44403468e+00]
 [ 2.86113253e+00  2.99492682e+00  7.79726985e+00  7.05325044e+00
   7.79726985e+00  2.86113253e+00  7.79726985e+00 -8.88877955e+00
  -3.84141571e+00 -3.84141571e+00 -3.36635965e+00  7.05325044e+00
   7.05325044e+00 -3.84141571e+00  2.86113253e+00 -3.84141571e+00]
 [-4.65616156e+00 -8.26738089e+00 -8.26738089e+00 -8.26738089e+00
  -8.26738089e+00 -1.52415408e+00 -8.26738089e+00  6.56320356e+00
   1.41135922e+00 -8.26738089e+00  2.34670769e+00 -8.26738089e+00
  -9.47631474e+00 -8.26738089e+00 -5.51367468e+00 -8.26738089e+00]
 [ 5.81420775e+00  4.73422133e+00  2.31606693e-01  2.31606693e-01
   2.31606693e-01  2.31606693e-01  2.31606693e-01  2.31606693e-01
   2.31606693e-01 -3.04301725e+00  2.31606693e-01  2.31606693e-01
   2.31606693e-01  2.31606693e-01  2.31606693e-01  2.31606693e-01]]
Train validation errors
[[1.4855278929916907e+34, 2.808133823243078e+34], [9.471330794766393e+33, 1.78854047409495e+34], [1.0941052485738179e+43, 1.1133683287900559e+43], [2.5382347190094796e+30, 3.4630951244592194e+30], [2.55486905729767e+30, 3.4909768518697953e+30], [1.8527945237199313e+31, 3.4763560106834893e+31], [2.5548689803757197e+30, 3.4909767306185235e+30], [5.934891538776992e+31, 1.1373431268292142e+32], [3.034096473402534e+31, 5.7678471463936345e+31], [4.682743787789315e+33, 8.881262539652916e+33], [3.5010674779058264e+31, 6.67145174476685e+31], [2.5352511303559766e+30, 3.456719097322754e+30], [1.4599625315395714e+30, 1.278771721341387e+30], [2.2536696866153336e+30, 2.965135866404548e+30], [6.884030024420163e+30, 1.2069316582957818e+31], [2.25366977537356e+30, 2.9651360041133824e+30]]
Population:
[[-9.31599109e+00  3.46038957e+00  2.97786417e+00 -8.74485669e+00
   3.46038957e+00 -8.74485669e+00 -8.74485669e+00 -7.58848480e+00
  -9.59523663e+00  3.46038957e+00 -9.31599109e+00 -7.58848480e+00
   3.46038957e+00 -9.31599109e+00  3.46038957e+00  1.21512337e-01]
 [ 4.50931369e+00 -7.00740218e-01 -1.99509879e+00  4.50931369e+00
  -7.92313302e+00  4.50931369e+00  4.50931369e+00  1.31295706e+00
  -1.28889669e+00  1.31295706e+00  4.50931369e+00  1.31295706e+00
   1.31295706e+00  4.50931369e+00  1.31295706e+00  1.31295706e+00]
 [ 3.47911940e+00 -5.55743653e-01 -5.55743653e-01  3.47911940e+00
  -5.55743653e-01  3.47911940e+00 -7.86082958e-01 -3.60174890e+00
   3.47911940e+00 -5.55743653e-01  1.40838817e+00 -3.60174890e+00
  -5.55743653e-01  3.47911940e+00 -5.55743653e-01 -5.55743653e-01]
 [-7.09022101e-01 -7.76655759e+00  9.69405699e+00 -1.34581960e+00
   4.62010753e-11 -6.05378235e+00 -7.90766168e+00  1.38148450e+00
  -7.09022101e-01 -7.76655759e+00 -7.09022101e-01  1.38148450e+00
  -7.76655759e+00 -7.09022101e-01 -7.76655759e+00 -7.76655759e+00]
 [ 3.27890300e+00 -7.61647816e+00 -7.43165184e+00  3.27890300e+00
  -7.61647816e+00  3.27890300e+00 -8.00473915e+00  9.78825473e+00
   3.27890300e+00 -7.61647816e+00  3.27890300e+00  9.78825473e+00
  -7.61647816e+00  3.27890300e+00 -7.61647816e+00 -7.61647816e+00]
 [-1.83669770e-15 -1.83669770e-15 -1.83669770e-15 -1.83669770e-15
  -1.83669770e-15 -1.83669770e-15 -1.83669770e-15 -1.83669770e-15
  -1.83669770e-15  8.82784464e+00 -1.83669770e-15 -1.83669770e-15
  -1.83669770e-15  9.04711369e+00 -1.83669770e-15 -1.83669770e-15]
 [-4.74660004e-01 -3.70267827e+00 -4.51727882e+00 -4.74660004e-01
  -7.63700468e+00 -4.74660004e-01 -1.16649467e+00 -8.29634412e+00
  -4.74660004e-01 -3.70267827e+00 -4.74660004e-01 -2.95891417e-01
  -3.70267827e+00  4.88580040e+00 -3.70267827e+00 -3.70267827e+00]
 [-1.62384445e+00 -9.40986894e+00  1.04351481e+00  1.06836343e+00
   1.04351481e+00 -4.44403468e+00 -4.44403468e+00 -4.44403468e+00
   5.22138231e+00 -9.40986894e+00 -4.44403468e+00 -9.40986894e+00
  -9.40986894e+00  7.67429840e+00  3.78539345e+00  7.67429840e+00]
 [ 2.86113253e+00  7.05325044e+00  2.86113253e+00  2.99492682e+00
   2.86113253e+00  5.21331279e+00 -3.84141571e+00 -3.84141571e+00
   7.05325044e+00 -3.91291658e+00 -3.84141571e+00  7.05325044e+00
   7.05325044e+00 -1.86516851e+00 -8.88877955e+00  7.05325044e+00]
 [-1.52415408e+00 -9.47631474e+00  9.08840957e+00 -8.26738089e+00
  -5.51367468e+00 -8.26738089e+00 -8.26738089e+00  3.31779532e+00
  -8.26738089e+00 -9.47631474e+00 -8.26738089e+00 -9.47631474e+00
  -9.47631474e+00 -8.26738089e+00  6.56320356e+00 -8.26738089e+00]
 [ 8.51954586e+00  2.31606693e-01  2.31606693e-01  4.73422133e+00
   2.31606693e-01  2.31606693e-01  2.31606693e-01  2.31606693e-01
   2.31606693e-01 -2.55926205e+00  5.76163982e+00  2.31606693e-01
   2.31606693e-01  2.31606693e-01  2.31606693e-01  2.31606693e-01]]
Train validation errors
[[3.271206845561772e+34, 6.1876234809580435e+34], [1.459962490206309e+30, 1.2787716658664445e+30], [7.940486387681579e+31, 1.524600901301214e+32], [9.471330798202348e+33, 1.788540474762923e+34], [6.884029926293872e+30, 1.206931640648741e+31], [2.484270538999126e+30, 3.3666495027137236e+30], [2.2536696841990128e+30, 2.965135862040794e+30], [4.013309292803835e+31, 7.662169359805793e+31], [2.5371306986879353e+30, 3.4607358302931964e+30], [2.857040341574561e+43, 2.907322937878537e+43], [1.4195538544932204e+34, 2.6815385402421484e+34], [1.4599625561654318e+30, 1.2787717542437657e+30], [1.459962490206309e+30, 1.278771665866532e+30], [3.0007926595709746e+43, 3.0536265203098526e+43], [5.934891538776994e+31, 1.1373431268292142e+32], [2.5382347190094745e+30, 3.4630951244592143e+30]]
Population:
[[-9.59523663e+00  3.46038957e+00  3.46038957e+00  1.21512337e-01
  -7.58848480e+00 -7.58848480e+00  3.46038957e+00 -8.74485669e+00
   1.21512337e-01  3.46038957e+00  3.46038957e+00 -8.74485669e+00
  -9.31599109e+00 -8.74485669e+00  3.46038957e+00 -9.59523663e+00]
 [-1.28889669e+00  1.31295706e+00 -7.92313302e+00 -3.82618928e-01
   4.01977954e+00  1.31295706e+00 -5.69250984e+00  4.50931369e+00
   1.31295706e+00  1.31295706e+00  1.31295706e+00  4.50931369e+00
   4.50931369e+00  1.47008330e+00  1.31295706e+00 -6.70249191e-01]
 [ 3.47911940e+00 -5.55743653e-01 -5.55743653e-01 -5.55743653e-01
  -3.60174890e+00 -3.60174890e+00 -5.55743653e-01 -7.86082958e-01
   1.27089666e+00 -5.55743653e-01 -5.55743653e-01  3.47911940e+00
   3.47911940e+00  3.47911940e+00 -7.33625824e-01  3.47911940e+00]
 [-7.09022101e-01 -7.76655759e+00  4.62010753e-11 -7.76655759e+00
   1.38148450e+00  1.38148450e+00  4.62010753e-11 -7.90766168e+00
  -7.76655759e+00  9.87138428e+00 -7.76655759e+00 -1.34581960e+00
  -7.09022101e-01 -6.05378235e+00 -7.76655759e+00 -7.09022101e-01]
 [-1.24998281e+00 -7.61647816e+00 -7.61647816e+00 -7.61647816e+00
   9.78825473e+00  9.78825473e+00 -7.61647816e+00 -8.00473915e+00
  -7.61647816e+00  7.51712895e-01 -7.61647816e+00  3.27890300e+00
   3.27890300e+00  3.27890300e+00 -7.61647816e+00  3.27890300e+00]
 [-1.83669770e-15 -1.83669770e-15 -1.83669770e-15 -1.83669770e-15
  -1.83669770e-15 -1.83669770e-15 -1.83669770e-15 -1.83669770e-15
  -1.83669770e-15 -1.83669770e-15  8.82784464e+00 -1.83669770e-15
  -1.83669770e-15 -1.83669770e-15 -1.83669770e-15 -1.83669770e-15]
 [-4.74660004e-01 -3.70267827e+00 -7.63700468e+00 -3.70267827e+00
   1.24320060e+00 -8.29634412e+00 -7.63700468e+00 -1.16649467e+00
  -3.70267827e+00 -3.70267827e+00  5.95568528e+00 -4.74660004e-01
  -4.74660004e-01 -4.74660004e-01 -3.70267827e+00 -4.74660004e-01]
 [ 3.78539345e+00  5.22138231e+00  7.67429840e+00  1.04351481e+00
  -4.44403468e+00 -9.40986894e+00 -4.44403468e+00 -8.62035306e+00
   3.78539345e+00  7.67429840e+00  1.06836343e+00 -9.40986894e+00
   5.76118166e+00 -1.62384445e+00  5.22138231e+00 -9.40986894e+00]
 [-8.88877955e+00  7.05325044e+00  7.05325044e+00  2.86113253e+00
   7.20642886e+00  7.05325044e+00 -3.31619076e+00  2.86113253e+00
  -8.88877955e+00  7.05325044e+00  2.99492682e+00 -3.91291658e+00
   5.21331279e+00 -9.39161624e+00  7.05325044e+00  3.76016997e-01]
 [ 6.56320356e+00 -8.26738089e+00 -3.56096867e+00 -5.51367468e+00
   3.31779532e+00 -9.47631474e+00 -8.26738089e+00 -5.51367468e+00
  -2.64193230e+00 -8.26738089e+00 -8.26738089e+00 -9.47631474e+00
  -8.26738089e+00 -1.52415408e+00 -8.26738089e+00  7.63564963e-01]
 [ 2.31606693e-01  2.31606693e-01  2.31606693e-01  2.31606693e-01
   2.31606693e-01  2.31606693e-01  2.31606693e-01  2.31606693e-01
   1.85066777e+00 -1.53713440e+00  4.73422133e+00 -2.55926205e+00
   2.31606693e-01  8.51954586e+00  2.31606693e-01  2.31606693e-01]]
Train validation errors
[[5.934891555240924e+31, 1.1373431301547129e+32], [2.5371306389287284e+30, 3.460735735501265e+30], [1.2088775633853393e+31, 2.2222184111951205e+31], [6.884029925161543e+30, 1.2069316403828892e+31], [4.140661826682232e+31, 7.908305735634673e+31], [1.459962556165433e+30, 1.278771754243769e+30], [2.2666758764863628e+30, 2.98770865831447e+30], [6.875424157029886e+30, 1.2051784385281586e+31], [1.4598104179942693e+33, 2.7574751800486845e+33], [1.3142289477332662e+33, 2.4974509187964204e+33], [2.85719233252273e+43, 2.9075303132511393e+43], [3.4397680125171254e+33, 6.529029489183054e+33], [2.4887985664390488e+30, 3.376331908016068e+30], [3.267195374638247e+34, 6.179934189955584e+34], [2.5371306389282594e+30, 3.460735735500604e+30], [2.7723684698583816e+31, 5.260393052844176e+31]]
Population:
[[-7.58848480e+00  3.46038957e+00  3.46038957e+00 -9.59523663e+00
  -7.58848480e+00 -8.74485669e+00 -7.58848480e+00 -8.74485669e+00
   3.46038957e+00 -7.58848480e+00 -9.59523663e+00  3.46038957e+00
   3.46038957e+00 -9.59523663e+00  8.28695565e+00 -9.33631046e+00]
 [ 4.01977954e+00 -5.69250984e+00  1.31295706e+00 -6.70249191e-01
   1.31295706e+00  4.50931369e+00  4.01977954e+00  4.50931369e+00
  -5.69250984e+00  1.31295706e+00 -6.70249191e-01 -5.69250984e+00
   1.31295706e+00 -6.70249191e-01 -5.69250984e+00  1.31295706e+00]
 [-3.60174890e+00 -5.55743653e-01 -7.33625824e-01  3.47911940e+00
  -3.60174890e+00 -7.86082958e-01 -3.60174890e+00  3.47911940e+00
  -5.55743653e-01 -3.60174890e+00  3.47911940e+00 -5.55743653e-01
  -7.33625824e-01  3.47911940e+00 -5.55743653e-01 -3.60174890e+00]
 [ 1.38148450e+00  4.62010753e-11 -7.76655759e+00 -7.09022101e-01
   3.13608942e+00 -7.90766168e+00  1.38148450e+00 -1.34581960e+00
   4.62010753e-11  1.38148450e+00 -7.09022101e-01  4.62010753e-11
  -7.76655759e+00 -7.09022101e-01  4.62010753e-11  1.38148450e+00]
 [ 9.78825473e+00 -7.61647816e+00 -7.61647816e+00  3.27890300e+00
   9.78825473e+00 -4.26833323e+00  9.78825473e+00  3.27890300e+00
  -7.61647816e+00  9.78825473e+00  3.27890300e+00 -7.61647816e+00
  -7.61647816e+00  3.27890300e+00 -7.61647816e+00  9.78825473e+00]
 [-1.83669770e-15 -1.83669770e-15 -1.83669770e-15 -1.83669770e-15
  -1.83669770e-15 -1.83669770e-15 -1.83669770e-15 -1.83669770e-15
  -1.83669770e-15 -1.83669770e-15 -1.83669770e-15 -1.83669770e-15
  -1.83669770e-15 -1.83669770e-15 -1.83669770e-15 -1.83669770e-15]
 [ 1.24320060e+00 -7.63700468e+00 -3.70267827e+00 -4.74660004e-01
  -8.29634412e+00 -1.16649467e+00  1.24320060e+00 -4.74660004e-01
  -5.10834966e+00 -8.29634412e+00 -4.74660004e-01  2.56567130e+00
  -3.70267827e+00 -4.74660004e-01 -7.63700468e+00 -8.29634412e+00]
 [ 3.32016929e+00 -4.44403468e+00 -9.40986894e+00  5.22138231e+00
  -8.62035306e+00 -9.40986894e+00 -9.40986894e+00 -4.44403468e+00
  -9.40986894e+00 -4.44403468e+00 -3.51891868e-01 -9.40986894e+00
   1.50231885e+00  5.22138231e+00 -9.40986894e+00 -4.44403468e+00]
 [-3.31619076e+00  7.20642886e+00  3.76016997e-01  7.05325044e+00
   2.86113253e+00  7.05325044e+00 -3.91291658e+00  7.20642886e+00
   7.05325044e+00 -3.31619076e+00 -9.78554010e+00 -6.84610534e+00
   3.76016997e-01  9.94309617e+00  7.05325044e+00  6.46550941e+00]
 [-8.26738089e+00  3.31779532e+00  7.63564963e-01 -8.26738089e+00
  -5.51367468e+00 -9.47631474e+00 -9.47631474e+00  3.31779532e+00
  -9.47631474e+00 -8.26738089e+00 -8.26738089e+00  7.63564963e-01
   3.02202796e+00 -8.26738089e+00 -9.47631474e+00 -8.26738089e+00]
 [ 2.31606693e-01  2.31606693e-01 -9.05402744e+00  2.31606693e-01
   2.31606693e-01  2.31606693e-01 -2.55926205e+00  2.31606693e-01
   2.31606693e-01  2.31606693e-01  2.31606693e-01  2.31606693e-01
   2.31606693e-01  2.31606693e-01  2.31606693e-01  2.31606693e-01]]
Train validation errors
[[2.2699043569739623e+30, 2.994631484779716e+30], [4.140661789502874e+31, 7.908305661531119e+31], [3.7076162160397825e+34, 7.013757071522317e+34], [2.5371306986879466e+30, 3.460735830293245e+30], [6.875424320189664e+30, 1.2051784680341326e+31], [1.4599625028508888e+30, 1.2787716826716977e+30], [3.439768011231093e+33, 6.529029486652716e+33], [4.140661812688609e+31, 7.908305707734172e+31], [1.4599624903887044e+30, 1.2787716666704294e+30], [2.2666759655324407e+30, 2.987708796587078e+30], [2.1112651306165538e+30, 2.7193004242400863e+30], [2.703988214232358e+31, 5.129014921748231e+31], [3.900980783446108e+31, 7.444943385904873e+31], [2.614547377280271e+30, 3.5962957370963014e+30], [1.4599624903887098e+30, 1.2787716666704341e+30], [2.5172266146660715e+30, 3.4242419986625697e+30]]
Population:
[[-7.58848480e+00  8.28695565e+00 -8.74485669e+00 -8.74485669e+00
   8.28695565e+00 -7.58848480e+00 -7.58848480e+00 -8.74485669e+00
  -7.58848480e+00  3.46038957e+00 -9.59523663e+00 -8.74485669e+00
   3.46038957e+00 -9.33631046e+00  3.46038957e+00  3.46038957e+00]
 [ 1.31295706e+00 -5.69250984e+00  4.50931369e+00  4.50931369e+00
   2.71307676e+00  4.01977954e+00  1.31295706e+00  4.50931369e+00
   4.01977954e+00 -5.69250984e+00 -6.70249191e-01  4.50931369e+00
  -5.69250984e+00  1.31295706e+00 -9.20897844e+00 -5.69250984e+00]
 [-3.60174890e+00 -5.55743653e-01 -7.86082958e-01  3.47911940e+00
  -5.55743653e-01 -3.60174890e+00 -3.60174890e+00 -7.86082958e-01
  -3.60174890e+00 -5.55743653e-01  3.47911940e+00 -7.86082958e-01
  -5.55743653e-01 -3.60174890e+00 -7.33625824e-01 -5.55743653e-01]
 [ 1.38148450e+00  4.62010753e-11 -7.90766168e+00 -1.34581960e+00
   4.62010753e-11  1.38148450e+00  3.13608942e+00 -7.90766168e+00
   1.38148450e+00  4.62010753e-11  8.10933578e+00 -7.90766168e+00
   4.62010753e-11  1.38148450e+00 -7.76655759e+00  4.62010753e-11]
 [ 9.78825473e+00 -7.61647816e+00 -4.26833323e+00  3.27890300e+00
  -7.61647816e+00  9.78825473e+00  9.78825473e+00 -4.26833323e+00
   9.78825473e+00 -7.61647816e+00  3.27890300e+00 -4.26833323e+00
  -7.61647816e+00  9.78825473e+00 -7.61647816e+00 -6.22369055e+00]
 [-1.83669770e-15 -1.83669770e-15 -1.83669770e-15 -1.83669770e-15
  -1.83669770e-15 -1.83669770e-15 -1.83669770e-15 -1.83669770e-15
  -1.83669770e-15 -1.83669770e-15 -1.83669770e-15 -1.83669770e-15
  -1.83669770e-15  2.88641632e+00 -1.83669770e-15 -1.83669770e-15]
 [-8.29634412e+00 -7.63700468e+00 -1.16649467e+00 -4.74660004e-01
  -7.63700468e+00  1.24320060e+00 -8.29634412e+00  9.34669971e+00
   1.24320060e+00  2.56567130e+00 -4.74660004e-01 -1.16649467e+00
  -7.63700468e+00 -8.29634412e+00 -3.70267827e+00  2.56567130e+00]
 [-9.40986894e+00 -4.44403468e+00 -4.44403468e+00 -9.40986894e+00
   8.20474458e+00 -9.40986894e+00 -9.40986894e+00 -8.62035306e+00
  -9.40986894e+00  3.32016929e+00 -9.40986894e+00  3.21107696e+00
  -4.44403468e+00 -7.28618523e+00 -9.40986894e+00  1.50231885e+00]
 [ 7.05325044e+00  5.75278339e+00  7.20642886e+00  7.05325044e+00
  -3.91291658e+00  7.05325044e+00  7.05325044e+00  2.86113253e+00
  -6.84610534e+00 -3.31619076e+00  7.05325044e+00  9.94309617e+00
   6.46550941e+00  7.20642886e+00 -6.84610534e+00  3.76016997e-01]
 [-9.47631474e+00 -8.26738089e+00  4.57266779e+00 -9.47631474e+00
  -9.47631474e+00  9.87214604e-02 -9.47631474e+00 -5.51367468e+00
   7.63564963e-01 -8.26738089e+00 -9.47631474e+00 -8.26738089e+00
  -8.26738089e+00  3.31779532e+00  7.63564963e-01  3.02202796e+00]
 [ 2.31606693e-01  2.31606693e-01  2.31606693e-01  2.31606693e-01
  -2.55926205e+00  2.31606693e-01  2.31606693e-01  2.31606693e-01
   2.31606693e-01  2.31606693e-01 -5.50633440e+00  2.31606693e-01
   2.31606693e-01  2.31606693e-01  2.31606693e-01  2.31606693e-01]]
Train validation errors
[[1.459962556165433e+30, 1.278771754243769e+30], [2.4984368307682528e+30, 3.3913997932184017e+30], [4.872446647820707e+31, 9.32319837511379e+31], [1.459962531524617e+30, 1.2787717212754492e+30], [3.439391405895369e+33, 6.528282443315559e+33], [2.538902325628818e+31, 4.806750184641467e+31], [1.459962556206639e+30, 1.2787717544254533e+30], [6.875424190956884e+30, 1.205178444645286e+31], [2.7039882445298154e+31, 5.12901498129146e+31], [2.2699042678501134e+30, 2.9946313463309347e+30], [1.4721099783675236e+34, 2.789536697956944e+34], [2.613623860379226e+30, 3.594323830075126e+30], [2.5172265202584867e+30, 3.4242418498874243e+30], [3.054474860912891e+42, 3.108260609582635e+42], [2.70398821397002e+31, 5.129014921191644e+31], [3.9009807866515983e+31, 7.444943392319131e+31]]
Population:
[[-8.74485669e+00  8.28695565e+00 -7.58848480e+00 -8.74485669e+00
   8.28695565e+00  1.16264075e+00 -7.58848480e+00 -7.58848480e+00
   8.28695565e+00 -7.58848480e+00  3.46038957e+00  3.46038957e+00
   8.28695565e+00 -8.74485669e+00  3.46038957e+00 -7.58848480e+00]
 [ 4.50931369e+00 -5.69250984e+00  4.01977954e+00  4.50931369e+00
  -5.69250984e+00  1.31295706e+00  1.31295706e+00  4.01977954e+00
   2.71307676e+00  1.31295706e+00 -5.69250984e+00 -5.69250984e+00
  -5.69250984e+00  4.50931369e+00 -5.69250984e+00  1.31295706e+00]
 [ 6.70481819e+00  1.87082838e+00 -3.60174890e+00 -9.63549796e+00
  -5.55743653e-01 -3.60174890e+00 -3.60174890e+00 -3.60174890e+00
  -5.55743653e-01 -3.60174890e+00 -5.55743653e-01 -5.55743653e-01
  -5.55743653e-01 -7.86082958e-01  7.12036341e+00 -3.60174890e+00]
 [-7.90766168e+00  4.62010753e-11  1.78478894e+00 -7.90766168e+00
   4.62010753e-11  3.13608942e+00  3.13608942e+00  1.38148450e+00
  -8.07400778e+00  1.38148450e+00  4.62010753e-11  4.62010753e-11
   4.62010753e-11  3.30049422e-01  4.62010753e-11  3.13608942e+00]
 [-4.26833323e+00 -7.61647816e+00  9.78825473e+00 -4.26833323e+00
  -7.61647816e+00  9.78825473e+00  9.78825473e+00  9.78825473e+00
  -7.61647816e+00  9.78825473e+00 -7.61647816e+00 -7.61647816e+00
  -7.61647816e+00 -4.26833323e+00 -7.61647816e+00  9.78825473e+00]
 [-1.83669770e-15 -1.83669770e-15 -1.12383690e+00 -1.83669770e-15
  -1.83669770e-15 -1.83669770e-15 -1.83669770e-15 -1.83669770e-15
  -1.83669770e-15 -1.83669770e-15 -1.83669770e-15 -1.83669770e-15
  -1.83669770e-15 -1.83669770e-15  3.28318186e+00 -1.83669770e-15]
 [ 3.22962299e+00 -7.63700468e+00  1.24320060e+00  9.62672187e-01
  -7.63700468e+00 -8.29634412e+00 -8.29634412e+00  8.45239867e+00
  -7.63700468e+00 -8.29634412e+00  2.56567130e+00 -7.63700468e+00
  -7.63700468e+00  9.34669971e+00 -7.63700468e+00 -8.29634412e+00]
 [-4.44403468e+00 -8.62035306e+00 -4.44403468e+00 -9.40986894e+00
  -9.40986894e+00 -4.44403468e+00 -9.40986894e+00 -9.40986894e+00
  -9.40986894e+00  8.20474458e+00 -4.44403468e+00  3.32016929e+00
  -8.62035306e+00 -4.44403468e+00 -9.40986894e+00 -4.44403468e+00]
 [ 5.75278339e+00  2.86113253e+00  7.20642886e+00 -1.53190414e+00
   7.05325044e+00  5.75278339e+00 -6.84610534e+00  7.05325044e+00
   7.05325044e+00 -2.16177190e+00  1.92690584e+00 -3.31619076e+00
   2.86113253e+00  8.47173547e+00  7.05325044e+00  6.46550941e+00]
 [-8.26738089e+00 -5.51367468e+00  4.57266779e+00  7.63564963e-01
  -9.47631474e+00 -8.26738089e+00  7.63564963e-01 -9.47631474e+00
  -9.47631474e+00 -9.47631474e+00 -8.26738089e+00 -8.26738089e+00
  -5.51367468e+00 -8.26738089e+00 -9.47631474e+00 -8.26738089e+00]
 [ 2.31606693e-01  2.31606693e-01  2.31606693e-01  2.31606693e-01
  -4.29958445e+00  2.31606693e-01  2.31606693e-01  2.31606693e-01
   2.31606693e-01 -2.55926205e+00 -9.78828423e+00  2.31606693e-01
   2.31606693e-01  2.31606693e-01 -6.12927117e+00  2.31606693e-01]]
Train validation errors
[[2.4984368483777625e+30, 3.391399820278274e+30], [6.875424161718088e+30, 1.2051784394361507e+31], [4.63035363882687e+41, 4.711847643996064e+41], [2.754220218904044e+31, 5.225523580991539e+31], [9.143800615262787e+33, 1.7334061181313746e+34], [2.4984369248919192e+30, 3.3913999415379106e+30], [2.703988244589003e+31, 5.129014981417035e+31], [1.4599625561654303e+30, 1.2787717542438808e+30], [1.4599624901990947e+30, 1.2787716658347642e+30], [3.4375334523245504e+33, 6.524711587295483e+33], [4.497534563495193e+34, 8.515744648007416e+34], [2.2699042678501162e+30, 2.9946313463309415e+30], [6.875424161708003e+30, 1.2051784394344105e+31], [2.570567395544917e+30, 3.517561097015202e+30], [3.95140878408054e+42, 4.0208099228112166e+42], [2.517226614773523e+30, 3.4242419989738017e+30]]
Population:
[[-8.74485669e+00  8.28695565e+00 -8.74485669e+00  8.28695565e+00
  -7.58848480e+00  1.16264075e+00  8.28695565e+00 -7.58848480e+00
   8.30381203e+00  8.28695565e+00  8.28695565e+00  3.46038957e+00
   1.16264075e+00  8.28695565e+00 -7.58848480e+00  8.28695565e+00]
 [ 4.50931369e+00  2.71307676e+00  4.50931369e+00 -5.69250984e+00
   1.31295706e+00  1.31295706e+00 -2.81157599e+00  1.31295706e+00
   4.50931369e+00 -5.69250984e+00  1.75523529e+00 -5.69250984e+00
   1.31295706e+00 -5.69250984e+00  4.01977954e+00  9.23360543e+00]
 [ 6.70481819e+00 -5.55743653e-01  6.70481819e+00  1.87082838e+00
  -3.60174890e+00 -9.14336497e+00 -5.55743653e-01 -3.60174890e+00
   6.70481819e+00  1.87082838e+00  2.51609986e+00  7.12036341e+00
  -3.60174890e+00  1.87082838e+00 -3.60174890e+00  1.87082838e+00]
 [-7.90766168e+00 -1.90910244e+00 -7.90766168e+00  4.62010753e-11
   3.13608942e+00  3.13608942e+00 -8.07400778e+00 -6.67146390e+00
  -7.90766168e+00  4.62010753e-11 -5.82135115e+00  4.62010753e-11
   3.13608942e+00  4.62010753e-11  3.95364702e+00  9.97527667e+00]
 [-4.26833323e+00 -7.61647816e+00  7.18914602e+00 -7.61647816e+00
   9.78825473e+00  9.78825473e+00 -7.61647816e+00  9.78825473e+00
  -4.26833323e+00 -7.61647816e+00 -7.61647816e+00 -7.61647816e+00
   9.78825473e+00 -7.61647816e+00  9.78825473e+00 -7.61647816e+00]
 [-1.83669770e-15 -1.83669770e-15 -1.83669770e-15 -1.83669770e-15
  -1.83669770e-15 -1.83669770e-15 -1.83669770e-15 -1.83669770e-15
  -1.83669770e-15 -1.83669770e-15 -1.83669770e-15  3.28318186e+00
  -1.83669770e-15 -1.83669770e-15 -1.83669770e-15 -1.83669770e-15]
 [ 3.22962299e+00 -9.59299233e+00  3.22962299e+00  5.03431610e+00
  -8.29634412e+00 -8.29634412e+00 -7.63700468e+00 -8.29634412e+00
   3.22962299e+00 -4.34996776e+00 -7.63700468e+00 -7.63700468e+00
  -8.29634412e+00 -7.63700468e+00  8.45239867e+00 -7.63700468e+00]
 [-3.09452456e+00 -4.44403468e+00 -8.62035306e+00 -4.44403468e+00
  -4.44403468e+00 -9.40986894e+00  8.20474458e+00 -9.40986894e+00
  -8.62035306e+00 -4.44403468e+00 -9.40986894e+00 -9.40986894e+00
  -8.62035306e+00 -4.44403468e+00 -8.62035306e+00 -8.60119449e+00]
 [ 7.05325044e+00  5.75278339e+00  2.86113253e+00  5.75278339e+00
  -3.21930339e-01 -6.84610534e+00 -2.16177190e+00  7.05325044e+00
   2.86113253e+00  5.75278339e+00  7.05325044e+00  7.05325044e+00
   2.86113253e+00 -5.08202512e-01  2.86113253e+00  7.05325044e+00]
 [-9.47631474e+00 -8.26738089e+00 -5.51367468e+00 -8.26738089e+00
  -8.26738089e+00 -6.99484292e+00 -9.47631474e+00 -9.47631474e+00
  -5.51367468e+00 -8.26738089e+00 -9.47631474e+00 -9.47631474e+00
  -5.51367468e+00 -8.26738089e+00 -5.51367468e+00 -9.47631474e+00]
 [ 2.31606693e-01  2.31606693e-01  2.31606693e-01  2.31606693e-01
   2.31606693e-01  2.31606693e-01  2.25207427e+00  2.31606693e-01
   2.31606693e-01  2.31606693e-01  2.61048895e+00  2.31606693e-01
   2.31606693e-01  2.31606693e-01  2.31606693e-01  2.31606693e-01]]
Train validation errors
[[1.461538406979843e+30, 1.2823903226658795e+30], [2.498436830652267e+30, 3.3913997928821804e+30], [6.875424295023274e+30, 1.205178463408491e+31], [2.498436830774603e+30, 3.391399793227304e+30], [2.3416933322847072e+30, 3.1180814606580494e+30], [3.777221382971925e+30, 6.010961160458733e+30], [1.9254827365342562e+33, 3.6248544753851737e+33], [1.459962555976312e+30, 1.2787717534099113e+30], [6.87542419098806e+30, 1.2051784446506633e+31], [2.498436830774605e+30, 3.391399793227311e+30], [2.6620494588056527e+33, 5.0155604456322175e+33], [3.95189990748654e+42, 4.0214799747655007e+42], [6.875424320189681e+30, 1.2051784680341355e+31], [2.336983237373847e+30, 3.109887127755836e+30], [6.875424320308934e+30, 1.205178468062147e+31], [1.4601641246418728e+30, 1.2792347204228197e+30]]
Population:
[[ 8.28695565e+00  8.28695565e+00  8.28695565e+00  8.28695565e+00
   8.28695565e+00  8.28695565e+00  6.06485918e+00  3.46038957e+00
   8.30381203e+00  8.28695565e+00 -8.74485669e+00  8.28695565e+00
   8.28695565e+00  8.28695565e+00  8.28695565e+00  8.30381203e+00]
 [-5.69250984e+00 -6.70325593e+00 -5.69250984e+00  1.75523529e+00
  -5.69250984e+00 -5.69250984e+00  2.71307676e+00 -5.69250984e+00
   4.50931369e+00  2.71307676e+00  4.50931369e+00 -5.69250984e+00
  -5.69250984e+00  9.23360543e+00 -5.69250984e+00  4.50931369e+00]
 [ 1.87082838e+00  1.87082838e+00  1.87082838e+00  2.51609986e+00
   1.87082838e+00  1.87082838e+00 -5.55743653e-01  3.85344162e+00
   6.70481819e+00 -5.55743653e-01  6.70481819e+00  1.87082838e+00
   1.87082838e+00  1.87082838e+00  9.92228288e+00  6.70481819e+00]
 [ 4.62010753e-11  4.62010753e-11  4.62010753e-11 -5.82135115e+00
   4.62010753e-11  4.62010753e-11 -1.90910244e+00  4.62010753e-11
  -7.90766168e+00 -1.90910244e+00 -7.90766168e+00  4.62010753e-11
   4.62010753e-11  9.97527667e+00  4.62010753e-11 -7.90766168e+00]
 [-7.61647816e+00 -7.61647816e+00 -7.61647816e+00 -6.32383609e+00
  -7.61647816e+00 -7.61647816e+00 -7.61647816e+00 -7.61647816e+00
  -8.83690854e+00 -7.61647816e+00 -1.87737040e+00 -7.61647816e+00
  -7.61647816e+00 -7.61647816e+00 -7.61647816e+00 -4.26833323e+00]
 [-1.83669770e-15 -1.83669770e-15 -1.83669770e-15 -1.83669770e-15
  -1.83669770e-15 -1.83669770e-15 -1.83669770e-15  7.41979837e+00
  -1.83669770e-15 -1.83669770e-15 -1.83669770e-15 -1.83669770e-15
  -1.83669770e-15 -1.83669770e-15  1.65903643e+00 -1.83669770e-15]
 [ 5.03431610e+00 -7.63700468e+00 -4.34996776e+00 -7.63700468e+00
  -7.63700468e+00  5.03431610e+00 -9.59299233e+00 -7.26609220e+00
   3.22962299e+00 -9.59299233e+00  2.72187430e+00  5.03431610e+00
  -7.63700468e+00 -7.63700468e+00 -1.97913049e+00  3.22962299e+00]
 [-4.44403468e+00 -4.44403468e+00 -9.40986894e+00 -4.44403468e+00
  -4.44403468e+00 -4.44403468e+00 -9.40986894e+00 -4.44403468e+00
  -4.44403468e+00  2.82650688e-01 -3.41089158e+00 -8.62035306e+00
  -8.60119449e+00 -4.44403468e+00 -8.62035306e+00 -4.44403468e+00]
 [-5.08202512e-01  5.75278339e+00  7.05325044e+00  5.75278339e+00
   5.75278339e+00 -5.08202512e-01  7.05325044e+00  5.75278339e+00
   5.75278339e+00  2.86113253e+00  5.75278339e+00  2.86113253e+00
   7.05325044e+00 -5.08202512e-01  2.86113253e+00  5.75278339e+00]
 [-8.26738089e+00 -8.26738089e+00 -9.47631474e+00 -8.26738089e+00
  -8.26738089e+00 -8.26738089e+00 -9.47631474e+00 -8.26738089e+00
  -8.26738089e+00 -3.09485436e+00 -8.26738089e+00 -5.51367468e+00
  -9.47631474e+00 -8.26738089e+00 -6.95116719e+00 -8.26738089e+00]
 [ 2.31606693e-01  2.31606693e-01  2.61048895e+00  2.31606693e-01
   2.31606693e-01  1.23742048e+00  2.31606693e-01  2.31606693e-01
   2.31606693e-01  2.31606693e-01 -7.23742176e+00  2.31606693e-01
   2.31606693e-01  2.31606693e-01  2.31606693e-01  2.31606693e-01]]
Train validation errors
[[2.3369832373738433e+30, 3.109887127755828e+30], [2.4984368307745885e+30, 3.391399793227235e+30], [2.6620494588247186e+33, 5.015560445673257e+33], [2.498436837399257e+30, 3.3913998031783785e+30], [2.4984368307746057e+30, 3.391399793227312e+30], [5.1992599432037315e+32, 9.751709950458328e+32], [1.4599624903438736e+30, 1.2787716664731202e+30], [2.0183670803038748e+43, 2.0539038149693792e+43], [2.4984368237192358e+30, 3.39139978148831e+30], [1.3212436995518174e+31, 2.442698242056605e+31], [2.4868390291250847e+34, 4.7099215026068775e+34], [6.875424161718086e+30, 1.2051784394361493e+31], [1.4601641244074922e+30, 1.279234719389033e+30], [2.3369832379450016e+30, 3.109887129435883e+30], [1.009088101741895e+42, 1.0268557846925392e+42], [2.4984368483777853e+30, 3.3913998202783003e+30]]
Population:
[[ 8.28695565e+00  8.28695565e+00  6.06485918e+00  8.28695565e+00
   8.28695565e+00  4.69911900e+00  8.28695565e+00  6.06485918e+00
   8.28695565e+00  8.28695565e+00  8.28695565e+00  8.28695565e+00
   8.28695565e+00  8.28695565e+00  6.06485918e+00  8.28695565e+00]
 [ 2.71307676e+00 -5.69250984e+00  2.71307676e+00 -5.69250984e+00
  -6.70325593e+00 -5.69250984e+00 -6.70325593e+00  2.71307676e+00
  -5.69250984e+00 -5.69250984e+00 -6.55989015e+00 -5.69250984e+00
  -5.69250984e+00 -5.69250984e+00  2.71307676e+00 -5.69250984e+00]
 [-5.55743653e-01  1.87082838e+00 -5.55743653e-01  1.87082838e+00
   1.87082838e+00  1.87082838e+00  7.70991431e-01 -5.55743653e-01
   1.87082838e+00  1.87082838e+00  1.87082838e+00  1.87082838e+00
   1.87082838e+00  1.87082838e+00 -5.55743653e-01  1.87082838e+00]
 [-1.90910244e+00  4.62010753e-11 -1.90910244e+00  4.62010753e-11
   9.09639424e+00  4.62010753e-11  4.62010753e-11 -1.90910244e+00
   4.62010753e-11 -1.10994391e+00  4.62010753e-11 -9.34979928e+00
   4.62010753e-11  4.62010753e-11 -1.90910244e+00 -7.10359396e+00]
 [-3.76372820e+00 -7.61647816e+00 -7.61647816e+00 -7.61647816e+00
   6.06154371e+00 -7.61647816e+00 -7.61647816e+00 -7.61647816e+00
   9.21227551e+00 -7.61647816e+00 -7.61647816e+00 -7.61647816e+00
  -7.61647816e+00 -7.61647816e+00 -7.61647816e+00 -7.61647816e+00]
 [-1.83669770e-15 -1.83669770e-15 -1.83669770e-15 -1.83669770e-15
  -1.83669770e-15 -1.83669770e-15 -1.83669770e-15 -1.83669770e-15
  -1.83669770e-15 -1.83669770e-15 -1.83669770e-15 -4.41623517e-01
  -1.83669770e-15 -1.83669770e-15 -1.83669770e-15 -1.83669770e-15]
 [-9.59299233e+00  5.03431610e+00 -9.59299233e+00 -7.63700468e+00
  -3.80218369e+00 -4.34996776e+00 -7.63700468e+00 -9.59299233e+00
   5.03431610e+00  5.03431610e+00 -7.63700468e+00 -7.63700468e+00
   5.03431610e+00 -7.63700468e+00 -9.59299233e+00  5.03431610e+00]
 [-4.44403468e+00  2.82650688e-01 -4.44403468e+00 -9.40986894e+00
  -9.40986894e+00 -4.44403468e+00 -9.40986894e+00 -4.44403468e+00
  -4.44403468e+00 -6.59293712e-01 -3.21893316e+00 -4.44403468e+00
  -8.60119449e+00 -8.62035306e+00 -4.44403468e+00 -8.27116100e-01]
 [-5.08202512e-01  2.86113253e+00  5.75278339e+00  7.05325044e+00
   7.05325044e+00  5.75278339e+00  7.05325044e+00  5.75278339e+00
  -5.08202512e-01  2.86113253e+00  5.75278339e+00  5.75278339e+00
   7.05325044e+00  2.86113253e+00 -5.08202512e-01  7.05325044e+00]
 [-8.26738089e+00 -3.09485436e+00 -8.26738089e+00 -9.47631474e+00
  -9.47631474e+00 -8.26738089e+00 -9.47631474e+00 -8.26738089e+00
  -8.26738089e+00 -5.51367468e+00 -8.26738089e+00 -8.26738089e+00
  -9.47631474e+00 -5.51367468e+00 -8.26738089e+00 -4.37903432e+00]
 [ 2.31606693e-01  2.31606693e-01  2.31606693e-01  2.31606693e-01
   2.61048895e+00  2.31606693e-01  2.31606693e-01  2.31606693e-01
   1.23742048e+00  2.31606693e-01  2.31606693e-01  2.31606693e-01
   2.31606693e-01  2.31606693e-01  2.31606693e-01  2.31606693e-01]]
Train validation errors
[[2.3369832572948902e+30, 3.109887158653129e+30], [1.321243699595452e+31, 2.442698242152739e+31], [2.4984368306522643e+30, 3.3913997928821764e+30], [1.4599624903934205e+30, 1.2787716666756102e+30], [2.6620494612321893e+33, 5.0155604503517294e+33], [2.4984368307745998e+30, 3.391399793227305e+30], [1.4599624903912855e+30, 1.2787716666732205e+30], [2.4984368306522643e+30, 3.3913997928821764e+30], [5.1992599561783945e+32, 9.751709975467861e+32], [6.882513074741048e+30, 1.206622625522246e+31], [2.4989821663202614e+30, 3.3925657798627846e+30], [7.150162374009528e+40, 7.276029684758102e+40], [1.46016412440749e+30, 1.279234719389027e+30], [6.875424161718088e+30, 1.2051784394361507e+31], [2.3369832372585714e+30, 3.1098871274266286e+30], [9.805928189875292e+30, 1.7766614048247895e+31]]
Population:
[[ 6.06485918e+00  8.28695565e+00  8.28695565e+00  4.69911900e+00
   6.06485918e+00  8.28695565e+00  6.06485918e+00  8.28695565e+00
  -1.10237848e+00  6.06485918e+00  6.06485918e+00 -4.53477870e+00
   8.28695565e+00  8.28695565e+00  6.06485918e+00  8.28695565e+00]
 [ 2.71307676e+00 -5.69250984e+00 -5.69250984e+00 -5.69250984e+00
   2.71307676e+00  2.71307676e+00  2.71307676e+00 -6.70325593e+00
   2.71307676e+00  2.71307676e+00  2.71307676e+00  2.71307676e+00
  -5.69250984e+00 -5.69250984e+00  2.71307676e+00 -5.69250984e+00]
 [-5.55743653e-01  1.87082838e+00  1.87082838e+00  1.87082838e+00
  -5.55743653e-01 -5.55743653e-01 -5.55743653e-01  1.87082838e+00
  -5.55743653e-01 -5.55743653e-01 -5.55743653e-01 -5.55743653e-01
   1.87082838e+00  1.87082838e+00 -5.55743653e-01  1.87082838e+00]
 [-1.90910244e+00  4.62010753e-11  4.62010753e-11  7.96446856e-01
  -1.90910244e+00 -1.90910244e+00 -1.90910244e+00  9.09639424e+00
  -1.90910244e+00 -1.90910244e+00 -1.90910244e+00 -1.90910244e+00
   4.62010753e-11  3.72710770e+00 -1.90910244e+00  4.62010753e-11]
 [-7.61647816e+00 -7.61647816e+00 -7.61647816e+00  7.19284530e+00
  -7.61647816e+00 -3.76372820e+00 -7.61647816e+00  6.06154371e+00
  -3.76372820e+00 -7.61647816e+00 -7.61647816e+00 -3.76372820e+00
  -1.31360654e+00 -7.61647816e+00 -7.61647816e+00  4.20398976e-01]
 [-1.83669770e-15 -1.83669770e-15 -1.83669770e-15 -1.83669770e-15
  -1.83669770e-15 -1.83669770e-15 -1.83669770e-15 -1.20086910e+00
  -1.83669770e-15  8.37536002e+00 -1.83669770e-15 -1.83669770e-15
  -1.83669770e-15 -1.83669770e-15 -1.83669770e-15 -1.83669770e-15]
 [-9.59299233e+00 -7.63700468e+00 -7.63700468e+00 -4.34996776e+00
  -9.59299233e+00 -9.59299233e+00 -9.59299233e+00 -3.80218369e+00
  -9.59299233e+00  3.57243504e+00 -9.59299233e+00 -9.59299233e+00
   5.03431610e+00 -7.63700468e+00 -9.59299233e+00 -7.63700468e+00]
 [-8.62035306e+00 -4.44403468e+00  1.89517598e+00 -9.40986894e+00
  -4.44403468e+00 -4.44403468e+00 -9.40986894e+00 -4.44403468e+00
  -4.44403468e+00 -4.44403468e+00 -4.44403468e+00 -4.44403468e+00
   5.41817744e+00 -8.60119449e+00 -8.62035306e+00 -4.44403468e+00]
 [ 2.86113253e+00  5.75278339e+00  5.75278339e+00  7.05325044e+00
  -5.08202512e-01  5.75278339e+00  7.05325044e+00 -5.08202512e-01
   5.75278339e+00 -5.08202512e-01 -5.08202512e-01  5.75278339e+00
   8.69723769e+00  7.05325044e+00  2.86113253e+00  5.75278339e+00]
 [-5.51367468e+00 -8.26738089e+00 -8.26738089e+00 -9.47631474e+00
  -8.26738089e+00 -8.26738089e+00 -9.47631474e+00 -8.26738089e+00
  -8.26738089e+00 -8.26738089e+00 -8.26738089e+00 -8.26738089e+00
  -9.47631474e+00 -9.47631474e+00 -5.51367468e+00 -8.26738089e+00]
 [ 2.31606693e-01  2.31606693e-01  2.31606693e-01  2.31606693e-01
   2.31606693e-01  2.31606693e-01  9.28021666e+00 -9.82741237e+00
   2.31606693e-01  2.31606693e-01  2.31606693e-01  2.31606693e-01
   2.31606693e-01  2.31606693e-01  2.31606693e-01  2.31606693e-01]]
Train validation errors
[[6.875424161430289e+30, 1.2051784393692105e+31], [2.4984368307746057e+30, 3.391399793227312e+30], [2.5012597939186348e+30, 3.397435382060395e+30], [1.4599625463575994e+30, 1.2787717411559573e+30], [2.3369832372585714e+30, 3.1098871274266286e+30], [2.498436851447202e+30, 3.391399825594377e+30], [3.75116381860049e+34, 7.089274557918532e+34], [5.289795628627007e+41, 5.383910094029841e+41], [2.4984368514471897e+30, 3.3913998255943617e+30], [2.5717152448546475e+43, 2.61699452881817e+43], [2.3369832372585714e+30, 3.1098871274266286e+30], [2.4984368514471844e+30, 3.391399825594356e+30], [1.4921618991638574e+30, 1.3335103741216206e+30], [1.4601641244950647e+30, 1.2792347197750467e+30], [6.875424161430289e+30, 1.2051784393692105e+31], [2.498436874153059e+30, 3.3913998614653014e+30]]
Population:
[[ 8.28695565e+00  8.28695565e+00  8.28695565e+00  6.06485918e+00
  -9.98647588e+00  6.06485918e+00  8.28695565e+00  8.28695565e+00
   6.06485918e+00  8.28695565e+00  8.28695565e+00  6.06485918e+00
  -6.15468743e-01  8.28695565e+00  6.06485918e+00 -1.10237848e+00]
 [-5.69250984e+00 -5.69250984e+00 -5.69250984e+00  2.71307676e+00
  -5.69250984e+00  2.71307676e+00  2.71307676e+00 -5.69250984e+00
  -8.10926707e+00 -5.69250984e+00 -5.69250984e+00 -5.98038068e+00
   2.71307676e+00 -5.69250984e+00  2.71307676e+00  2.71307676e+00]
 [ 1.87082838e+00  1.87082838e+00  1.87082838e+00 -5.55743653e-01
   1.87082838e+00 -5.55743653e-01 -5.55743653e-01  1.87082838e+00
  -5.55743653e-01  1.87082838e+00  1.87082838e+00 -5.55743653e-01
  -5.55743653e-01  1.87082838e+00 -5.55743653e-01 -5.55743653e-01]
 [ 4.62010753e-11  4.62010753e-11  4.62010753e-11 -1.90910244e+00
   4.62010753e-11  6.20644070e+00 -1.90910244e+00  3.72710770e+00
  -1.90910244e+00  3.72710770e+00  4.62010753e-11 -1.90910244e+00
  -1.90910244e+00  3.72710770e+00 -1.90910244e+00 -1.90910244e+00]
 [-7.61647816e+00  4.20398976e-01 -1.31360654e+00 -7.61647816e+00
  -4.42696947e+00 -7.61647816e+00 -3.76372820e+00 -7.61647816e+00
  -7.61647816e+00 -7.61647816e+00 -1.31360654e+00 -7.61647816e+00
  -7.61647816e+00 -7.61647816e+00 -7.61647816e+00 -3.76372820e+00]
 [-3.34071781e+00 -1.83669770e-15 -8.96693633e+00 -1.83669770e-15
  -1.83669770e-15  4.89904097e+00 -1.83669770e-15 -1.83669770e-15
   9.68357180e+00 -1.83669770e-15 -1.83669770e-15 -1.83669770e-15
  -4.58863564e-01 -1.83669770e-15 -1.83669770e-15 -1.83669770e-15]
 [-7.63700468e+00 -7.63700468e+00  5.03431610e+00 -9.59299233e+00
  -7.63700468e+00 -9.59299233e+00 -9.59299233e+00 -7.63700468e+00
  -9.59299233e+00 -7.63700468e+00  5.03431610e+00 -9.59299233e+00
  -9.59299233e+00  3.06826650e-01 -1.83237543e+00 -9.59299233e+00]
 [-4.44403468e+00  1.89517598e+00 -8.62035306e+00  5.41817744e+00
  -4.44403468e+00 -4.44403468e+00 -8.60119449e+00 -4.44403468e+00
  -8.60119449e+00 -8.62035306e+00 -4.44403468e+00 -6.26413731e+00
  -8.60119449e+00 -4.44403468e+00 -4.44403468e+00 -4.44403468e+00]
 [ 5.75278339e+00  5.75278339e+00 -8.80454715e+00  8.69723769e+00
   6.49044967e+00  5.75278339e+00  7.05325044e+00  5.75278339e+00
   7.05325044e+00  2.86113253e+00 -5.08202512e-01  8.69723769e+00
   7.05325044e+00 -5.08202512e-01  5.75278339e+00 -5.08202512e-01]
 [-8.26738089e+00 -8.26738089e+00 -5.51367468e+00 -1.78699756e+00
  -8.26738089e+00 -8.26738089e+00 -9.47631474e+00 -8.26738089e+00
  -9.47631474e+00 -5.51367468e+00 -8.26738089e+00 -9.47631474e+00
  -9.47631474e+00 -8.26738089e+00 -8.26738089e+00 -8.26738089e+00]
 [-6.49380424e+00  2.31606693e-01  2.31606693e-01 -4.90362452e+00
   2.31606693e-01  2.31606693e-01  2.31606693e-01  2.31606693e-01
   2.31606693e-01  2.31606693e-01  2.31606693e-01  2.31606693e-01
   2.31606693e-01 -9.30535944e+00  2.31606693e-01  2.31606693e-01]]
Train validation errors
[[4.0921431244061755e+42, 4.16437298089262e+42], [2.5012598373263395e+30, 3.397435450364625e+30], [2.947837302872924e+43, 2.9997375584454295e+43], [1.1057639518584844e+34, 2.092677474426605e+34], [2.5178855601241948e+30, 3.42539405719697e+30], [8.799099268068348e+42, 8.95402298356869e+42], [1.460164138914324e+30, 1.279234738545685e+30], [2.4984368310013208e+30, 3.3913997938849705e+30], [3.4378504016636573e+43, 3.4983791762171464e+43], [6.875424162261172e+30, 1.2051784395636854e+31], [2.3369832701520763e+30, 3.109887178840533e+30], [1.4891792434056592e+30, 1.3266786509037274e+30], [7.719342015302889e+40, 7.855238996468082e+40], [4.0726476572337133e+34, 7.711592805162717e+34], [2.498436830652262e+30, 3.3913997928821725e+30], [2.3369832572948787e+30, 3.109887158653114e+30]]
Population:
[[-1.10237848e+00  6.06485918e+00  6.06485918e+00  8.28695565e+00
  -1.10237848e+00  8.28695565e+00  6.06485918e+00 -1.10237848e+00
   6.06485918e+00 -9.98647588e+00  6.06485918e+00 -1.10237848e+00
   8.28695565e+00  8.28695565e+00  8.28695565e+00  8.28695565e+00]
 [ 2.71307676e+00  2.71307676e+00  2.71307676e+00  2.71307676e+00
  -9.26285073e+00 -2.86805270e+00  2.71307676e+00 -5.60781302e+00
  -5.98038068e+00 -5.69250984e+00  2.71307676e+00  2.71307676e+00
   2.71307676e+00 -5.69250984e+00  2.71307676e+00 -5.69250984e+00]
 [ 1.90300680e+00 -5.55743653e-01 -5.55743653e-01 -5.55743653e-01
  -5.55743653e-01 -5.55743653e-01  6.96158563e+00 -5.55743653e-01
  -5.55743653e-01  1.87082838e+00 -5.55743653e-01 -5.55743653e-01
  -5.55743653e-01  1.87082838e+00 -9.88168928e-01  1.87082838e+00]
 [-1.90910244e+00 -1.90910244e+00 -1.90910244e+00 -1.90910244e+00
  -1.90910244e+00 -1.90910244e+00 -1.90910244e+00 -1.90910244e+00
  -1.90910244e+00  4.62010753e-11 -1.90910244e+00 -1.90910244e+00
  -1.90910244e+00  3.72710770e+00 -1.90910244e+00  4.62010753e-11]
 [-3.76372820e+00 -7.61647816e+00 -7.61647816e+00 -3.76372820e+00
  -3.76372820e+00 -3.76372820e+00 -7.61647816e+00 -3.76372820e+00
  -7.61647816e+00 -4.42696947e+00 -7.61647816e+00 -3.76372820e+00
  -3.76372820e+00 -7.61647816e+00 -3.76372820e+00  3.79584308e+00]
 [-1.83669770e-15 -1.83669770e-15 -1.83669770e-15 -1.83669770e-15
  -1.83669770e-15 -1.83669770e-15 -1.83669770e-15 -1.83669770e-15
  -8.44543489e+00 -1.83669770e-15 -1.83669770e-15 -1.83669770e-15
  -1.83669770e-15 -1.83669770e-15 -1.83669770e-15  6.86941749e+00]
 [-9.59299233e+00 -1.83237543e+00 -1.83237543e+00 -9.59299233e+00
  -9.59299233e+00 -9.59299233e+00 -1.83237543e+00 -9.59299233e+00
  -9.59299233e+00 -7.63700468e+00 -1.83237543e+00 -9.59299233e+00
  -9.59299233e+00 -7.63700468e+00 -9.59299233e+00 -7.63700468e+00]
 [-4.44403468e+00 -4.44403468e+00 -8.60119449e+00 -4.44403468e+00
  -8.60119449e+00 -4.44403468e+00 -4.44403468e+00 -4.44403468e+00
  -4.44403468e+00 -6.26413731e+00 -4.44403468e+00 -4.44403468e+00
  -4.44403468e+00 -8.60119449e+00  1.89517598e+00 -3.45725226e+00]
 [ 5.75278339e+00 -5.08202512e-01  7.05325044e+00  5.75278339e+00
   7.05325044e+00 -5.08202512e-01 -5.08202512e-01  5.75278339e+00
   6.49044967e+00  7.56315851e+00 -3.42387582e+00  5.75278339e+00
   5.75278339e+00  7.05325044e+00  5.75278339e+00  7.05325044e+00]
 [-8.26738089e+00 -8.26738089e+00 -9.47631474e+00 -8.26738089e+00
  -9.47631474e+00 -8.26738089e+00 -8.26738089e+00 -8.26738089e+00
  -8.26738089e+00  4.77590033e+00 -8.26738089e+00 -8.26738089e+00
  -8.26738089e+00 -3.07866593e+00 -8.26738089e+00 -9.47631474e+00]
 [ 2.31606693e-01  2.31606693e-01  2.31606693e-01  2.31606693e-01
   2.31606693e-01  2.31606693e-01  2.31606693e-01  2.31606693e-01
   2.31606693e-01  2.31606693e-01  2.31606693e-01  2.31606693e-01
   2.31606693e-01  2.31606693e-01  2.31606693e-01  2.31606693e-01]]
Train validation errors
[[2.4984368514536265e+30, 3.39139982560339e+30], [2.3369832372585688e+30, 3.109887127426624e+30], [1.4601641243579214e+30, 1.2792347191864957e+30], [2.498436851447202e+30, 3.391399825594377e+30], [1.460164138914314e+30, 1.2792347385451515e+30], [2.3369832572948046e+30, 3.109887158652722e+30], [2.336983237277581e+30, 3.109887127452929e+30], [2.4984368514470484e+30, 3.3913998255937267e+30], [2.614926672668283e+43, 2.6609659379552656e+43], [5.000752031538115e+31, 9.571180617321917e+31], [2.2640055490657093e+30, 2.98307343757665e+30], [2.4984368514471897e+30, 3.3913998255943617e+30], [2.498436851447202e+30, 3.391399825594377e+30], [1.3528883829122947e+31, 2.5027183245037943e+31], [2.5012598146039455e+30, 3.397435414457284e+30], [1.730038199933698e+43, 1.760498308326248e+43]]
Population:
[[-9.44524013e+00  6.06485918e+00 -1.10237848e+00  8.28695565e+00
  -5.86684024e+00  3.52713305e+00 -1.10237848e+00  6.06485918e+00
  -1.10237848e+00  8.28695565e+00  8.28695565e+00  6.06485918e+00
  -6.71564394e+00  6.06485918e+00  6.06485918e+00  6.06485918e+00]
 [-9.26285073e+00  2.71307676e+00  2.71307676e+00  2.71307676e+00
  -2.86805270e+00  2.71307676e+00 -9.26285073e+00  2.71307676e+00
  -8.14475446e+00 -9.93553510e+00  2.71307676e+00  2.71307676e+00
   2.71307676e+00  2.71307676e+00  2.71307676e+00  2.71307676e+00]
 [-5.55743653e-01 -5.55743653e-01 -5.55743653e-01 -5.55743653e-01
  -5.55743653e-01 -5.55743653e-01 -5.55743653e-01 -5.55743653e-01
  -5.55743653e-01 -9.88168928e-01 -9.88168928e-01 -5.55743653e-01
  -5.55743653e-01  6.96158563e+00 -5.55743653e-01 -5.55743653e-01]
 [-1.90910244e+00 -1.90910244e+00 -1.90910244e+00 -1.90910244e+00
   9.12277835e+00 -1.90910244e+00 -1.90910244e+00 -1.90910244e+00
  -1.90910244e+00 -1.90910244e+00 -1.90910244e+00  6.41740053e+00
  -1.90910244e+00 -1.90910244e+00 -1.90910244e+00 -1.36281813e-01]
 [-3.76372820e+00 -7.61647816e+00 -3.76372820e+00 -3.76372820e+00
  -3.76372820e+00 -3.76372820e+00 -3.76372820e+00 -7.61647816e+00
  -3.76372820e+00 -3.76372820e+00 -3.76372820e+00 -7.61647816e+00
  -7.61647816e+00 -7.61647816e+00 -7.61647816e+00 -7.61647816e+00]
 [-1.83669770e-15  4.65395574e+00 -1.83669770e-15 -1.83669770e-15
  -1.83669770e-15 -1.83669770e-15 -1.83669770e-15 -1.83669770e-15
  -1.83669770e-15 -1.83669770e-15 -1.83669770e-15  9.52359568e-01
  -1.83669770e-15 -1.83669770e-15 -1.83669770e-15 -6.33455906e+00]
 [-9.59299233e+00 -1.83237543e+00 -6.11527903e+00 -9.59299233e+00
  -9.59299233e+00 -9.59299233e+00 -9.59299233e+00 -1.83237543e+00
  -9.59299233e+00 -4.38966648e-01 -9.59299233e+00 -1.83237543e+00
  -1.83237543e+00 -1.83237543e+00 -1.83237543e+00 -1.83237543e+00]
 [-8.60119449e+00 -8.60119449e+00  4.78191860e+00 -4.44403468e+00
  -4.44403468e+00  3.96238935e+00 -8.60119449e+00 -8.60119449e+00
   1.89517598e+00  7.55113777e+00 -4.44403468e+00  1.16074681e+00
   7.39615219e-01 -7.19048422e+00 -8.60119449e+00 -4.44403468e+00]
 [ 7.05325044e+00  7.05325044e+00  5.75278339e+00  5.75278339e+00
   5.75278339e+00 -5.08202512e-01  7.05325044e+00  7.05325044e+00
   5.75278339e+00  5.75278339e+00 -5.08202512e-01  5.75278339e+00
  -5.08202512e-01  7.05325044e+00  7.05325044e+00 -5.08202512e-01]
 [-9.47631474e+00 -9.47631474e+00 -8.26738089e+00 -8.26738089e+00
  -8.26738089e+00 -8.26738089e+00 -9.47631474e+00 -9.47631474e+00
  -8.26738089e+00 -8.26738089e+00 -8.26738089e+00 -8.26738089e+00
   9.92254468e+00 -9.47631474e+00 -9.47631474e+00 -8.26738089e+00]
 [ 2.31606693e-01  3.08894090e+00  2.31606693e-01  2.31606693e-01
   2.31606693e-01 -6.88854932e+00  2.31606693e-01  2.31606693e-01
   2.31606693e-01  2.31606693e-01  2.31606693e-01  2.31606693e-01
   2.31606693e-01  2.31606693e-01  2.31606693e-01  2.31606693e-01]]
Train validation errors
[[1.460164138914305e+30, 1.2792347385451439e+30], [7.941043091731803e+42, 8.080966825905052e+42], [2.5025462842812588e+30, 3.400185754367683e+30], [2.498436851447202e+30, 3.391399825594377e+30], [2.498436852118142e+30, 3.391399827540532e+30], [2.2596205284057347e+34, 4.279848416709311e+34], [1.460164138914314e+30, 1.2792347385451515e+30], [1.4601641243579214e+30, 1.2792347191864957e+30], [2.5012598146048816e+30, 3.3974354144580265e+30], [2.5037809397194476e+30, 3.402825217964872e+30], [2.3369832572937967e+30, 3.1098871586516155e+30], [3.325213509999574e+41, 3.383763600014927e+41], [8.54694966633664e+31, 1.6414612965760232e+32], [1.460515981252489e+30, 1.2800427205795008e+30], [1.4601641243579214e+30, 1.2792347191864957e+30], [1.4711203329055062e+43, 1.4970213014946758e+43]]
Population:
[[-1.10237848e+00  8.28695565e+00  6.06485918e+00  6.06485918e+00
   8.28695565e+00  6.06485918e+00 -6.71564394e+00  6.06485918e+00
   6.06485918e+00  8.28695565e+00  8.28695565e+00 -5.86684024e+00
  -1.10237848e+00 -1.10237848e+00 -6.71564394e+00  3.52713305e+00]
 [-9.26285073e+00 -9.93553510e+00 -9.85717638e+00  2.71307676e+00
   2.71307676e+00  9.87330961e-01  2.71307676e+00  2.71307676e+00
   2.71307676e+00 -9.93553510e+00  2.71307676e+00 -2.86805270e+00
  -8.14475446e+00 -9.26285073e+00  2.71307676e+00  2.71307676e+00]
 [-5.55743653e-01 -9.88168928e-01 -5.55743653e-01 -5.55743653e-01
  -9.88168928e-01 -5.55743653e-01 -5.55743653e-01  6.96158563e+00
  -5.55743653e-01 -9.88168928e-01 -5.55743653e-01 -5.55743653e-01
  -5.55743653e-01 -5.55743653e-01 -5.55743653e-01 -5.55743653e-01]
 [-1.90910244e+00 -1.90910244e+00 -1.90910244e+00 -1.90910244e+00
  -1.90910244e+00 -1.90910244e+00 -1.90910244e+00  3.12704115e+00
  -1.90910244e+00 -1.90910244e+00 -1.90910244e+00  9.12277835e+00
  -1.90910244e+00 -1.90910244e+00 -1.90910244e+00  3.46747573e+00]
 [-3.76372820e+00 -3.76372820e+00  9.94590058e-01 -7.61647816e+00
  -3.76372820e+00 -7.61647816e+00 -7.61647816e+00  6.72125785e+00
  -7.61647816e+00 -3.76372820e+00 -3.76372820e+00 -3.76372820e+00
  -3.76372820e+00 -3.76372820e+00 -7.61647816e+00 -3.76372820e+00]
 [-1.83669770e-15 -1.83669770e-15 -1.83669770e-15 -1.83669770e-15
  -1.83669770e-15  4.65395574e+00 -1.83669770e-15 -1.83669770e-15
  -1.83669770e-15 -1.83669770e-15 -1.83669770e-15 -1.83669770e-15
  -1.83669770e-15 -1.83669770e-15 -1.83669770e-15 -1.83669770e-15]
 [-9.59299233e+00 -4.69231147e+00 -1.83237543e+00  4.28715629e+00
  -9.59299233e+00 -1.83237543e+00 -5.64007285e+00 -1.83237543e+00
   9.96238520e-01 -4.38966648e-01 -9.59299233e+00 -9.59299233e+00
   7.16018954e+00 -9.59299233e+00 -4.38634484e+00 -9.59299233e+00]
 [ 7.55113777e+00 -8.60119449e+00 -8.60119449e+00 -8.60119449e+00
  -5.20056481e+00 -4.44403468e+00  2.09236032e+00  7.39615219e-01
   7.55113777e+00 -8.60119449e+00 -4.44403468e+00 -4.44403468e+00
  -8.60119449e+00  1.89517598e+00  1.21189525e+00  7.39615219e-01]
 [ 5.75278339e+00  7.05325044e+00  7.05325044e+00  7.05325044e+00
   7.05325044e+00 -5.08202512e-01  7.05325044e+00 -5.08202512e-01
   5.75278339e+00  7.05325044e+00  5.75278339e+00  5.75278339e+00
   7.05325044e+00  5.75278339e+00 -5.08202512e-01  3.25373079e+00]
 [-8.26738089e+00 -9.47631474e+00 -9.47631474e+00 -4.20613814e+00
  -9.47631474e+00 -8.26738089e+00 -9.47631474e+00  9.92254468e+00
  -4.92170065e+00 -9.47631474e+00 -8.26738089e+00 -8.26738089e+00
  -9.47631474e+00 -8.26738089e+00 -8.26738089e+00  9.92254468e+00]
 [ 2.31606693e-01  2.31606693e-01  2.31606693e-01  2.31606693e-01
   3.08894090e+00  2.31606693e-01  2.31606693e-01  2.31606693e-01
   9.50434078e+00  2.31606693e-01  9.06543087e+00  2.31606693e-01
   2.31606693e-01  2.31606693e-01 -6.88854932e+00 -7.83966597e+00]]
Train validation errors
[[2.5037809397205817e+30, 3.402825217966505e+30], [1.4601641389134836e+30, 1.2792347385442057e+30], [1.460164156892124e+30, 1.2792347624545862e+30], [1.0255976269561567e+31, 1.8645033919800845e+31], [3.8176968776966724e+33, 7.198044589444576e+33], [7.940732699179604e+42, 8.080543363827208e+42], [1.4628348399155693e+30, 1.2853665155896652e+30], [8.546949709886595e+31, 1.64146130544397e+32], [4.016325174699391e+34, 7.594435723825259e+34], [1.460164138913483e+30, 1.2792347385442037e+30], [3.5953290710323105e+34, 6.795552620645635e+34], [2.498436852118142e+30, 3.391399827540532e+30], [1.4601641389143114e+30, 1.2792347385451937e+30], [2.5012598146048628e+30, 3.397435414457942e+30], [2.2596355649541494e+34, 4.279878278098109e+34], [2.647348936906254e+34, 5.001795694543754e+34]]
Population:
[[-6.71564394e+00 -6.71564394e+00  8.28695565e+00  8.28695565e+00
   8.28695565e+00  6.06485918e+00 -6.71564394e+00  5.26360036e+00
   8.28695565e+00  8.28695565e+00 -1.10237848e+00  8.28695565e+00
   8.28695565e+00 -6.71564394e+00  6.06485918e+00  6.06485918e+00]
 [ 2.71307676e+00  2.71307676e+00  2.71307676e+00 -9.93553510e+00
  -9.93553510e+00  2.71307676e+00  2.71307676e+00 -1.20669609e+00
  -9.93553510e+00 -9.93553510e+00 -8.14475446e+00 -9.93553510e+00
   2.71307676e+00  2.71307676e+00 -9.85717638e+00  2.71307676e+00]
 [-5.55743653e-01 -5.55743653e-01 -9.88168928e-01 -9.88168928e-01
   6.01255445e+00 -5.55743653e-01  7.62532269e-01 -9.88168928e-01
  -9.88168928e-01 -9.88168928e-01 -5.55743653e-01 -9.88168928e-01
  -2.16318915e+00  9.92794768e-01 -5.55743653e-01 -5.55743653e-01]
 [-1.51924045e+00 -1.90910244e+00 -1.90910244e+00 -1.90910244e+00
  -1.90910244e+00 -1.90910244e+00 -1.90910244e+00 -1.90910244e+00
  -1.90910244e+00 -1.90910244e+00 -1.90910244e+00 -1.90910244e+00
  -2.89679497e+00 -1.90910244e+00 -1.90910244e+00 -1.90910244e+00]
 [-7.61647816e+00 -7.61647816e+00 -3.76372820e+00 -3.76372820e+00
  -3.76372820e+00 -7.61647816e+00 -7.61647816e+00 -3.76372820e+00
  -3.76372820e+00 -3.76372820e+00 -3.76372820e+00 -3.76372820e+00
  -3.76372820e+00 -7.61647816e+00  9.94590058e-01 -7.61647816e+00]
 [-1.83669770e-15  5.19048137e+00 -1.83669770e-15 -1.83669770e-15
  -1.83669770e-15 -1.83669770e-15 -1.83669770e-15 -1.83669770e-15
  -1.83669770e-15 -1.83669770e-15 -1.83669770e-15 -1.83669770e-15
  -1.83669770e-15 -1.83669770e-15 -1.83669770e-15 -1.83669770e-15]
 [-5.64007285e+00 -4.38634484e+00 -9.59299233e+00 -4.38966648e-01
  -4.38966648e-01  4.28715629e+00 -5.64007285e+00 -4.38966648e-01
  -4.69231147e+00 -4.38966648e-01  7.16018954e+00 -4.69231147e+00
  -9.59299233e+00 -5.64007285e+00 -8.13515704e+00  4.28715629e+00]
 [ 1.21189525e+00  2.09236032e+00 -8.60119449e+00 -5.20056481e+00
  -8.60119449e+00 -8.60119449e+00 -8.60119449e+00  2.09236032e+00
  -8.60119449e+00 -5.85117359e-01 -8.60119449e+00 -8.60119449e+00
   2.09236032e+00 -5.20056481e+00 -8.60119449e+00 -8.60119449e+00]
 [-5.08202512e-01  7.05325044e+00  7.05325044e+00  7.05325044e+00
   7.05325044e+00  7.05325044e+00  7.05325044e+00  7.05325044e+00
   7.05325044e+00  7.05325044e+00  7.05325044e+00  7.05325044e+00
   7.05325044e+00  7.05325044e+00  7.05325044e+00  7.05325044e+00]
 [-8.26738089e+00 -7.59642862e-01 -9.47631474e+00 -9.47631474e+00
   6.60769358e+00  5.74567455e+00 -9.47631474e+00 -9.47631474e+00
  -9.47631474e+00 -9.47631474e+00 -9.47631474e+00 -9.47631474e+00
  -9.47631474e+00 -9.47631474e+00 -4.20613814e+00 -9.47631474e+00]
 [-6.88854932e+00  2.31606693e-01  2.31606693e-01  3.08894090e+00
   2.31606693e-01  2.31606693e-01  2.31606693e-01  2.31606693e-01
   2.31606693e-01  2.31606693e-01  2.31606693e-01  2.31606693e-01
  -4.13510636e+00  3.08894090e+00  2.31606693e-01  2.31606693e-01]]
Train validation errors
[[2.2596355649537713e+34, 4.279878278097303e+34], [9.877161332063605e+42, 1.0051072763577074e+43], [1.4601641389134847e+30, 1.279234738544763e+30], [3.817696877696651e+33, 7.198044589444527e+33], [6.1849289157947685e+31, 1.185867822738625e+32], [5.608201840156752e+31, 1.0744809548216602e+32], [1.4601641243604673e+30, 1.2792347191892978e+30], [1.4628348544947934e+30, 1.2853665350013266e+30], [1.4601641389134836e+30, 1.2792347385442057e+30], [1.462165387272089e+30, 1.2838297420990353e+30], [1.4601641389143114e+30, 1.2792347385451937e+30], [1.4601641389134836e+30, 1.2792347385442057e+30], [8.485595528992943e+33, 1.6087454304271784e+34], [3.817696876895373e+33, 7.198044587887708e+33], [1.0255976364324833e+31, 1.8645034095974211e+31], [1.4601641243579205e+30, 1.2792347191864926e+30]]
Population:
[[ 6.06485918e+00  8.28695565e+00  8.28695565e+00  8.28695565e+00
  -6.71564394e+00  3.72543098e+00  8.28695565e+00 -6.71564394e+00
   8.28695565e+00  8.28695565e+00  6.06485918e+00  8.28695565e+00
   6.06485918e+00  8.28695565e+00  6.06485918e+00  8.28695565e+00]
 [ 2.71307676e+00 -9.93553510e+00 -9.93553510e+00 -9.93553510e+00
   2.71307676e+00  2.71307676e+00 -9.93553510e+00  2.71307676e+00
   2.71307676e+00 -9.93553510e+00 -9.85717638e+00 -9.93553510e+00
   2.71307676e+00  2.71307676e+00  2.71307676e+00 -9.93553510e+00]
 [-5.55743653e-01 -9.88168928e-01 -9.88168928e-01 -9.88168928e-01
   7.62532269e-01 -5.55743653e-01  6.01255445e+00  7.62532269e-01
  -9.88168928e-01 -9.88168928e-01 -5.55743653e-01 -9.88168928e-01
  -5.55743653e-01 -2.16318915e+00 -5.55743653e-01 -3.93884820e+00]
 [-1.90910244e+00 -1.90910244e+00 -1.90910244e+00  4.00713214e+00
  -1.90910244e+00 -1.90910244e+00 -1.90910244e+00 -1.90910244e+00
  -1.90910244e+00 -1.90910244e+00 -1.90910244e+00 -1.90910244e+00
  -1.90910244e+00 -2.89679497e+00 -1.90910244e+00 -1.90910244e+00]
 [-7.61647816e+00 -3.76372820e+00 -3.76372820e+00 -3.76372820e+00
  -7.61647816e+00  5.51053180e+00 -3.76372820e+00 -7.61647816e+00
  -3.76372820e+00 -3.76372820e+00  9.94590058e-01 -3.76372820e+00
  -7.61647816e+00 -3.76372820e+00 -7.61647816e+00 -3.76372820e+00]
 [-1.83669770e-15 -1.83669770e-15 -3.03262686e-01 -1.83669770e-15
  -1.83669770e-15 -1.83669770e-15 -1.83669770e-15 -1.83669770e-15
  -1.83669770e-15 -1.83669770e-15 -1.83669770e-15 -1.83669770e-15
  -1.83669770e-15 -1.83669770e-15 -1.83669770e-15 -1.83669770e-15]
 [ 4.28715629e+00  3.38965152e+00 -4.69231147e+00 -4.69231147e+00
  -5.64007285e+00  4.28715629e+00 -4.38966648e-01 -5.64007285e+00
  -9.59299233e+00 -4.38966648e-01 -8.13515704e+00 -4.38966648e-01
   4.28715629e+00 -9.59299233e+00 -5.10832486e+00 -4.69231147e+00]
 [-8.60119449e+00 -8.60119449e+00 -8.60119449e+00 -8.60119449e+00
  -8.60119449e+00 -8.60119449e+00 -8.60119449e+00 -8.60119449e+00
  -5.85117359e-01 -8.38454969e-01 -5.85117359e-01 -8.60119449e+00
   6.83780552e+00 -8.60119449e+00 -8.60119449e+00 -8.60119449e+00]
 [ 7.05325044e+00  7.05325044e+00 -3.06752851e+00  7.05325044e+00
   7.05325044e+00  7.05325044e+00  7.05325044e+00  7.05325044e+00
   7.05325044e+00  7.05325044e+00  7.05325044e+00  7.05325044e+00
   7.05325044e+00  7.05325044e+00  7.05325044e+00 -6.86407222e+00]
 [-9.47631474e+00 -6.89220091e+00 -9.47631474e+00 -7.22797381e+00
  -9.47631474e+00 -9.47631474e+00 -9.47631474e+00  6.60769358e+00
   9.82225116e+00 -9.47631474e+00 -9.47631474e+00 -4.20613814e+00
  -9.47631474e+00 -1.72201790e+00 -9.47631474e+00  1.38258792e-01]
 [ 2.31606693e-01  2.31606693e-01  2.31606693e-01  2.31606693e-01
   2.77620813e+00  2.31606693e-01  2.31606693e-01  2.31606693e-01
   2.31606693e-01  2.31606693e-01 -4.15339872e+00  4.16649670e+00
  -4.13510636e+00  2.31606693e-01  2.31606693e-01  2.31606693e-01]]
Train validation errors
[[1.4601641243579205e+30, 1.2792347191864926e+30], [4.434289416179138e+30, 7.227759890768336e+30], [3.371709572035246e+40, 3.431065687854702e+40], [3.902238226044521e+30, 6.175694806681472e+30], [3.038788601710829e+33, 5.726966489170249e+33], [1.4601641739541807e+30, 1.279234785146704e+30], [1.4601641389270743e+30, 1.2792347385591396e+30], [6.184928905836209e+31, 1.1858678207290741e+32], [8.591098588408095e+31, 1.650234535744339e+32], [1.4621020701530795e+30, 1.2836843856739126e+30], [8.557629560220859e+33, 1.6223889748798365e+34], [7.570831832208574e+33, 1.4308337012449154e+34], [8.48543637916693e+33, 1.6087138419288334e+34], [1.811703513210695e+31, 3.395265776240697e+31], [1.460164124357922e+30, 1.279234719186497e+30], [2.4304564488810604e+31, 4.5991391175702325e+31]]
