Run 2 of 3rd March is continued, we started with the final parameters of previous run i.e. run2 and simulated x more generations where x =
10
No of generations: 10
Population size: 10
Mutation coefficient: 0.2
Split point: 7
Two offspring per pair
Population:
[[ 0.00000000e+00  0.00000000e+00 -2.53647165e+00  0.00000000e+00
  -2.53647165e+00  6.77679837e-01 -9.95236706e+00 -9.95236706e+00
   0.00000000e+00  0.00000000e+00]
 [ 6.27937040e+00  6.27937040e+00  6.27937040e+00  6.27937040e+00
   6.27937040e+00  6.27937040e+00  7.51712895e-01  7.51712895e-01
   6.27937040e+00  6.27937040e+00]
 [ 3.19484293e+00  3.19484293e+00  9.10274860e+00  3.19484293e+00
   9.10274860e+00  3.19484293e+00  3.19484293e+00  3.19484293e+00
   3.19484293e+00  3.19484293e+00]
 [-3.72370557e+00 -3.72370557e+00 -3.72370557e+00 -3.72370557e+00
  -3.72370557e+00 -3.72370557e+00  4.35759265e+00 -3.72370557e+00
  -3.72370557e+00 -3.72370557e+00]
 [-1.75214813e-10 -1.75214813e-10 -1.75214813e-10  1.82625907e+00
  -1.75214813e-10  6.14000770e+00 -2.00623234e+00 -2.00623234e+00
   1.82625907e+00 -1.75214813e-10]
 [-1.83669770e-15 -1.83669770e-15 -3.83004899e+00 -1.83669770e-15
  -1.83669770e-15 -1.83669770e-15 -1.83669770e-15 -1.83669770e-15
   4.45373342e+00 -1.83669770e-15]
 [-7.58848480e+00 -7.58848480e+00 -7.58848480e+00 -7.58848480e+00
  -7.58848480e+00 -7.58848480e+00  4.24298592e+00  4.24298592e+00
  -7.58848480e+00 -7.58848480e+00]
 [ 2.29423303e-05  2.29423303e-05  2.29423303e-05  3.16043728e+00
   2.29423303e-05  2.29423303e-05  2.29423303e-05  2.29423303e-05
   2.29423303e-05  2.29423303e-05]
 [-2.04721003e-06 -2.04721003e-06  1.35832686e-01 -2.04721003e-06
  -2.04721003e-06 -2.04721003e-06 -2.04721003e-06 -2.04721003e-06
  -2.04721003e-06 -2.04721003e-06]
 [-1.59792834e-08 -1.59792834e-08 -1.59792834e-08 -4.71307467e+00
  -1.59792834e-08 -1.59792834e-08 -1.59792834e-08 -1.59792834e-08
  -1.59792834e-08 -1.59792834e-08]
 [ 9.98214034e-10  9.98214034e-10  9.98214034e-10  9.98214034e-10
   9.98214034e-10  9.98214034e-10  9.98214034e-10  9.98214034e-10
   9.98214034e-10 -9.63549796e+00]]
Train validation errors
[[36751825098.012726, 308750648707.0375], [36751825098.012726, 308750648707.0375], [5.378044068515955e+42, 5.4727325609482536e+42], [4.281702300689341e+30, 8.208320683476748e+30], [36293096713.8503, 308879995111.78076], [124455861085305.75, 241429938075258.66], [12552902806598.398, 20572773942724.195], [14117388429296.744, 24768849401152.47], [7.272171876663728e+42, 7.400209318613171e+42], [4.2135765829410365e+34, 7.971561743776422e+34]]
Selected parents:
[[ 0.00000000e+00  6.27937040e+00  3.19484293e+00 -3.72370557e+00
  -1.75214813e-10 -1.83669770e-15 -7.58848480e+00  2.29423303e-05
  -2.04721003e-06 -1.59792834e-08  9.98214034e-10]
 [ 0.00000000e+00  6.27937040e+00  3.19484293e+00 -3.72370557e+00
  -1.75214813e-10 -1.83669770e-15 -7.58848480e+00  2.29423303e-05
  -2.04721003e-06 -1.59792834e-08  9.98214034e-10]
 [-2.53647165e+00  6.27937040e+00  9.10274860e+00 -3.72370557e+00
  -1.75214813e-10 -1.83669770e-15 -7.58848480e+00  2.29423303e-05
  -2.04721003e-06 -1.59792834e-08  9.98214034e-10]
 [ 6.77679837e-01  6.27937040e+00  3.19484293e+00 -3.72370557e+00
   6.14000770e+00 -1.83669770e-15 -7.58848480e+00  2.29423303e-05
  -2.04721003e-06 -1.59792834e-08  9.98214034e-10]
 [-9.95236706e+00  7.51712895e-01  3.19484293e+00  4.35759265e+00
  -2.00623234e+00 -1.83669770e-15  4.24298592e+00  2.29423303e-05
  -2.04721003e-06 -1.59792834e-08  9.98214034e-10]
 [-9.95236706e+00  7.51712895e-01  3.19484293e+00 -3.72370557e+00
  -2.00623234e+00 -1.83669770e-15  4.24298592e+00  2.29423303e-05
  -2.04721003e-06 -1.59792834e-08  9.98214034e-10]]Population:
[[ 0.00000000e+00  0.00000000e+00 -2.53647165e+00 -9.95236706e+00
   0.00000000e+00 -9.95236706e+00 -9.95236706e+00 -2.53647165e+00
   0.00000000e+00 -2.53647165e+00]
 [ 6.27937040e+00  6.27937040e+00  6.27937040e+00  9.25355421e-01
   6.27937040e+00 -9.74537526e+00  7.51712895e-01  6.27937040e+00
   6.27937040e+00  6.27937040e+00]
 [ 3.19484293e+00  3.19484293e+00  9.10274860e+00  3.19484293e+00
   3.19484293e+00  3.19484293e+00  3.19484293e+00  9.10274860e+00
   3.19484293e+00  9.10274860e+00]
 [-3.72370557e+00 -3.72370557e+00 -3.72370557e+00 -3.72370557e+00
  -3.72370557e+00  4.35759265e+00 -2.68238004e+00 -3.72370557e+00
  -3.72370557e+00  4.04689896e+00]
 [-1.75214813e-10 -1.75214813e-10 -1.75214813e-10 -2.00623234e+00
  -1.75214813e-10 -2.00623234e+00 -2.00623234e+00 -1.75214813e-10
  -1.75214813e-10 -1.75214813e-10]
 [-1.83669770e-15 -1.83669770e-15 -1.83669770e-15 -1.83669770e-15
  -1.83669770e-15 -1.83669770e-15 -1.83669770e-15 -1.83669770e-15
  -1.83669770e-15 -1.83669770e-15]
 [-7.58848480e+00 -7.58848480e+00 -7.58848480e+00  4.24298592e+00
  -7.58848480e+00  4.24298592e+00  4.24298592e+00 -7.58848480e+00
  -7.58848480e+00 -7.58848480e+00]
 [ 2.29423303e-05  2.29423303e-05  2.29423303e-05  1.16264075e+00
   2.29423303e-05  2.29423303e-05 -8.07400778e+00  2.29423303e-05
   2.29423303e-05  2.29423303e-05]
 [-2.04721003e-06 -2.04721003e-06 -2.04721003e-06 -2.04721003e-06
  -2.04721003e-06 -2.04721003e-06 -2.04721003e-06 -2.04721003e-06
  -2.04721003e-06 -2.04721003e-06]
 [-1.59792834e-08 -1.59792834e-08 -1.59792834e-08 -1.59792834e-08
  -1.59792834e-08 -1.59792834e-08 -1.59792834e-08 -1.59792834e-08
  -1.59792834e-08 -1.59792834e-08]
 [ 9.98214034e-10  9.98214034e-10  9.98214034e-10  9.98214034e-10
   9.98214034e-10  9.98214034e-10  9.98214034e-10  9.98214034e-10
   9.98214034e-10  9.98214034e-10]]
Train validation errors
[[36751825098.012726, 308750648707.0375], [36751825098.012726, 308750648707.0375], [36293096713.8503, 308879995111.78076], [4.8309057447671196e+22, 9.440841704751582e+22], [36751825098.012726, 308750648707.0375], [12553633429768.738, 20575349014076.383], [2.3299669844520314e+24, 4.553369455403603e+24], [36293096713.8503, 308879995111.78076], [36751825098.012726, 308750648707.0375], [43385285179.35248, 537123537819.6615]]
Selected parents:
[[ 0.00000000e+00  6.27937040e+00  3.19484293e+00 -3.72370557e+00
  -1.75214813e-10 -1.83669770e-15 -7.58848480e+00  2.29423303e-05
  -2.04721003e-06 -1.59792834e-08  9.98214034e-10]
 [ 0.00000000e+00  6.27937040e+00  3.19484293e+00 -3.72370557e+00
  -1.75214813e-10 -1.83669770e-15 -7.58848480e+00  2.29423303e-05
  -2.04721003e-06 -1.59792834e-08  9.98214034e-10]
 [-2.53647165e+00  6.27937040e+00  9.10274860e+00 -3.72370557e+00
  -1.75214813e-10 -1.83669770e-15 -7.58848480e+00  2.29423303e-05
  -2.04721003e-06 -1.59792834e-08  9.98214034e-10]
 [ 0.00000000e+00  6.27937040e+00  3.19484293e+00 -3.72370557e+00
  -1.75214813e-10 -1.83669770e-15 -7.58848480e+00  2.29423303e-05
  -2.04721003e-06 -1.59792834e-08  9.98214034e-10]
 [-2.53647165e+00  6.27937040e+00  9.10274860e+00 -3.72370557e+00
  -1.75214813e-10 -1.83669770e-15 -7.58848480e+00  2.29423303e-05
  -2.04721003e-06 -1.59792834e-08  9.98214034e-10]
 [ 0.00000000e+00  6.27937040e+00  3.19484293e+00 -3.72370557e+00
  -1.75214813e-10 -1.83669770e-15 -7.58848480e+00  2.29423303e-05
  -2.04721003e-06 -1.59792834e-08  9.98214034e-10]]Population:
[[ 0.00000000e+00  0.00000000e+00  0.00000000e+00  6.65610261e+00
  -2.53647165e+00  0.00000000e+00 -2.53647165e+00  0.00000000e+00
   0.00000000e+00  0.00000000e+00]
 [ 6.27937040e+00  6.27937040e+00  6.27937040e+00  6.27937040e+00
   6.27937040e+00  6.27937040e+00  6.27937040e+00  6.27937040e+00
   6.27937040e+00  6.27937040e+00]
 [ 3.19484293e+00  3.19484293e+00  3.19484293e+00  3.19484293e+00
   9.10274860e+00  3.19484293e+00  9.10274860e+00  3.19484293e+00
   3.19484293e+00  3.19484293e+00]
 [-3.72370557e+00 -3.72370557e+00 -3.72370557e+00 -3.72370557e+00
  -3.72370557e+00 -3.72370557e+00 -3.72370557e+00 -3.72370557e+00
  -3.72370557e+00 -3.72370557e+00]
 [-1.75214813e-10 -1.75214813e-10 -1.75214813e-10 -1.75214813e-10
   7.12036341e+00 -1.75214813e-10 -1.75214813e-10 -1.90910244e+00
  -1.75214813e-10 -1.75214813e-10]
 [-1.83669770e-15 -1.83669770e-15 -1.83669770e-15 -1.83669770e-15
  -1.83669770e-15 -1.83669770e-15 -1.83669770e-15 -1.83669770e-15
   7.18914602e+00 -1.83669770e-15]
 [-7.58848480e+00 -7.58848480e+00 -7.58848480e+00 -7.58848480e+00
  -7.58848480e+00 -7.58848480e+00 -7.58848480e+00 -7.58848480e+00
  -7.58848480e+00 -7.58848480e+00]
 [ 2.29423303e-05  2.29423303e-05  2.29423303e-05  3.30049422e-01
   3.28318186e+00  2.29423303e-05  2.29423303e-05 -9.59299233e+00
   2.29423303e-05  5.03431610e+00]
 [-2.04721003e-06 -2.04721003e-06 -2.04721003e-06 -2.04721003e-06
  -2.04721003e-06 -2.04721003e-06 -3.09452456e+00 -2.04721003e-06
  -2.04721003e-06 -2.04721003e-06]
 [-1.59792834e-08 -1.59792834e-08 -1.59792834e-08 -1.59792834e-08
  -1.59792834e-08 -1.59792834e-08 -1.59792834e-08 -1.59792834e-08
  -1.59792834e-08 -1.59792834e-08]
 [ 9.98214034e-10  9.98214034e-10  9.98214034e-10  9.98214034e-10
   9.98214034e-10  9.98214034e-10  9.98214034e-10  9.98214034e-10
   9.98214034e-10  9.98214034e-10]]
Train validation errors
[[36751825098.012726, 308750648707.0375], [36751825098.012726, 308750648707.0375], [36751825098.012726, 308750648707.0375], [3.8928073732652207e+21, 7.607634861602083e+21], [3.852706674720585e+23, 7.52925014975083e+23], [36751825098.012726, 308750648707.0375], [7.907843781627725e+26, 1.5331469011490557e+27], [3.2891138736594095e+24, 6.427794766422717e+24], [1.8948302411827435e+43, 1.9281915562237146e+43], [9.058245112731731e+23, 1.7702202902213803e+24]]
Selected parents:
[[ 0.00000000e+00  6.27937040e+00  3.19484293e+00 -3.72370557e+00
  -1.75214813e-10 -1.83669770e-15 -7.58848480e+00  2.29423303e-05
  -2.04721003e-06 -1.59792834e-08  9.98214034e-10]
 [ 0.00000000e+00  6.27937040e+00  3.19484293e+00 -3.72370557e+00
  -1.75214813e-10 -1.83669770e-15 -7.58848480e+00  2.29423303e-05
  -2.04721003e-06 -1.59792834e-08  9.98214034e-10]
 [ 0.00000000e+00  6.27937040e+00  3.19484293e+00 -3.72370557e+00
  -1.75214813e-10 -1.83669770e-15 -7.58848480e+00  2.29423303e-05
  -2.04721003e-06 -1.59792834e-08  9.98214034e-10]
 [ 6.65610261e+00  6.27937040e+00  3.19484293e+00 -3.72370557e+00
  -1.75214813e-10 -1.83669770e-15 -7.58848480e+00  3.30049422e-01
  -2.04721003e-06 -1.59792834e-08  9.98214034e-10]
 [-2.53647165e+00  6.27937040e+00  9.10274860e+00 -3.72370557e+00
   7.12036341e+00 -1.83669770e-15 -7.58848480e+00  3.28318186e+00
  -2.04721003e-06 -1.59792834e-08  9.98214034e-10]
 [ 0.00000000e+00  6.27937040e+00  3.19484293e+00 -3.72370557e+00
  -1.75214813e-10 -1.83669770e-15 -7.58848480e+00  2.29423303e-05
  -2.04721003e-06 -1.59792834e-08  9.98214034e-10]]Population:
[[ 0.00000000e+00  0.00000000e+00  0.00000000e+00  0.00000000e+00
   0.00000000e+00  6.65610261e+00 -7.83878833e+00  0.00000000e+00
   1.75523529e+00  0.00000000e+00]
 [ 6.27937040e+00  6.27937040e+00  6.27937040e+00  6.27937040e+00
   6.27937040e+00  6.27937040e+00  8.30381203e+00  6.27937040e+00
   2.51609986e+00  6.27937040e+00]
 [ 3.19484293e+00  3.19484293e+00  3.19484293e+00  3.19484293e+00
  -2.81157599e+00  3.19484293e+00  3.19484293e+00  3.19484293e+00
  -5.82135115e+00  3.19484293e+00]
 [-3.72370557e+00 -3.72370557e+00 -3.72370557e+00 -9.14336497e+00
  -3.72370557e+00 -3.72370557e+00 -3.72370557e+00 -3.72370557e+00
  -3.72370557e+00 -3.72370557e+00]
 [-1.75214813e-10 -1.75214813e-10 -1.75214813e-10 -1.75214813e-10
  -1.75214813e-10 -6.67146390e+00 -1.75214813e-10 -1.75214813e-10
  -1.75214813e-10 -1.75214813e-10]
 [-1.83669770e-15 -1.83669770e-15 -1.83669770e-15 -1.83669770e-15
  -1.83669770e-15 -1.83669770e-15 -1.83669770e-15 -1.83669770e-15
  -1.83669770e-15 -1.83669770e-15]
 [-7.58848480e+00 -7.58848480e+00 -7.58848480e+00 -7.58848480e+00
  -7.58848480e+00 -7.58848480e+00 -7.58848480e+00 -7.58848480e+00
  -7.58848480e+00 -7.58848480e+00]
 [ 2.29423303e-05  2.29423303e-05  2.29423303e-05  2.29423303e-05
   3.30049422e-01  2.29423303e-05  2.29423303e-05 -4.34996776e+00
   2.29423303e-05  3.30049422e-01]
 [-2.04721003e-06 -2.04721003e-06 -2.04721003e-06 -2.04721003e-06
  -2.04721003e-06 -2.04721003e-06 -2.04721003e-06 -2.04721003e-06
  -2.04721003e-06 -2.04721003e-06]
 [-1.59792834e-08 -1.59792834e-08 -3.21930339e-01 -1.59792834e-08
  -1.59792834e-08 -1.59792834e-08 -1.59792834e-08 -1.59792834e-08
   2.61048895e+00 -1.59792834e-08]
 [ 9.98214034e-10  9.98214034e-10  9.98214034e-10 -6.99484292e+00
   9.98214034e-10  9.98214034e-10  9.98214034e-10  9.98214034e-10
   9.98214034e-10  9.98214034e-10]]
Train validation errors
[[36751825098.012726, 308750648707.0375], [36751825098.012726, 308750648707.0375], [1.9988537533355017e+28, 3.831966354778905e+28], [2.2205394667036664e+34, 4.200983918263616e+34], [3.892806901064554e+21, 7.607633695324655e+21], [151092727936764.0, 278259689311102.5], [36735311023.96397, 308744145489.5924], [6.763071567485601e+23, 1.3216811603870386e+24], [1.314319561224473e+30, 2.5196582555331002e+30], [3.892807373051932e+21, 7.607634861001254e+21]]
Selected parents:
[[ 0.00000000e+00  6.27937040e+00  3.19484293e+00 -3.72370557e+00
  -1.75214813e-10 -1.83669770e-15 -7.58848480e+00  2.29423303e-05
  -2.04721003e-06 -1.59792834e-08  9.98214034e-10]
 [ 0.00000000e+00  6.27937040e+00  3.19484293e+00 -3.72370557e+00
  -1.75214813e-10 -1.83669770e-15 -7.58848480e+00  2.29423303e-05
  -2.04721003e-06 -1.59792834e-08  9.98214034e-10]
 [ 0.00000000e+00  6.27937040e+00 -2.81157599e+00 -3.72370557e+00
  -1.75214813e-10 -1.83669770e-15 -7.58848480e+00  3.30049422e-01
  -2.04721003e-06 -1.59792834e-08  9.98214034e-10]
 [ 6.65610261e+00  6.27937040e+00  3.19484293e+00 -3.72370557e+00
  -6.67146390e+00 -1.83669770e-15 -7.58848480e+00  2.29423303e-05
  -2.04721003e-06 -1.59792834e-08  9.98214034e-10]
 [-7.83878833e+00  8.30381203e+00  3.19484293e+00 -3.72370557e+00
  -1.75214813e-10 -1.83669770e-15 -7.58848480e+00  2.29423303e-05
  -2.04721003e-06 -1.59792834e-08  9.98214034e-10]
 [ 0.00000000e+00  6.27937040e+00  3.19484293e+00 -3.72370557e+00
  -1.75214813e-10 -1.83669770e-15 -7.58848480e+00  3.30049422e-01
  -2.04721003e-06 -1.59792834e-08  9.98214034e-10]]Population:
[[ 0.00000000e+00 -7.83878833e+00  0.00000000e+00  0.00000000e+00
   0.00000000e+00  9.23360543e+00  0.00000000e+00  0.00000000e+00
  -7.83878833e+00  0.00000000e+00]
 [ 6.27937040e+00  8.30381203e+00  6.27937040e+00  6.27937040e+00
   6.27937040e+00  8.30381203e+00  6.27937040e+00  6.27937040e+00
   8.30381203e+00  6.27937040e+00]
 [ 3.19484293e+00  3.19484293e+00  3.19484293e+00  3.19484293e+00
   3.95364702e+00  9.97527667e+00  3.19484293e+00  3.19484293e+00
   3.19484293e+00 -6.32383609e+00]
 [-3.72370557e+00 -3.72370557e+00 -3.72370557e+00 -3.72370557e+00
  -3.72370557e+00 -3.72370557e+00 -3.72370557e+00 -3.72370557e+00
  -3.72370557e+00 -3.72370557e+00]
 [-1.75214813e-10 -1.75214813e-10 -1.75214813e-10 -1.75214813e-10
  -1.75214813e-10 -1.75214813e-10 -1.75214813e-10 -1.75214813e-10
  -1.75214813e-10 -1.75214813e-10]
 [-1.83669770e-15 -1.83669770e-15 -1.83669770e-15 -1.83669770e-15
  -1.83669770e-15 -1.83669770e-15 -1.83669770e-15 -1.83669770e-15
  -1.83669770e-15 -1.83669770e-15]
 [-7.58848480e+00 -7.58848480e+00 -7.58848480e+00 -7.58848480e+00
  -7.58848480e+00 -8.60119449e+00 -7.58848480e+00 -7.58848480e+00
  -7.58848480e+00 -7.58848480e+00]
 [ 2.29423303e-05  2.29423303e-05  2.29423303e-05 -5.08202512e-01
   2.29423303e-05  2.29423303e-05  2.29423303e-05  3.30049422e-01
   3.30049422e-01  2.29423303e-05]
 [-2.04721003e-06 -2.04721003e-06 -2.04721003e-06 -2.04721003e-06
  -2.04721003e-06 -2.04721003e-06 -2.04721003e-06 -2.04721003e-06
  -2.04721003e-06 -2.04721003e-06]
 [-1.59792834e-08 -1.59792834e-08 -1.59792834e-08 -1.59792834e-08
  -1.59792834e-08 -1.59792834e-08 -1.59792834e-08 -1.59792834e-08
  -1.59792834e-08 -1.59792834e-08]
 [ 9.98214034e-10  9.98214034e-10  9.98214034e-10  9.98214034e-10
   9.98214034e-10  9.98214034e-10 -8.26738089e+00  9.98214034e-10
   9.98214034e-10  9.98214034e-10]]
Train validation errors
[[36751825098.012726, 308750648707.0375], [36735311023.96397, 308744145489.5924], [36751825098.012726, 308750648707.0375], [9.231689949210711e+21, 1.8041048683342486e+22], [36689072938.27042, 308761276255.71216], [36214772973.22673, 308901294678.2992], [3.101976170730866e+34, 5.868552306087022e+34], [3.892807373051932e+21, 7.607634861001254e+21], [3.892807377275811e+21, 7.607634868735006e+21], [37634993747.81563, 308766662910.67346]]
Selected parents:
[[ 0.00000000e+00  6.27937040e+00  3.19484293e+00 -3.72370557e+00
  -1.75214813e-10 -1.83669770e-15 -7.58848480e+00  2.29423303e-05
  -2.04721003e-06 -1.59792834e-08  9.98214034e-10]
 [-7.83878833e+00  8.30381203e+00  3.19484293e+00 -3.72370557e+00
  -1.75214813e-10 -1.83669770e-15 -7.58848480e+00  2.29423303e-05
  -2.04721003e-06 -1.59792834e-08  9.98214034e-10]
 [ 0.00000000e+00  6.27937040e+00  3.19484293e+00 -3.72370557e+00
  -1.75214813e-10 -1.83669770e-15 -7.58848480e+00  2.29423303e-05
  -2.04721003e-06 -1.59792834e-08  9.98214034e-10]
 [ 0.00000000e+00  6.27937040e+00  3.95364702e+00 -3.72370557e+00
  -1.75214813e-10 -1.83669770e-15 -7.58848480e+00  2.29423303e-05
  -2.04721003e-06 -1.59792834e-08  9.98214034e-10]
 [ 9.23360543e+00  8.30381203e+00  9.97527667e+00 -3.72370557e+00
  -1.75214813e-10 -1.83669770e-15 -8.60119449e+00  2.29423303e-05
  -2.04721003e-06 -1.59792834e-08  9.98214034e-10]
 [ 0.00000000e+00  6.27937040e+00 -6.32383609e+00 -3.72370557e+00
  -1.75214813e-10 -1.83669770e-15 -7.58848480e+00  2.29423303e-05
  -2.04721003e-06 -1.59792834e-08  9.98214034e-10]]Population:
[[ 0.00000000e+00 -7.83878833e+00  0.00000000e+00  0.00000000e+00
   0.00000000e+00  3.85344162e+00  0.00000000e+00 -7.83878833e+00
   9.23360543e+00  0.00000000e+00]
 [ 6.27937040e+00  8.30381203e+00  6.27937040e+00  6.27937040e+00
   6.27937040e+00  6.27937040e+00  6.27937040e+00  8.30381203e+00
   8.30381203e+00  6.27937040e+00]
 [ 3.19484293e+00  3.19484293e+00  3.19484293e+00  3.95364702e+00
   3.19484293e+00 -6.32383609e+00 -8.83690854e+00  3.19484293e+00
  -1.87737040e+00 -6.32383609e+00]
 [-3.72370557e+00 -3.72370557e+00 -3.72370557e+00 -3.72370557e+00
  -3.72370557e+00  7.41979837e+00 -3.72370557e+00 -3.72370557e+00
  -3.72370557e+00 -3.72370557e+00]
 [-1.75214813e-10 -1.75214813e-10 -1.75214813e-10 -1.75214813e-10
  -1.75214813e-10 -7.26609220e+00 -1.75214813e-10 -1.75214813e-10
   2.72187430e+00 -1.75214813e-10]
 [-1.83669770e-15 -1.83669770e-15 -1.83669770e-15 -1.83669770e-15
  -1.83669770e-15 -1.83669770e-15 -1.83669770e-15  2.82650688e-01
  -3.41089158e+00 -1.83669770e-15]
 [-7.58848480e+00 -7.58848480e+00 -7.58848480e+00 -7.58848480e+00
  -7.58848480e+00 -7.58848480e+00 -7.58848480e+00 -7.58848480e+00
  -8.60119449e+00 -7.58848480e+00]
 [ 2.29423303e-05  2.29423303e-05  2.29423303e-05  2.29423303e-05
   2.29423303e-05  2.29423303e-05  2.29423303e-05 -3.09485436e+00
   2.29423303e-05  2.29423303e-05]
 [-2.04721003e-06 -2.04721003e-06 -2.04721003e-06  1.23742048e+00
  -2.04721003e-06 -2.04721003e-06 -2.04721003e-06 -2.04721003e-06
  -7.23742176e+00 -2.04721003e-06]
 [-1.59792834e-08 -1.59792834e-08 -1.59792834e-08 -1.59792834e-08
  -1.59792834e-08 -1.59792834e-08 -1.59792834e-08 -1.59792834e-08
  -1.59792834e-08 -1.59792834e-08]
 [ 9.98214034e-10  9.98214034e-10  9.98214034e-10  9.98214034e-10
  -1.91829105e+00  9.98214034e-10  9.98214034e-10  9.98214034e-10
   9.98214034e-10  9.98214034e-10]]
Train validation errors
[[36751825098.012726, 308750648707.0375], [36735311023.96397, 308744145489.5924], [36751825098.012726, 308750648707.0375], [1.264464994364565e+26, 2.4515035530843148e+26], [1.6700580435216304e+33, 3.15954167378212e+33], [171467925236749.28, 309014246755400.2], [37897830585.83276, 308817045620.9111], [2.928975839022289e+40, 2.9805448245735753e+40], [4.2653193508695855e+42, 4.34041675358468e+42], [37634993747.81563, 308766662910.67346]]
Selected parents:
[[ 0.00000000e+00  6.27937040e+00  3.19484293e+00 -3.72370557e+00
  -1.75214813e-10 -1.83669770e-15 -7.58848480e+00  2.29423303e-05
  -2.04721003e-06 -1.59792834e-08  9.98214034e-10]
 [-7.83878833e+00  8.30381203e+00  3.19484293e+00 -3.72370557e+00
  -1.75214813e-10 -1.83669770e-15 -7.58848480e+00  2.29423303e-05
  -2.04721003e-06 -1.59792834e-08  9.98214034e-10]
 [ 0.00000000e+00  6.27937040e+00  3.19484293e+00 -3.72370557e+00
  -1.75214813e-10 -1.83669770e-15 -7.58848480e+00  2.29423303e-05
  -2.04721003e-06 -1.59792834e-08  9.98214034e-10]
 [ 3.85344162e+00  6.27937040e+00 -6.32383609e+00  7.41979837e+00
  -7.26609220e+00 -1.83669770e-15 -7.58848480e+00  2.29423303e-05
  -2.04721003e-06 -1.59792834e-08  9.98214034e-10]
 [ 0.00000000e+00  6.27937040e+00 -8.83690854e+00 -3.72370557e+00
  -1.75214813e-10 -1.83669770e-15 -7.58848480e+00  2.29423303e-05
  -2.04721003e-06 -1.59792834e-08  9.98214034e-10]
 [ 0.00000000e+00  6.27937040e+00 -6.32383609e+00 -3.72370557e+00
  -1.75214813e-10 -1.83669770e-15 -7.58848480e+00  2.29423303e-05
  -2.04721003e-06 -1.59792834e-08  9.98214034e-10]]Population:
[[ 0.00000000e+00 -7.83878833e+00  3.85344162e+00  0.00000000e+00
  -7.83878833e+00  0.00000000e+00 -3.76372820e+00 -7.83878833e+00
   0.00000000e+00  0.00000000e+00]
 [ 6.27937040e+00  8.30381203e+00  6.27937040e+00  6.27937040e+00
   8.30381203e+00  6.27937040e+00  6.27937040e+00  8.30381203e+00
   6.27937040e+00  6.27937040e+00]
 [ 3.19484293e+00  3.19484293e+00 -6.32383609e+00  3.19484293e+00
   1.65903643e+00  3.19484293e+00  3.19484293e+00  3.19484293e+00
   3.19484293e+00 -6.32383609e+00]
 [-3.72370557e+00 -3.72370557e+00  7.41979837e+00 -3.72370557e+00
  -1.97913049e+00 -3.72370557e+00 -3.72370557e+00 -3.72370557e+00
  -3.72370557e+00 -3.72370557e+00]
 [-1.75214813e-10 -1.75214813e-10 -7.26609220e+00 -1.75214813e-10
  -1.75214813e-10 -1.75214813e-10 -1.75214813e-10 -1.75214813e-10
  -1.75214813e-10 -1.75214813e-10]
 [-1.83669770e-15 -1.83669770e-15 -1.83669770e-15 -1.83669770e-15
  -1.83669770e-15 -1.83669770e-15 -1.83669770e-15 -1.83669770e-15
  -1.83669770e-15 -1.83669770e-15]
 [-7.58848480e+00 -7.58848480e+00 -7.58848480e+00 -7.58848480e+00
  -6.95116719e+00 -7.58848480e+00 -7.58848480e+00 -7.58848480e+00
  -7.58848480e+00 -7.58848480e+00]
 [ 2.29423303e-05  2.29423303e-05  2.29423303e-05  2.29423303e-05
   2.29423303e-05  2.29423303e-05  2.29423303e-05  2.29423303e-05
   2.29423303e-05  2.29423303e-05]
 [-2.04721003e-06 -2.04721003e-06 -2.04721003e-06 -2.04721003e-06
  -4.12636224e-01 -2.04721003e-06 -2.04721003e-06 -2.04721003e-06
   2.54866534e+00 -2.04721003e-06]
 [-1.59792834e-08 -1.59792834e-08  2.88287710e+00 -1.59792834e-08
  -1.59792834e-08 -1.59792834e-08 -1.59792834e-08 -1.59792834e-08
  -4.80746272e+00 -1.59792834e-08]
 [ 9.98214034e-10  9.98214034e-10  9.98214034e-10  9.98214034e-10
   9.98214034e-10  9.98214034e-10  9.98214034e-10  9.98214034e-10
   9.98214034e-10  9.98214034e-10]]
Train validation errors
[[36751825098.012726, 308750648707.0375], [36735311023.96397, 308744145489.5924], [1.602911344526993e+30, 3.072912336456499e+30], [36751825098.012726, 308750648707.0375], [1.406051372941741e+25, 2.7260060971872745e+25], [36751825098.012726, 308750648707.0375], [36751858167.52435, 308750937205.32477], [36735311023.96397, 308744145489.5924], [4.363207203077031e+30, 8.357996560296935e+30], [37634993747.81563, 308766662910.67346]]
Selected parents:
[[ 0.00000000e+00  6.27937040e+00  3.19484293e+00 -3.72370557e+00
  -1.75214813e-10 -1.83669770e-15 -7.58848480e+00  2.29423303e-05
  -2.04721003e-06 -1.59792834e-08  9.98214034e-10]
 [-7.83878833e+00  8.30381203e+00  3.19484293e+00 -3.72370557e+00
  -1.75214813e-10 -1.83669770e-15 -7.58848480e+00  2.29423303e-05
  -2.04721003e-06 -1.59792834e-08  9.98214034e-10]
 [ 0.00000000e+00  6.27937040e+00  3.19484293e+00 -3.72370557e+00
  -1.75214813e-10 -1.83669770e-15 -7.58848480e+00  2.29423303e-05
  -2.04721003e-06 -1.59792834e-08  9.98214034e-10]
 [ 0.00000000e+00  6.27937040e+00  3.19484293e+00 -3.72370557e+00
  -1.75214813e-10 -1.83669770e-15 -7.58848480e+00  2.29423303e-05
  -2.04721003e-06 -1.59792834e-08  9.98214034e-10]
 [-3.76372820e+00  6.27937040e+00  3.19484293e+00 -3.72370557e+00
  -1.75214813e-10 -1.83669770e-15 -7.58848480e+00  2.29423303e-05
  -2.04721003e-06 -1.59792834e-08  9.98214034e-10]
 [-7.83878833e+00  8.30381203e+00  3.19484293e+00 -3.72370557e+00
  -1.75214813e-10 -1.83669770e-15 -7.58848480e+00  2.29423303e-05
  -2.04721003e-06 -1.59792834e-08  9.98214034e-10]]Population:
[[-7.83878833e+00 -7.83878833e+00  0.00000000e+00 -7.83878833e+00
   0.00000000e+00 -7.83878833e+00  0.00000000e+00 -7.83878833e+00
   0.00000000e+00 -7.83878833e+00]
 [ 8.30381203e+00  8.30381203e+00 -3.80218369e+00  8.30381203e+00
   6.27937040e+00  8.30381203e+00  6.27937040e+00 -6.59293712e-01
  -3.21893316e+00  8.30381203e+00]
 [ 3.19484293e+00  3.19484293e+00  3.19484293e+00  3.19484293e+00
   3.19484293e+00  3.19484293e+00  3.19484293e+00  3.19484293e+00
   3.19484293e+00  3.19484293e+00]
 [-3.72370557e+00 -3.72370557e+00 -3.72370557e+00 -3.72370557e+00
  -3.72370557e+00 -3.72370557e+00 -3.72370557e+00 -3.72370557e+00
  -3.72370557e+00 -3.72370557e+00]
 [-1.75214813e-10 -1.75214813e-10 -1.75214813e-10 -1.75214813e-10
  -1.75214813e-10 -1.75214813e-10 -1.75214813e-10 -1.75214813e-10
  -1.75214813e-10 -1.75214813e-10]
 [-1.83669770e-15 -1.83669770e-15 -1.83669770e-15 -1.83669770e-15
  -1.83669770e-15 -1.83669770e-15 -1.83669770e-15 -1.83669770e-15
  -1.83669770e-15 -1.83669770e-15]
 [-7.58848480e+00 -7.58848480e+00 -7.58848480e+00 -7.58848480e+00
  -7.58848480e+00 -7.58848480e+00 -7.58848480e+00 -3.48986696e+00
  -7.58848480e+00 -7.58848480e+00]
 [ 2.29423303e-05  2.29423303e-05  2.29423303e-05  2.29423303e-05
   2.29423303e-05  2.29423303e-05  2.29423303e-05  2.29423303e-05
   2.29423303e-05  2.29423303e-05]
 [-2.04721003e-06 -2.04721003e-06 -2.04721003e-06 -2.04721003e-06
  -2.04721003e-06 -2.04721003e-06 -2.04721003e-06 -2.04721003e-06
  -8.72358943e+00  8.45817639e+00]
 [-1.59792834e-08 -1.59792834e-08 -1.59792834e-08 -1.59792834e-08
  -1.59792834e-08 -1.59792834e-08 -1.59792834e-08 -1.59792834e-08
  -1.59792834e-08 -1.59792834e-08]
 [ 9.98214034e-10  9.98214034e-10  9.98214034e-10  9.98214034e-10
   9.98214034e-10  9.98214034e-10  9.98214034e-10  5.30499696e-01
   9.98214034e-10  9.98214034e-10]]
Train validation errors
[[36735311023.96397, 308744145489.5924], [36735311023.96397, 308744145489.5924], [36834494836.04594, 308786134681.48193], [36735311023.96397, 308744145489.5924], [36751825098.012726, 308750648707.0375], [36735311023.96397, 308744145489.5924], [36751825098.012726, 308750648707.0375], [1.2772409670329048e+32, 2.4163807232423933e+32], [6.28435945630018e+27, 1.2183910819155697e+28], [5.907782117556682e+27, 1.1453815128755787e+28]]
Selected parents:
[[-7.83878833e+00  8.30381203e+00  3.19484293e+00 -3.72370557e+00
  -1.75214813e-10 -1.83669770e-15 -7.58848480e+00  2.29423303e-05
  -2.04721003e-06 -1.59792834e-08  9.98214034e-10]
 [-7.83878833e+00  8.30381203e+00  3.19484293e+00 -3.72370557e+00
  -1.75214813e-10 -1.83669770e-15 -7.58848480e+00  2.29423303e-05
  -2.04721003e-06 -1.59792834e-08  9.98214034e-10]
 [-7.83878833e+00  8.30381203e+00  3.19484293e+00 -3.72370557e+00
  -1.75214813e-10 -1.83669770e-15 -7.58848480e+00  2.29423303e-05
  -2.04721003e-06 -1.59792834e-08  9.98214034e-10]
 [ 0.00000000e+00  6.27937040e+00  3.19484293e+00 -3.72370557e+00
  -1.75214813e-10 -1.83669770e-15 -7.58848480e+00  2.29423303e-05
  -2.04721003e-06 -1.59792834e-08  9.98214034e-10]
 [-7.83878833e+00  8.30381203e+00  3.19484293e+00 -3.72370557e+00
  -1.75214813e-10 -1.83669770e-15 -7.58848480e+00  2.29423303e-05
  -2.04721003e-06 -1.59792834e-08  9.98214034e-10]
 [ 0.00000000e+00  6.27937040e+00  3.19484293e+00 -3.72370557e+00
  -1.75214813e-10 -1.83669770e-15 -7.58848480e+00  2.29423303e-05
  -2.04721003e-06 -1.59792834e-08  9.98214034e-10]]Population:
[[-7.83878833e+00 -7.83878833e+00  0.00000000e+00 -7.83878833e+00
   0.00000000e+00 -7.83878833e+00 -7.83878833e+00 -7.83878833e+00
  -7.83878833e+00 -7.83878833e+00]
 [ 8.30381203e+00  8.30381203e+00  6.27937040e+00  8.30381203e+00
   6.27937040e+00 -8.27116100e-01  8.30381203e+00  8.30381203e+00
   1.89517598e+00  8.30381203e+00]
 [ 3.19484293e+00  3.19484293e+00  3.19484293e+00  3.19484293e+00
   3.19484293e+00  3.19484293e+00  3.19484293e+00  3.19484293e+00
   3.19484293e+00  3.19484293e+00]
 [-3.72370557e+00 -3.72370557e+00 -3.72370557e+00 -3.72370557e+00
  -3.72370557e+00 -4.37903432e+00 -3.72370557e+00 -3.72370557e+00
  -3.72370557e+00 -3.72370557e+00]
 [-1.75214813e-10 -1.75214813e-10 -1.75214813e-10 -1.75214813e-10
  -1.75214813e-10 -1.75214813e-10 -1.75214813e-10 -1.75214813e-10
  -1.75214813e-10 -1.75214813e-10]
 [-1.83669770e-15 -1.83669770e-15 -1.83669770e-15 -1.83669770e-15
  -1.83669770e-15 -1.83669770e-15 -1.83669770e-15 -1.83669770e-15
  -1.83669770e-15 -1.83669770e-15]
 [-7.58848480e+00 -7.58848480e+00 -7.58848480e+00 -7.58848480e+00
  -7.58848480e+00 -7.58848480e+00 -7.58848480e+00 -7.58848480e+00
  -7.58848480e+00 -7.58848480e+00]
 [ 2.29423303e-05  2.29423303e-05  2.29423303e-05  2.29423303e-05
   2.29423303e-05  2.29423303e-05  2.29423303e-05  2.29423303e-05
   2.29423303e-05  2.29423303e-05]
 [-2.04721003e-06 -2.04721003e-06 -2.04721003e-06 -2.04721003e-06
  -2.04721003e-06 -2.04721003e-06 -2.04721003e-06 -2.04721003e-06
  -2.04721003e-06 -2.04721003e-06]
 [-1.59792834e-08 -1.59792834e-08 -1.59792834e-08 -1.59792834e-08
   2.62491792e+00 -1.59792834e-08 -1.59792834e-08 -1.59792834e-08
  -1.59792834e-08 -1.59792834e-08]
 [ 9.98214034e-10  9.98214034e-10  9.98214034e-10  9.98214034e-10
   9.98214034e-10  9.98214034e-10  9.98214034e-10  9.98214034e-10
  -5.05004821e+00  9.98214034e-10]]
Train validation errors
[[36735311023.96397, 308744145489.5924], [36735311023.96397, 308744145489.5924], [36751825098.012726, 308750648707.0375], [36735311023.96397, 308744145489.5924], [1.328889010909134e+30, 2.5475890839682174e+30], [45757004780.81859, 306638050749.1602], [36735311023.96397, 308744145489.5924], [36735311023.96397, 308744145489.5924], [1.1574270058252533e+34, 2.189707641290109e+34], [36735311023.96397, 308744145489.5924]]
Selected parents:
[[-7.83878833e+00  8.30381203e+00  3.19484293e+00 -3.72370557e+00
  -1.75214813e-10 -1.83669770e-15 -7.58848480e+00  2.29423303e-05
  -2.04721003e-06 -1.59792834e-08  9.98214034e-10]
 [-7.83878833e+00  8.30381203e+00  3.19484293e+00 -3.72370557e+00
  -1.75214813e-10 -1.83669770e-15 -7.58848480e+00  2.29423303e-05
  -2.04721003e-06 -1.59792834e-08  9.98214034e-10]
 [-7.83878833e+00  8.30381203e+00  3.19484293e+00 -3.72370557e+00
  -1.75214813e-10 -1.83669770e-15 -7.58848480e+00  2.29423303e-05
  -2.04721003e-06 -1.59792834e-08  9.98214034e-10]
 [-7.83878833e+00 -8.27116100e-01  3.19484293e+00 -4.37903432e+00
  -1.75214813e-10 -1.83669770e-15 -7.58848480e+00  2.29423303e-05
  -2.04721003e-06 -1.59792834e-08  9.98214034e-10]
 [-7.83878833e+00  8.30381203e+00  3.19484293e+00 -3.72370557e+00
  -1.75214813e-10 -1.83669770e-15 -7.58848480e+00  2.29423303e-05
  -2.04721003e-06 -1.59792834e-08  9.98214034e-10]
 [-7.83878833e+00  8.30381203e+00  3.19484293e+00 -3.72370557e+00
  -1.75214813e-10 -1.83669770e-15 -7.58848480e+00  2.29423303e-05
  -2.04721003e-06 -1.59792834e-08  9.98214034e-10]]Population:
[[-7.83878833e+00 -7.83878833e+00 -7.83878833e+00 -7.83878833e+00
  -7.83878833e+00 -7.83878833e+00 -7.83878833e+00  3.57243504e+00
  -7.83878833e+00 -7.83878833e+00]
 [-8.27116100e-01  8.30381203e+00  8.30381203e+00 -8.27116100e-01
   8.30381203e+00  8.30381203e+00 -8.27116100e-01  8.30381203e+00
   8.30381203e+00  8.30381203e+00]
 [ 3.19484293e+00  3.19484293e+00  3.19484293e+00  3.19484293e+00
   3.19484293e+00  3.19484293e+00  3.19484293e+00  3.19484293e+00
   3.19484293e+00  3.19484293e+00]
 [-4.37903432e+00 -3.72370557e+00 -3.72370557e+00 -4.37903432e+00
  -3.72370557e+00 -3.72370557e+00 -4.37903432e+00 -3.72370557e+00
  -3.72370557e+00 -3.72370557e+00]
 [-1.75214813e-10 -1.75214813e-10 -1.75214813e-10 -1.75214813e-10
   9.28021666e+00 -9.82741237e+00 -1.75214813e-10 -1.75214813e-10
  -1.75214813e-10 -1.75214813e-10]
 [-1.83669770e-15 -1.83669770e-15 -1.83669770e-15 -1.83669770e-15
  -1.83669770e-15 -1.83669770e-15 -1.83669770e-15 -1.83669770e-15
  -1.83669770e-15 -1.83669770e-15]
 [-7.58848480e+00 -7.58848480e+00 -7.58848480e+00 -7.58848480e+00
  -7.58848480e+00 -7.58848480e+00  8.63071069e+00 -7.58848480e+00
  -7.58848480e+00 -7.58848480e+00]
 [ 2.29423303e-05  2.29423303e-05  2.29423303e-05  2.29423303e-05
   2.29423303e-05  2.29423303e-05 -3.88193090e+00  2.29423303e-05
   2.29423303e-05  2.29423303e-05]
 [-2.04721003e-06 -2.04721003e-06 -2.04721003e-06 -2.04721003e-06
  -2.04721003e-06 -2.04721003e-06 -2.04721003e-06 -2.87756078e+00
   5.86159126e+00 -2.04721003e-06]
 [-1.59792834e-08 -1.59792834e-08 -1.59792834e-08 -1.59792834e-08
  -1.59792834e-08 -1.59792834e-08 -1.59792834e-08 -1.59792834e-08
  -1.59792834e-08 -8.05504898e+00]
 [ 9.98214034e-10  9.98214034e-10  9.98214034e-10  9.98214034e-10
   9.98214034e-10  9.98214034e-10  9.98214034e-10  9.98214034e-10
   9.98214034e-10  9.98214034e-10]]
Train validation errors
[[45757004780.81859, 306638050749.1602], [36735311023.96397, 308744145489.5924], [36735311023.96397, 308744145489.5924], [45757004780.81859, 306638050749.1602], [285684921436454.25, 548845730575084.1], [326418536825496.6, 605670765212579.8], [5.386021803751493e+23, 1.0525695184082361e+24], [6.837843888989166e+26, 1.3256988180183283e+27], [2.837279689096145e+27, 5.500825263675186e+27], [1.2513927047721584e+31, 2.3990223157398094e+31]]
Selected parents:
[[-7.83878833e+00 -8.27116100e-01  3.19484293e+00 -4.37903432e+00
  -1.75214813e-10 -1.83669770e-15 -7.58848480e+00  2.29423303e-05
  -2.04721003e-06 -1.59792834e-08  9.98214034e-10]
 [-7.83878833e+00  8.30381203e+00  3.19484293e+00 -3.72370557e+00
  -1.75214813e-10 -1.83669770e-15 -7.58848480e+00  2.29423303e-05
  -2.04721003e-06 -1.59792834e-08  9.98214034e-10]
 [-7.83878833e+00  8.30381203e+00  3.19484293e+00 -3.72370557e+00
  -1.75214813e-10 -1.83669770e-15 -7.58848480e+00  2.29423303e-05
  -2.04721003e-06 -1.59792834e-08  9.98214034e-10]
 [-7.83878833e+00 -8.27116100e-01  3.19484293e+00 -4.37903432e+00
  -1.75214813e-10 -1.83669770e-15 -7.58848480e+00  2.29423303e-05
  -2.04721003e-06 -1.59792834e-08  9.98214034e-10]
 [-7.83878833e+00  8.30381203e+00  3.19484293e+00 -3.72370557e+00
   9.28021666e+00 -1.83669770e-15 -7.58848480e+00  2.29423303e-05
  -2.04721003e-06 -1.59792834e-08  9.98214034e-10]
 [-7.83878833e+00  8.30381203e+00  3.19484293e+00 -3.72370557e+00
  -9.82741237e+00 -1.83669770e-15 -7.58848480e+00  2.29423303e-05
  -2.04721003e-06 -1.59792834e-08  9.98214034e-10]]Best offspring gen errors:
[[3.67518251e+10 3.08750649e+11]
 [3.67518251e+10 3.08750649e+11]
 [3.67518251e+10 3.08750649e+11]
 [3.67353110e+10 3.08744145e+11]
 [3.67353110e+10 3.08744145e+11]
 [3.67353110e+10 3.08744145e+11]
 [3.67353110e+10 3.08744145e+11]
 [3.67353110e+10 3.08744145e+11]
 [4.57570048e+10 3.06638051e+11]
 [4.57570048e+10 3.06638051e+11]]