Fitness funtion: -1 * (train_error)
Initialed with the best that we have until now
Starting all over again with new root population
No of generations: 5
Population size: 10
Mutation coefficient: 0.2
Split point: 7
Two offspring per pair

Population:
[[-8.82646063e-01 -1.40551374e-12 -2.72328283e-13  4.30878207e-11
  -2.28864960e-10 -1.20809573e-15  8.57463659e-16  2.29423303e-05
  -2.04721003e-06 -1.77183268e-08  9.98214034e-10]
 [-8.82646063e-01 -3.04240243e-12 -2.78631790e-13  6.04360560e-11
  -2.28864960e-10 -1.86060132e-15  8.87078986e-16  2.39063190e-05
  -2.04721003e-06 -1.54381848e-08  9.61918560e-10]
 [-8.46690542e-01 -2.02530650e-12 -3.19118882e-13  3.91081523e-11
  -1.15198504e-10 -5.86741720e-16  8.57463659e-16  1.65810515e-05
  -2.10774585e-06 -1.77183268e-08  9.98214034e-10]
 [-8.82646063e-01 -2.21430118e-12 -3.19118882e-13  4.51720352e-11
  -1.72886683e-10 -4.46726872e-16  8.79345236e-16  1.38926179e-05
  -2.04721003e-06 -1.46729723e-08  9.98214034e-10]
 [-8.83261626e-01 -1.87722385e-12 -3.03528324e-13  5.87628961e-11
  -2.58282184e-10 -1.86060132e-15  8.87078986e-16  2.39976097e-05
  -2.20629133e-06 -1.89410189e-08  9.35621799e-10]
 [-9.00543070e-01 -2.12134379e-12 -3.35746461e-13  6.45764292e-11
  -1.62312347e-10 -1.94968615e-15  8.17089439e-16  1.80781366e-05
  -1.64213396e-06 -1.77183268e-08  9.65266921e-10]
 [-8.02420788e-01 -3.04240243e-12 -2.78631790e-13  6.01051517e-11
  -1.20565158e-10 -1.28456735e-15  7.99936532e-16  2.48817479e-05
  -1.35993388e-06 -2.41053257e-08  9.18961600e-10]
 [-9.04853293e-01 -2.21430118e-12 -2.78631790e-13  5.45934953e-11
  -1.25572443e-10 -3.97234318e-16  8.57463659e-16  1.65810515e-05
  -2.04721003e-06 -1.46729723e-08  9.98214034e-10]
 [ 7.36207142e-01 -1.27980381e-12 -2.33352895e-13  3.93090895e-11
  -2.75743149e-10 -2.19396909e-15  8.52944060e-16  2.63838155e-05
  -1.88631172e-06 -1.51328814e-08  1.02765340e-09]
 [ 8.19905665e-01 -2.04283015e-12 -3.03528324e-13  4.79107086e-11
  -2.19392432e-10 -1.94968615e-15  7.37238837e-16  2.63838155e-05
  -2.04721003e-06 -1.59792834e-08  1.06172282e-09]]
Train validation errors
[[2.15295851e+11 3.52399237e+11]
 [1.59524424e+11 1.72043916e+11]
 [3.46280417e+12 6.43742227e+12]
 [4.18251989e+11 9.01636880e+11]
 [1.49793343e+13 2.48810566e+13]
 [2.03083858e+12 4.84689868e+12]
 [3.76370064e+12 7.06349411e+12]
 [2.77162515e+11 7.32469988e+11]
 [8.41161983e+12 2.07203280e+13]
 [3.74256346e+12 9.89521677e+12]]
Selected parents:
[[-8.82646063e-01 -8.82646063e-01 -8.46690542e-01 -8.82646063e-01
  -9.00543070e-01 -9.04853293e-01]
 [-1.40551374e-12 -3.04240243e-12 -2.02530650e-12 -2.21430118e-12
  -2.12134379e-12 -2.21430118e-12]
 [-2.72328283e-13 -2.78631790e-13 -3.19118882e-13 -3.19118882e-13
  -3.35746461e-13 -2.78631790e-13]
 [ 4.30878207e-11  6.04360560e-11  3.91081523e-11  4.51720352e-11
   6.45764292e-11  5.45934953e-11]
 [-2.28864960e-10 -2.28864960e-10 -1.15198504e-10 -1.72886683e-10
  -1.62312347e-10 -1.25572443e-10]
 [-1.20809573e-15 -1.86060132e-15 -5.86741720e-16 -4.46726872e-16
  -1.94968615e-15 -3.97234318e-16]
 [ 8.57463659e-16  8.87078986e-16  8.57463659e-16  8.79345236e-16
   8.17089439e-16  8.57463659e-16]
 [ 2.29423303e-05  2.39063190e-05  1.65810515e-05  1.38926179e-05
   1.80781366e-05  1.65810515e-05]
 [-2.04721003e-06 -2.04721003e-06 -2.10774585e-06 -2.04721003e-06
  -1.64213396e-06 -2.04721003e-06]
 [-1.77183268e-08 -1.54381848e-08 -1.77183268e-08 -1.46729723e-08
  -1.77183268e-08 -1.46729723e-08]
 [ 9.98214034e-10  9.61918560e-10  9.98214034e-10  9.98214034e-10
   9.65266921e-10  9.98214034e-10]]
After cross over and mutation:
[[-8.82646063e-01 -1.40551374e-12 -2.72328283e-13  4.30878207e-11
  -2.28864960e-10 -1.20809573e-15  8.57463659e-16  2.29423303e-05
  -2.04721003e-06 -1.77183268e-08  9.98214034e-10]
 [-8.82646063e-01 -3.04240243e-12 -2.78631790e-13  6.04360560e-11
  -2.28864960e-10 -1.86060132e-15  8.87078986e-16  2.39063190e-05
  -2.04721003e-06 -1.54381848e-08  9.61918560e-10]
 [-8.02976518e-01 -2.02530650e-12 -3.19118882e-13  6.04360560e-11
  -2.28864960e-10 -1.86060132e-15  8.43711709e-16  1.65810515e-05
  -2.15400293e-06 -8.95821106e-09  9.39560042e-10]
 [-8.00037180e-01 -2.02530650e-12 -3.57227091e-13  3.91081523e-11
  -2.28864960e-10 -5.95330352e-16  7.77667316e-16  3.06377012e-05
  -2.86356748e-06 -1.77183268e-08  9.81978444e-10]
 [-8.18633991e-01 -1.78822126e-12 -3.13992954e-13  5.86639518e-11
  -2.05106169e-10 -1.94968615e-15  8.57463659e-16  1.65810515e-05
  -2.85062114e-06 -8.88104970e-09  1.06791338e-09]
 [-9.04853293e-01 -2.12134379e-12 -2.57160835e-13  6.45764292e-11
  -1.00871331e-10 -1.94968615e-15  8.17089439e-16  1.42057790e-05
  -1.64213396e-06 -2.34039464e-08  1.02025022e-09]
 [-8.82646063e-01 -2.18999106e-12 -2.36072500e-13  3.39130823e-11
  -1.15198504e-10 -6.62422000e-16  8.78054342e-16  2.14356474e-05
  -2.10774585e-06 -1.77183268e-08  9.98214034e-10]
 [-8.82646063e-01 -2.21430118e-12 -3.05064566e-13  5.25038571e-11
  -1.72886683e-10 -4.46726872e-16  8.79345236e-16  1.38926179e-05
  -1.40380541e-06 -8.46772461e-09  1.05574305e-09]
 [-8.82646063e-01 -1.40551374e-12 -2.65421591e-13  6.04360560e-11
  -2.28864960e-10 -1.20809573e-15  8.57463659e-16  3.00792129e-05
  -2.04721003e-06 -1.77183268e-08  9.98214034e-10]
 [-8.59763435e-01 -3.00010317e-12 -2.72968273e-13  6.10519205e-11
  -2.81152328e-10 -1.80090014e-15  8.43152521e-16  3.19576088e-05
  -1.28840823e-06 -1.77183268e-08  1.00715146e-09]]
Population:
[[-8.82646063e-01 -1.40551374e-12 -2.72328283e-13  4.30878207e-11
  -2.28864960e-10 -1.20809573e-15  8.57463659e-16  2.29423303e-05
  -2.04721003e-06 -1.77183268e-08  9.98214034e-10]
 [-8.82646063e-01 -3.04240243e-12 -2.78631790e-13  6.04360560e-11
  -2.28864960e-10 -1.86060132e-15  8.87078986e-16  2.39063190e-05
  -2.04721003e-06 -1.54381848e-08  9.61918560e-10]
 [-8.02976518e-01 -2.02530650e-12 -3.19118882e-13  6.04360560e-11
  -2.28864960e-10 -1.86060132e-15  8.43711709e-16  1.65810515e-05
  -2.15400293e-06 -8.95821106e-09  9.39560042e-10]
 [-8.00037180e-01 -2.02530650e-12 -3.57227091e-13  3.91081523e-11
  -2.28864960e-10 -5.95330352e-16  7.77667316e-16  3.06377012e-05
  -2.86356748e-06 -1.77183268e-08  9.81978444e-10]
 [-8.18633991e-01 -1.78822126e-12 -3.13992954e-13  5.86639518e-11
  -2.05106169e-10 -1.94968615e-15  8.57463659e-16  1.65810515e-05
  -2.85062114e-06 -8.88104970e-09  1.06791338e-09]
 [-9.04853293e-01 -2.12134379e-12 -2.57160835e-13  6.45764292e-11
  -1.00871331e-10 -1.94968615e-15  8.17089439e-16  1.42057790e-05
  -1.64213396e-06 -2.34039464e-08  1.02025022e-09]
 [-8.82646063e-01 -2.18999106e-12 -2.36072500e-13  3.39130823e-11
  -1.15198504e-10 -6.62422000e-16  8.78054342e-16  2.14356474e-05
  -2.10774585e-06 -1.77183268e-08  9.98214034e-10]
 [-8.82646063e-01 -2.21430118e-12 -3.05064566e-13  5.25038571e-11
  -1.72886683e-10 -4.46726872e-16  8.79345236e-16  1.38926179e-05
  -1.40380541e-06 -8.46772461e-09  1.05574305e-09]
 [-8.82646063e-01 -1.40551374e-12 -2.65421591e-13  6.04360560e-11
  -2.28864960e-10 -1.20809573e-15  8.57463659e-16  3.00792129e-05
  -2.04721003e-06 -1.77183268e-08  9.98214034e-10]
 [-8.59763435e-01 -3.00010317e-12 -2.72968273e-13  6.10519205e-11
  -2.81152328e-10 -1.80090014e-15  8.43152521e-16  3.19576088e-05
  -1.28840823e-06 -1.77183268e-08  1.00715146e-09]]
Train validation errors
[[2.15295851e+11 3.52399237e+11]
 [1.59524424e+11 1.72043916e+11]
 [2.42323104e+11 3.18716579e+11]
 [4.18538821e+13 7.71883360e+13]
 [1.62077798e+13 2.72059689e+13]
 [2.10190132e+12 6.96432396e+11]
 [1.00817975e+12 1.82111525e+12]
 [8.87709014e+13 1.73686177e+14]
 [8.80904652e+11 2.60618063e+12]
 [6.39599982e+13 1.34771981e+14]]
Selected parents:
[[-8.82646063e-01 -8.82646063e-01 -8.02976518e-01 -9.04853293e-01
  -8.82646063e-01 -8.82646063e-01]
 [-1.40551374e-12 -3.04240243e-12 -2.02530650e-12 -2.12134379e-12
  -2.18999106e-12 -1.40551374e-12]
 [-2.72328283e-13 -2.78631790e-13 -3.19118882e-13 -2.57160835e-13
  -2.36072500e-13 -2.65421591e-13]
 [ 4.30878207e-11  6.04360560e-11  6.04360560e-11  6.45764292e-11
   3.39130823e-11  6.04360560e-11]
 [-2.28864960e-10 -2.28864960e-10 -2.28864960e-10 -1.00871331e-10
  -1.15198504e-10 -2.28864960e-10]
 [-1.20809573e-15 -1.86060132e-15 -1.86060132e-15 -1.94968615e-15
  -6.62422000e-16 -1.20809573e-15]
 [ 8.57463659e-16  8.87078986e-16  8.43711709e-16  8.17089439e-16
   8.78054342e-16  8.57463659e-16]
 [ 2.29423303e-05  2.39063190e-05  1.65810515e-05  1.42057790e-05
   2.14356474e-05  3.00792129e-05]
 [-2.04721003e-06 -2.04721003e-06 -2.15400293e-06 -1.64213396e-06
  -2.10774585e-06 -2.04721003e-06]
 [-1.77183268e-08 -1.54381848e-08 -8.95821106e-09 -2.34039464e-08
  -1.77183268e-08 -1.77183268e-08]
 [ 9.98214034e-10  9.61918560e-10  9.39560042e-10  1.02025022e-09
   9.98214034e-10  9.98214034e-10]]
After cross over and mutation:
[[-8.82646063e-01 -1.40551374e-12 -2.72328283e-13  4.30878207e-11
  -2.28864960e-10 -1.20809573e-15  8.57463659e-16  2.29423303e-05
  -2.04721003e-06 -1.77183268e-08  9.98214034e-10]
 [-8.82646063e-01 -3.04240243e-12 -2.78631790e-13  6.04360560e-11
  -2.28864960e-10 -1.86060132e-15  8.87078986e-16  2.39063190e-05
  -2.04721003e-06 -1.54381848e-08  9.61918560e-10]
 [-9.62332500e-01 -2.18556820e-12 -2.72328283e-13  6.04360560e-11
  -1.76803971e-10 -1.86060132e-15  8.57463659e-16  2.29423303e-05
  -2.36685403e-06 -1.15190527e-08  9.61918560e-10]
 [-8.82646063e-01 -3.13372297e-12 -2.78631790e-13  6.04360560e-11
  -2.28864960e-10 -2.71592279e-15  9.63248216e-16  1.67705721e-05
  -2.36601524e-06 -1.59578761e-08  9.98214034e-10]
 [-8.90755519e-01 -1.48493957e-12 -2.72328283e-13  3.59134913e-11
  -2.28864960e-10 -7.83530133e-16  8.57463659e-16  2.56114779e-05
  -1.25280025e-06 -1.77183268e-08  9.67707096e-10]
 [-8.75015923e-01 -1.40551374e-12 -2.78631790e-13  4.30878207e-11
  -2.28864960e-10 -8.43424162e-16  8.57463659e-16  1.84210753e-05
  -2.08004875e-06 -2.21080357e-08  9.98214034e-10]
 [-8.02976518e-01 -2.02530650e-12 -3.19118882e-13  3.58090352e-11
  -1.60247026e-10 -1.20809573e-15  7.60417686e-16  2.33293526e-05
  -2.15400293e-06 -1.12566356e-08  9.96852000e-10]
 [-8.02976518e-01 -2.02530650e-12 -3.19118882e-13  6.04360560e-11
  -2.28864960e-10 -2.21302459e-15  8.43711709e-16  1.65810515e-05
  -1.81783394e-06 -1.77183268e-08  1.03608735e-09]
 [-8.82646063e-01 -2.18999106e-12 -2.36072500e-13  6.04360560e-11
  -2.28864960e-10 -1.20809573e-15  8.57463659e-16  2.14356474e-05
  -2.64288987e-06 -1.67207722e-08  9.23015309e-10]
 [-8.93553243e-01 -2.18999106e-12 -2.65421591e-13  6.64627450e-11
  -2.28864960e-10 -6.52806729e-16  8.70759983e-16  2.69769576e-05
  -2.46992036e-06 -9.11073572e-09  9.98214034e-10]]
Population:
[[-8.82646063e-01 -1.40551374e-12 -2.72328283e-13  4.30878207e-11
  -2.28864960e-10 -1.20809573e-15  8.57463659e-16  2.29423303e-05
  -2.04721003e-06 -1.77183268e-08  9.98214034e-10]
 [-8.82646063e-01 -3.04240243e-12 -2.78631790e-13  6.04360560e-11
  -2.28864960e-10 -1.86060132e-15  8.87078986e-16  2.39063190e-05
  -2.04721003e-06 -1.54381848e-08  9.61918560e-10]
 [-9.62332500e-01 -2.18556820e-12 -2.72328283e-13  6.04360560e-11
  -1.76803971e-10 -1.86060132e-15  8.57463659e-16  2.29423303e-05
  -2.36685403e-06 -1.15190527e-08  9.61918560e-10]
 [-8.82646063e-01 -3.13372297e-12 -2.78631790e-13  6.04360560e-11
  -2.28864960e-10 -2.71592279e-15  9.63248216e-16  1.67705721e-05
  -2.36601524e-06 -1.59578761e-08  9.98214034e-10]
 [-8.90755519e-01 -1.48493957e-12 -2.72328283e-13  3.59134913e-11
  -2.28864960e-10 -7.83530133e-16  8.57463659e-16  2.56114779e-05
  -1.25280025e-06 -1.77183268e-08  9.67707096e-10]
 [-8.75015923e-01 -1.40551374e-12 -2.78631790e-13  4.30878207e-11
  -2.28864960e-10 -8.43424162e-16  8.57463659e-16  1.84210753e-05
  -2.08004875e-06 -2.21080357e-08  9.98214034e-10]
 [-8.02976518e-01 -2.02530650e-12 -3.19118882e-13  3.58090352e-11
  -1.60247026e-10 -1.20809573e-15  7.60417686e-16  2.33293526e-05
  -2.15400293e-06 -1.12566356e-08  9.96852000e-10]
 [-8.02976518e-01 -2.02530650e-12 -3.19118882e-13  6.04360560e-11
  -2.28864960e-10 -2.21302459e-15  8.43711709e-16  1.65810515e-05
  -1.81783394e-06 -1.77183268e-08  1.03608735e-09]
 [-8.82646063e-01 -2.18999106e-12 -2.36072500e-13  6.04360560e-11
  -2.28864960e-10 -1.20809573e-15  8.57463659e-16  2.14356474e-05
  -2.64288987e-06 -1.67207722e-08  9.23015309e-10]
 [-8.93553243e-01 -2.18999106e-12 -2.65421591e-13  6.64627450e-11
  -2.28864960e-10 -6.52806729e-16  8.70759983e-16  2.69769576e-05
  -2.46992036e-06 -9.11073572e-09  9.98214034e-10]]
Train validation errors
[[2.15295851e+11 3.52399237e+11]
 [1.59524424e+11 1.72043916e+11]
 [3.36646232e+12 4.26656929e+12]
 [2.00998026e+13 3.29471910e+13]
 [4.73693603e+13 9.55989435e+13]
 [1.09180129e+13 1.96914517e+13]
 [2.41294960e+12 5.75037683e+12]
 [9.82286214e+11 2.44008728e+12]
 [5.26717632e+13 9.71950605e+13]
 [1.47955702e+12 1.41400146e+12]]
Selected parents:
[[-8.82646063e-01 -8.82646063e-01 -9.62332500e-01 -8.02976518e-01
  -8.02976518e-01 -8.93553243e-01]
 [-1.40551374e-12 -3.04240243e-12 -2.18556820e-12 -2.02530650e-12
  -2.02530650e-12 -2.18999106e-12]
 [-2.72328283e-13 -2.78631790e-13 -2.72328283e-13 -3.19118882e-13
  -3.19118882e-13 -2.65421591e-13]
 [ 4.30878207e-11  6.04360560e-11  6.04360560e-11  3.58090352e-11
   6.04360560e-11  6.64627450e-11]
 [-2.28864960e-10 -2.28864960e-10 -1.76803971e-10 -1.60247026e-10
  -2.28864960e-10 -2.28864960e-10]
 [-1.20809573e-15 -1.86060132e-15 -1.86060132e-15 -1.20809573e-15
  -2.21302459e-15 -6.52806729e-16]
 [ 8.57463659e-16  8.87078986e-16  8.57463659e-16  7.60417686e-16
   8.43711709e-16  8.70759983e-16]
 [ 2.29423303e-05  2.39063190e-05  2.29423303e-05  2.33293526e-05
   1.65810515e-05  2.69769576e-05]
 [-2.04721003e-06 -2.04721003e-06 -2.36685403e-06 -2.15400293e-06
  -1.81783394e-06 -2.46992036e-06]
 [-1.77183268e-08 -1.54381848e-08 -1.15190527e-08 -1.12566356e-08
  -1.77183268e-08 -9.11073572e-09]
 [ 9.98214034e-10  9.61918560e-10  9.61918560e-10  9.96852000e-10
   1.03608735e-09  9.98214034e-10]]
After cross over and mutation:
[[-8.82646063e-01 -1.40551374e-12 -2.72328283e-13  4.30878207e-11
  -2.28864960e-10 -1.20809573e-15  8.57463659e-16  2.29423303e-05
  -2.04721003e-06 -1.77183268e-08  9.98214034e-10]
 [-8.82646063e-01 -3.04240243e-12 -2.78631790e-13  6.04360560e-11
  -2.28864960e-10 -1.86060132e-15  8.87078986e-16  2.39063190e-05
  -2.04721003e-06 -1.54381848e-08  9.61918560e-10]
 [-7.30409264e-01 -2.02530650e-12 -2.43773102e-13  4.30878207e-11
  -1.60247026e-10 -1.20809573e-15  8.38980229e-16  2.35120070e-05
  -2.15400293e-06 -1.12566356e-08  9.98214034e-10]
 [-8.22293430e-01 -1.40551374e-12 -2.72328283e-13  3.05378128e-11
  -1.64933483e-10 -3.49947094e-16  8.23028626e-16  2.29423303e-05
  -2.04721003e-06 -1.12566356e-08  9.98214034e-10]
 [-9.28200603e-01 -3.04240243e-12 -2.78631790e-13  6.31049397e-11
  -2.28864960e-10 -1.20809573e-15  8.57463659e-16  2.39063190e-05
  -2.80393331e-06 -1.54381848e-08  9.98214034e-10]
 [-8.82646063e-01 -3.04240243e-12 -2.76189646e-13  6.39839277e-11
  -2.22977507e-10 -1.20809573e-15  8.44299127e-16  2.80697862e-05
  -2.04721003e-06 -2.24910531e-08  1.03079392e-09]
 [-8.02976518e-01 -1.40551374e-12 -2.72328283e-13  6.04360560e-11
  -2.28864960e-10 -5.89708719e-16  8.79941915e-16  2.32593619e-05
  -2.04721003e-06 -1.77183268e-08  1.05900303e-09]
 [-8.02976518e-01 -6.26247500e-13 -2.72328283e-13  6.25203564e-11
  -2.28864960e-10 -1.20809573e-15  7.60793500e-16  1.65810515e-05
  -2.04721003e-06 -1.77183268e-08  1.03608735e-09]
 [-8.02976518e-01 -2.43172815e-12 -3.62334956e-13  6.14176461e-11
  -1.78917283e-10 -2.21302459e-15  7.60152823e-16  1.03691603e-05
  -1.81783394e-06 -1.77183268e-08  7.65902010e-10]
 [-9.62332500e-01 -1.38201793e-12 -2.68160228e-13  5.94850544e-11
  -9.05497529e-11 -2.21302459e-15  8.49738440e-16  1.65810515e-05
  -2.36685403e-06 -2.67334581e-09  9.61918560e-10]]
Population:
[[-8.82646063e-01 -1.40551374e-12 -2.72328283e-13  4.30878207e-11
  -2.28864960e-10 -1.20809573e-15  8.57463659e-16  2.29423303e-05
  -2.04721003e-06 -1.77183268e-08  9.98214034e-10]
 [-8.82646063e-01 -3.04240243e-12 -2.78631790e-13  6.04360560e-11
  -2.28864960e-10 -1.86060132e-15  8.87078986e-16  2.39063190e-05
  -2.04721003e-06 -1.54381848e-08  9.61918560e-10]
 [-7.30409264e-01 -2.02530650e-12 -2.43773102e-13  4.30878207e-11
  -1.60247026e-10 -1.20809573e-15  8.38980229e-16  2.35120070e-05
  -2.15400293e-06 -1.12566356e-08  9.98214034e-10]
 [-8.22293430e-01 -1.40551374e-12 -2.72328283e-13  3.05378128e-11
  -1.64933483e-10 -3.49947094e-16  8.23028626e-16  2.29423303e-05
  -2.04721003e-06 -1.12566356e-08  9.98214034e-10]
 [-9.28200603e-01 -3.04240243e-12 -2.78631790e-13  6.31049397e-11
  -2.28864960e-10 -1.20809573e-15  8.57463659e-16  2.39063190e-05
  -2.80393331e-06 -1.54381848e-08  9.98214034e-10]
 [-8.82646063e-01 -3.04240243e-12 -2.76189646e-13  6.39839277e-11
  -2.22977507e-10 -1.20809573e-15  8.44299127e-16  2.80697862e-05
  -2.04721003e-06 -2.24910531e-08  1.03079392e-09]
 [-8.02976518e-01 -1.40551374e-12 -2.72328283e-13  6.04360560e-11
  -2.28864960e-10 -5.89708719e-16  8.79941915e-16  2.32593619e-05
  -2.04721003e-06 -1.77183268e-08  1.05900303e-09]
 [-8.02976518e-01 -6.26247500e-13 -2.72328283e-13  6.25203564e-11
  -2.28864960e-10 -1.20809573e-15  7.60793500e-16  1.65810515e-05
  -2.04721003e-06 -1.77183268e-08  1.03608735e-09]
 [-8.02976518e-01 -2.43172815e-12 -3.62334956e-13  6.14176461e-11
  -1.78917283e-10 -2.21302459e-15  7.60152823e-16  1.03691603e-05
  -1.81783394e-06 -1.77183268e-08  7.65902010e-10]
 [-9.62332500e-01 -1.38201793e-12 -2.68160228e-13  5.94850544e-11
  -9.05497529e-11 -2.21302459e-15  8.49738440e-16  1.65810515e-05
  -2.36685403e-06 -2.67334581e-09  9.61918560e-10]]
Train validation errors
[[2.15295851e+11 3.52399237e+11]
 [1.59524424e+11 1.72043916e+11]
 [2.60680394e+12 6.16598451e+12]
 [8.50639230e+12 1.71376224e+13]
 [3.76579443e+13 6.85085250e+13]
 [7.92042978e+11 1.00359049e+12]
 [1.80622082e+12 4.02306708e+12]
 [8.38655020e+11 1.22256038e+12]
 [3.81186083e+13 6.51960905e+13]
 [1.38537801e+12 2.71484142e+12]]
Selected parents:
[[-8.82646063e-01 -8.82646063e-01 -8.82646063e-01 -8.02976518e-01
  -8.02976518e-01 -9.62332500e-01]
 [-1.40551374e-12 -3.04240243e-12 -3.04240243e-12 -1.40551374e-12
  -6.26247500e-13 -1.38201793e-12]
 [-2.72328283e-13 -2.78631790e-13 -2.76189646e-13 -2.72328283e-13
  -2.72328283e-13 -2.68160228e-13]
 [ 4.30878207e-11  6.04360560e-11  6.39839277e-11  6.04360560e-11
   6.25203564e-11  5.94850544e-11]
 [-2.28864960e-10 -2.28864960e-10 -2.22977507e-10 -2.28864960e-10
  -2.28864960e-10 -9.05497529e-11]
 [-1.20809573e-15 -1.86060132e-15 -1.20809573e-15 -5.89708719e-16
  -1.20809573e-15 -2.21302459e-15]
 [ 8.57463659e-16  8.87078986e-16  8.44299127e-16  8.79941915e-16
   7.60793500e-16  8.49738440e-16]
 [ 2.29423303e-05  2.39063190e-05  2.80697862e-05  2.32593619e-05
   1.65810515e-05  1.65810515e-05]
 [-2.04721003e-06 -2.04721003e-06 -2.04721003e-06 -2.04721003e-06
  -2.04721003e-06 -2.36685403e-06]
 [-1.77183268e-08 -1.54381848e-08 -2.24910531e-08 -1.77183268e-08
  -1.77183268e-08 -2.67334581e-09]
 [ 9.98214034e-10  9.61918560e-10  1.03079392e-09  1.05900303e-09
   1.03608735e-09  9.61918560e-10]]
After cross over and mutation:
[[-8.82646063e-01 -1.40551374e-12 -2.72328283e-13  4.30878207e-11
  -2.28864960e-10 -1.20809573e-15  8.57463659e-16  2.29423303e-05
  -2.04721003e-06 -1.77183268e-08  9.98214034e-10]
 [-8.82646063e-01 -3.04240243e-12 -2.78631790e-13  6.04360560e-11
  -2.28864960e-10 -1.86060132e-15  8.87078986e-16  2.39063190e-05
  -2.04721003e-06 -1.54381848e-08  9.61918560e-10]
 [-8.82646063e-01 -3.77222962e-12 -3.20109178e-13  6.04360560e-11
  -2.22977507e-10 -1.86060132e-15  9.22193902e-16  2.80697862e-05
  -1.58038027e-06 -8.92490563e-09  1.03079392e-09]
 [-8.82646063e-01 -2.94015583e-12 -2.94299108e-13  6.04360560e-11
  -2.22977507e-10 -1.11924807e-15  8.44299127e-16  3.13255070e-05
  -2.04721003e-06 -1.54381848e-08  9.61918560e-10]
 [-8.82646063e-01 -3.04240243e-12 -2.32989112e-13  6.37874339e-11
  -2.28864960e-10 -1.84826486e-15  8.79941915e-16  1.90951488e-05
  -1.39403318e-06 -2.24910531e-08  1.05900303e-09]
 [-8.82646063e-01 -2.69508936e-12 -2.72328283e-13  5.92248184e-11
  -2.28864960e-10 -5.89708719e-16  9.65556233e-16  2.32593619e-05
  -2.66829966e-06 -1.77183268e-08  1.05900303e-09]
 [-8.82646063e-01 -3.04240243e-12 -2.68160228e-13  6.39839277e-11
  -2.22977507e-10 -1.80737658e-15  9.02918666e-16  1.65810515e-05
  -2.50413596e-06 -3.16009089e-09  8.91077435e-10]
 [-8.82646063e-01 -2.15749452e-12 -2.76189646e-13  6.39839277e-11
  -2.22977507e-10 -7.62989032e-16  8.49738440e-16  2.80697862e-05
  -1.31566481e-06 -2.37559945e-08  9.48917304e-10]
 [-8.33069316e-01 -6.29187811e-13 -2.72328283e-13  4.64258977e-11
  -2.28864960e-10 -1.34475442e-15  7.20990175e-16  8.95621257e-06
  -2.35217161e-06 -1.77183268e-08  1.72516054e-10]
 [-9.35027361e-01 -6.98939569e-13 -2.72328283e-13  4.30878207e-11
  -2.15910787e-10 -1.20809573e-15  7.60793500e-16  1.07582818e-05
  -2.94710965e-06 -2.12399518e-08  3.72714843e-10]]
Population:
[[-8.82646063e-01 -1.40551374e-12 -2.72328283e-13  4.30878207e-11
  -2.28864960e-10 -1.20809573e-15  8.57463659e-16  2.29423303e-05
  -2.04721003e-06 -1.77183268e-08  9.98214034e-10]
 [-8.82646063e-01 -3.04240243e-12 -2.78631790e-13  6.04360560e-11
  -2.28864960e-10 -1.86060132e-15  8.87078986e-16  2.39063190e-05
  -2.04721003e-06 -1.54381848e-08  9.61918560e-10]
 [-8.82646063e-01 -3.77222962e-12 -3.20109178e-13  6.04360560e-11
  -2.22977507e-10 -1.86060132e-15  9.22193902e-16  2.80697862e-05
  -1.58038027e-06 -8.92490563e-09  1.03079392e-09]
 [-8.82646063e-01 -2.94015583e-12 -2.94299108e-13  6.04360560e-11
  -2.22977507e-10 -1.11924807e-15  8.44299127e-16  3.13255070e-05
  -2.04721003e-06 -1.54381848e-08  9.61918560e-10]
 [-8.82646063e-01 -3.04240243e-12 -2.32989112e-13  6.37874339e-11
  -2.28864960e-10 -1.84826486e-15  8.79941915e-16  1.90951488e-05
  -1.39403318e-06 -2.24910531e-08  1.05900303e-09]
 [-8.82646063e-01 -2.69508936e-12 -2.72328283e-13  5.92248184e-11
  -2.28864960e-10 -5.89708719e-16  9.65556233e-16  2.32593619e-05
  -2.66829966e-06 -1.77183268e-08  1.05900303e-09]
 [-8.82646063e-01 -3.04240243e-12 -2.68160228e-13  6.39839277e-11
  -2.22977507e-10 -1.80737658e-15  9.02918666e-16  1.65810515e-05
  -2.50413596e-06 -3.16009089e-09  8.91077435e-10]
 [-8.82646063e-01 -2.15749452e-12 -2.76189646e-13  6.39839277e-11
  -2.22977507e-10 -7.62989032e-16  8.49738440e-16  2.80697862e-05
  -1.31566481e-06 -2.37559945e-08  9.48917304e-10]
 [-8.33069316e-01 -6.29187811e-13 -2.72328283e-13  4.64258977e-11
  -2.28864960e-10 -1.34475442e-15  7.20990175e-16  8.95621257e-06
  -2.35217161e-06 -1.77183268e-08  1.72516054e-10]
 [-9.35027361e-01 -6.98939569e-13 -2.72328283e-13  4.30878207e-11
  -2.15910787e-10 -1.20809573e-15  7.60793500e-16  1.07582818e-05
  -2.94710965e-06 -2.12399518e-08  3.72714843e-10]]
Train validation errors
[[2.15295851e+11 3.52399237e+11]
 [1.59524424e+11 1.72043916e+11]
 [7.95556950e+13 1.66367782e+14]
 [2.16892574e+12 5.26743465e+12]
 [1.49212999e+13 3.00515234e+13]
 [1.92332369e+13 3.64943292e+13]
 [5.11136140e+12 6.05861339e+12]
 [1.46531809e+13 2.93809654e+13]
 [5.46587260e+14 1.03042243e+15]
 [6.56589900e+14 1.25007384e+15]]
Selected parents:
[[-8.82646063e-01 -8.82646063e-01 -8.82646063e-01 -8.82646063e-01
  -8.82646063e-01 -8.82646063e-01]
 [-1.40551374e-12 -3.04240243e-12 -2.94015583e-12 -3.04240243e-12
  -3.04240243e-12 -2.15749452e-12]
 [-2.72328283e-13 -2.78631790e-13 -2.94299108e-13 -2.32989112e-13
  -2.68160228e-13 -2.76189646e-13]
 [ 4.30878207e-11  6.04360560e-11  6.04360560e-11  6.37874339e-11
   6.39839277e-11  6.39839277e-11]
 [-2.28864960e-10 -2.28864960e-10 -2.22977507e-10 -2.28864960e-10
  -2.22977507e-10 -2.22977507e-10]
 [-1.20809573e-15 -1.86060132e-15 -1.11924807e-15 -1.84826486e-15
  -1.80737658e-15 -7.62989032e-16]
 [ 8.57463659e-16  8.87078986e-16  8.44299127e-16  8.79941915e-16
   9.02918666e-16  8.49738440e-16]
 [ 2.29423303e-05  2.39063190e-05  3.13255070e-05  1.90951488e-05
   1.65810515e-05  2.80697862e-05]
 [-2.04721003e-06 -2.04721003e-06 -2.04721003e-06 -1.39403318e-06
  -2.50413596e-06 -1.31566481e-06]
 [-1.77183268e-08 -1.54381848e-08 -1.54381848e-08 -2.24910531e-08
  -3.16009089e-09 -2.37559945e-08]
 [ 9.98214034e-10  9.61918560e-10  9.61918560e-10  1.05900303e-09
   8.91077435e-10  9.48917304e-10]]
After cross over and mutation:
[[-8.82646063e-01 -1.40551374e-12 -2.72328283e-13  4.30878207e-11
  -2.28864960e-10 -1.20809573e-15  8.57463659e-16  2.29423303e-05
  -2.04721003e-06 -1.77183268e-08  9.98214034e-10]
 [-8.82646063e-01 -3.04240243e-12 -2.78631790e-13  6.04360560e-11
  -2.28864960e-10 -1.86060132e-15  8.87078986e-16  2.39063190e-05
  -2.04721003e-06 -1.54381848e-08  9.61918560e-10]
 [-8.82646063e-01 -2.94015583e-12 -2.68160228e-13  6.39839277e-11
  -3.05168992e-10 -1.34904782e-15  7.90679648e-16  3.25485004e-05
  -1.87338177e-06 -2.00363604e-08  9.81420891e-10]
 [-8.82646063e-01 -2.94015583e-12 -2.68160228e-13  6.39839277e-11
  -2.38207864e-10 -1.80244727e-15  9.68735505e-16  3.13255070e-05
  -2.50413596e-06 -3.16009089e-09  9.24647083e-10]
 [-8.82646063e-01 -2.26674827e-12 -2.43268043e-13  7.01542457e-11
  -2.02152538e-10 -7.77514035e-16  8.49738440e-16  2.05450900e-05
  -1.05839759e-06 -1.54381848e-08  9.61918560e-10]
 [-8.82646063e-01 -1.32648809e-12 -2.76189646e-13  6.04360560e-11
  -1.73491070e-10 -1.11924807e-15  8.49738440e-16  2.41641846e-05
  -2.59829604e-06 -2.03590004e-08  9.31860189e-10]
 [-9.28907999e-01 -8.14332342e-13 -2.44936232e-13  4.30878207e-11
  -2.28864960e-10 -1.20809573e-15  8.24971831e-16  2.49014829e-05
  -1.68446374e-06 -9.77650433e-09  9.74958789e-10]
 [-8.82646063e-01 -2.94015583e-12 -2.94299108e-13  6.04360560e-11
  -2.22977507e-10 -1.11924807e-15  8.44299127e-16  3.13255070e-05
  -2.04721003e-06 -1.78188603e-08  1.06771889e-09]
 [-8.82646063e-01 -3.67298285e-12 -2.94299108e-13  6.04360560e-11
  -2.22977507e-10 -1.11924807e-15  8.44553953e-16  3.85053301e-05
  -1.69140840e-06 -2.97679053e-08  1.01051837e-09]
 [-8.82646063e-01 -3.04240243e-12 -2.32989112e-13  6.98918643e-11
  -2.28864960e-10 -1.19968627e-15  8.79941915e-16  1.80446807e-05
  -2.04721003e-06 -2.24910531e-08  1.50662204e-09]]Best offspring gen errors:
[[1.59524424e+11 1.72043916e+11]
 [1.59524424e+11 1.72043916e+11]
 [1.59524424e+11 1.72043916e+11]
 [1.59524424e+11 1.72043916e+11]
 [1.59524424e+11 1.72043916e+11]]