Fitness funtion: -1 * (train_validation_error[:, 1] + train_validation_error[:, 0])
Initialed with the best that we have until now
Starting all over again with new root population
No of generations: 7
Population size: 10
Mutation coefficient: 0.2
Split point: 7
Two offspring per pair
Population:
[[-2.20256187e-01 -4.47005480e-01  0.00000000e+00  3.48302987e-01
  -2.09891572e-01  0.00000000e+00 -8.99828100e-01 -6.16014447e-01
   0.00000000e+00  4.20859555e-01]
 [-2.22153554e-13 -1.45799022e-12 -9.28456141e-13 -1.49428899e-13
   9.99052276e-13 -6.58215072e-13 -1.45799022e-12 -1.45799022e-12
  -1.45799022e-12 -1.45799022e-12]
 [-2.28980078e-13  2.37877163e-15 -2.28980078e-13 -2.28980078e-13
  -2.28980078e-13 -2.28980078e-13 -1.48287481e-14  4.54796371e-14
  -7.12276121e-14 -2.28980078e-13]
 [ 1.64729279e-12  4.95552826e-13 -7.25354093e-12  3.99141995e-12
   4.62010753e-11  7.15318140e-12  7.67567050e-14  6.31699223e-13
   4.62010753e-11  4.62010753e-11]
 [-6.50429437e-12 -1.75214813e-10 -1.75214813e-10 -7.82106017e-11
  -2.84784041e-13 -2.84907530e-11 -1.75214813e-10  9.50593159e-11
   5.84844346e-11 -6.55538754e-11]
 [-1.83669770e-15 -7.11379777e-16 -1.83669770e-15 -8.05116848e-17
  -1.83669770e-15 -1.83669770e-15 -1.83669770e-15 -1.83669770e-15
  -6.59713854e-16 -5.57667680e-16]
 [ 8.52944060e-16  8.52944060e-16  8.52944060e-16  8.52944060e-16
   4.78437376e-17 -9.81843988e-18  5.76884091e-17  8.52944060e-16
   8.52944060e-16  8.52944060e-16]
 [ 2.29423303e-05 -9.06269576e-06 -5.71621662e-06 -2.86492634e-06
  -5.51411157e-06 -8.68780583e-07  2.29423303e-05 -3.84455209e-06
  -8.13855857e-07  2.08143822e-07]
 [ 9.97736725e-07 -2.04721003e-06 -2.04721003e-06 -2.04721003e-06
  -2.04721003e-06  7.60605804e-07  8.10734799e-07 -4.44748111e-07
   5.97701870e-07  1.35143359e-07]
 [-1.59792834e-08  4.77387969e-09  4.58960992e-09  8.55199553e-10
  -1.59792834e-08 -1.59792834e-08 -1.59792834e-08 -1.59792834e-08
  -9.63455794e-10 -1.59792834e-08]
 [ 4.42929153e-11  9.98214034e-10  9.98214034e-10  5.28088871e-11
   9.98214034e-10 -5.30204612e-11  9.98214034e-10  9.98214034e-10
   8.13589485e-11 -5.71773429e-12]]
Train validation errors
[[58364841216071.266, 125306385849088.17], [14568532590656.95, 28879865121486.188], [13652293073508.94, 29937512652081.79], [275828807928145.7, 523863051206813.5], [28899310924754.188, 51192102732687.695], [10058095115866.535, 4077577822030.0874], [674897371039833.6, 1336892756264969.5], [97946286929535.6, 185606453451488.0], [54967780865466.56, 111845611688810.17], [30620553901962.727, 45799253172893.18]]
Selected parents:
[[-4.47005480e-01 -1.45799022e-12  2.37877163e-15  4.95552826e-13
  -1.75214813e-10 -7.11379777e-16  8.52944060e-16 -9.06269576e-06
  -2.04721003e-06  4.77387969e-09  9.98214034e-10]
 [ 0.00000000e+00 -9.28456141e-13 -2.28980078e-13 -7.25354093e-12
  -1.75214813e-10 -1.83669770e-15  8.52944060e-16 -5.71621662e-06
  -2.04721003e-06  4.58960992e-09  9.98214034e-10]
 [-2.09891572e-01  9.99052276e-13 -2.28980078e-13  4.62010753e-11
  -2.84784041e-13 -1.83669770e-15  4.78437376e-17 -5.51411157e-06
  -2.04721003e-06 -1.59792834e-08  9.98214034e-10]
 [ 0.00000000e+00 -6.58215072e-13 -2.28980078e-13  7.15318140e-12
  -2.84907530e-11 -1.83669770e-15 -9.81843988e-18 -8.68780583e-07
   7.60605804e-07 -1.59792834e-08 -5.30204612e-11]
 [ 0.00000000e+00 -1.45799022e-12 -7.12276121e-14  4.62010753e-11
   5.84844346e-11 -6.59713854e-16  8.52944060e-16 -8.13855857e-07
   5.97701870e-07 -9.63455794e-10  8.13589485e-11]
 [ 4.20859555e-01 -1.45799022e-12 -2.28980078e-13  4.62010753e-11
  -6.55538754e-11 -5.57667680e-16  8.52944060e-16  2.08143822e-07
   1.35143359e-07 -1.59792834e-08 -5.71773429e-12]]Population:
[[-4.47005480e-01  0.00000000e+00  4.55965853e-02 -2.09891572e-01
  -8.91924640e-01  0.00000000e+00  0.00000000e+00 -4.47005480e-01
   0.00000000e+00  5.36496084e-01]
 [-1.45799022e-12 -6.58215072e-13 -1.45799022e-12  9.99052276e-13
  -8.57242980e-15 -1.45799022e-12 -1.45799022e-12 -5.76267521e-13
  -6.06510981e-13 -1.45799022e-12]
 [ 2.37877163e-15 -2.28980078e-13 -2.28980078e-13 -2.28980078e-13
   2.37877163e-15  8.60311468e-16 -7.12276121e-14 -7.12276121e-14
  -2.30801945e-14 -2.28980078e-13]
 [ 4.95552826e-13  7.15318140e-12 -9.16538570e-12  4.62010753e-11
   4.95552826e-13 -4.11036396e-12  9.80981936e-14  7.90264034e-12
  -7.25354093e-12 -7.25354093e-12]
 [-1.75214813e-10 -2.84907530e-11  9.40033679e-12  1.41216295e-14
   5.84844346e-11  9.98474354e-14 -8.60927174e-12  5.84844346e-11
  -1.75214813e-10 -7.52116192e-11]
 [-7.11379777e-16 -1.83669770e-15 -5.57667680e-16 -5.57667680e-16
   1.53227586e-17  8.70889165e-17 -7.11379777e-16 -6.59713854e-16
   6.37000185e-16 -1.83669770e-15]
 [ 8.52944060e-16 -9.81843988e-18  5.20104738e-17 -4.96600482e-18
   8.52944060e-16 -5.53745543e-18  8.52944060e-16 -8.61712039e-17
   8.52944060e-16  8.52944060e-16]
 [-9.06269576e-06 -8.68780583e-07  2.08143822e-07 -5.51411157e-06
  -9.06269576e-06  5.11630826e-08 -6.52635381e-08 -8.13855857e-07
   2.08143822e-07  4.16284833e-08]
 [-2.04721003e-06  7.60605804e-07 -2.92691722e-10 -4.04347217e-09
   5.97701870e-07 -2.04721003e-06  5.97701870e-07  5.97701870e-07
   1.35143359e-07  1.35143359e-07]
 [ 4.77387969e-09 -1.59792834e-08 -1.59792834e-08  7.01731057e-10
  -4.71766392e-11  3.82969721e-11  3.83637204e-10 -8.44307067e-12
   4.58960992e-09 -1.59792834e-08]
 [ 9.98214034e-10 -5.30204612e-11  9.98214034e-10 -5.71773429e-12
  -5.58930835e-13  8.13589485e-11 -3.71741820e-12 -2.47234950e-12
  -5.71773429e-12  9.98214034e-10]]
Train validation errors
[[14568532590656.95, 28879865121486.188], [10058095115866.535, 4077577822030.0874], [233250884990382.25, 440842917668310.4], [1484120793590.3875, 699170331974.4823], [25615906830450.086, 47891750542668.06], [247494682234896.56, 470478729872171.9], [39730127920917.3, 82779398848172.53], [36825372064263.555, 76152205921552.69], [20689637268515.402, 42265579008202.45], [249384462659593.34, 483026624252919.0]]
Selected parents:
[[-4.47005480e-01 -1.45799022e-12  2.37877163e-15  4.95552826e-13
  -1.75214813e-10 -7.11379777e-16  8.52944060e-16 -9.06269576e-06
  -2.04721003e-06  4.77387969e-09  9.98214034e-10]
 [ 0.00000000e+00 -6.58215072e-13 -2.28980078e-13  7.15318140e-12
  -2.84907530e-11 -1.83669770e-15 -9.81843988e-18 -8.68780583e-07
   7.60605804e-07 -1.59792834e-08 -5.30204612e-11]
 [-2.09891572e-01  9.99052276e-13 -2.28980078e-13  4.62010753e-11
   1.41216295e-14 -5.57667680e-16 -4.96600482e-18 -5.51411157e-06
  -4.04347217e-09  7.01731057e-10 -5.71773429e-12]
 [-8.91924640e-01 -8.57242980e-15  2.37877163e-15  4.95552826e-13
   5.84844346e-11  1.53227586e-17  8.52944060e-16 -9.06269576e-06
   5.97701870e-07 -4.71766392e-11 -5.58930835e-13]
 [-4.47005480e-01 -5.76267521e-13 -7.12276121e-14  7.90264034e-12
   5.84844346e-11 -6.59713854e-16 -8.61712039e-17 -8.13855857e-07
   5.97701870e-07 -8.44307067e-12 -2.47234950e-12]
 [ 0.00000000e+00 -6.06510981e-13 -2.30801945e-14 -7.25354093e-12
  -1.75214813e-10  6.37000185e-16  8.52944060e-16  2.08143822e-07
   1.35143359e-07  4.58960992e-09 -5.71773429e-12]]Population:
[[ 0.00000000e+00 -2.09891572e-01  0.00000000e+00 -2.47433314e-02
   0.00000000e+00  3.77469783e-01 -3.89118814e-02 -6.40029582e-02
  -7.51286243e-02 -4.47005480e-01]
 [-6.58215072e-13  9.99052276e-13 -6.58215072e-13 -6.58215072e-13
   6.54882780e-13  4.24418027e-15 -3.28947277e-14  9.23813489e-13
  -5.76267521e-13 -8.57242980e-15]
 [-2.28980078e-13 -2.28980078e-13  5.42438281e-16  2.37877163e-15
   4.94807311e-16 -2.28980078e-13 -8.40346564e-16  2.37877163e-15
   2.37877163e-15  2.37877163e-15]
 [ 7.15318140e-12  4.62010753e-11  4.95552826e-13 -2.30296184e-14
   7.47355943e-14  7.15318140e-12  8.72413358e-14  4.95552826e-13
   8.96267203e-14 -1.25463354e-14]
 [-2.84907530e-11  1.41216295e-14 -1.75214813e-10 -2.84907530e-11
  -9.00045325e-11 -1.75214813e-10 -6.35389583e-11 -1.75214813e-10
   4.45266164e-12  5.84844346e-11]
 [-1.83669770e-15 -5.57667680e-16 -7.11379777e-16 -6.10183438e-16
  -7.11379777e-16 -7.73485733e-16 -6.66374344e-17  7.21708477e-16
  -8.62055743e-18 -6.59713854e-16]
 [-9.81843988e-18 -4.96600482e-18 -6.86255960e-19  8.56281892e-19
  -9.81843988e-18  4.68878030e-19  3.45028072e-17 -9.81843988e-18
  -8.61712039e-17  8.52944060e-16]
 [-8.68780583e-07 -5.51411157e-06 -9.16830692e-08 -8.68780583e-07
  -9.06269576e-06  3.59580363e-08 -8.68780583e-07  1.79186254e-08
  -8.13855857e-07 -8.13855857e-07]
 [ 7.60605804e-07 -4.04347217e-09 -2.04721003e-06 -2.04721003e-06
  -2.04721003e-06 -3.60635716e-08 -2.04721003e-06 -2.04721003e-06
   5.97701870e-07 -5.67227069e-08]
 [-1.59792834e-08  7.01731057e-10 -9.63402756e-11 -1.88529178e-09
   4.77387969e-09 -1.59792834e-08  4.77387969e-09  4.77387969e-09
  -4.71766392e-11 -4.71766392e-11]
 [-5.30204612e-11 -5.71773429e-12 -5.04684399e-11 -5.30204612e-11
   6.10491282e-12 -5.30204612e-11  9.86566979e-11  9.98214034e-10
  -5.74657363e-13  3.25681093e-13]]
Train validation errors
[[10058095115866.535, 4077577822030.0874], [1484120793590.3875, 699170331974.4823], [363118226569180.56, 681174111805979.5], [398666736994300.56, 751404003313872.4], [302183902118720.7, 568597260568960.8], [64914653733306.516, 109278535504156.78], [184517623871942.94, 347087860645001.6], [39570991298026.875, 72184509806670.0], [41115353139810.33, 82555175626763.06], [1192814188723.2258, 1010543325235.9039]]
Selected parents:
[[ 0.00000000e+00 -6.58215072e-13 -2.28980078e-13  7.15318140e-12
  -2.84907530e-11 -1.83669770e-15 -9.81843988e-18 -8.68780583e-07
   7.60605804e-07 -1.59792834e-08 -5.30204612e-11]
 [-2.09891572e-01  9.99052276e-13 -2.28980078e-13  4.62010753e-11
   1.41216295e-14 -5.57667680e-16 -4.96600482e-18 -5.51411157e-06
  -4.04347217e-09  7.01731057e-10 -5.71773429e-12]
 [ 3.77469783e-01  4.24418027e-15 -2.28980078e-13  7.15318140e-12
  -1.75214813e-10 -7.73485733e-16  4.68878030e-19  3.59580363e-08
  -3.60635716e-08 -1.59792834e-08 -5.30204612e-11]
 [-6.40029582e-02  9.23813489e-13  2.37877163e-15  4.95552826e-13
  -1.75214813e-10  7.21708477e-16 -9.81843988e-18  1.79186254e-08
  -2.04721003e-06  4.77387969e-09  9.98214034e-10]
 [-7.51286243e-02 -5.76267521e-13  2.37877163e-15  8.96267203e-14
   4.45266164e-12 -8.62055743e-18 -8.61712039e-17 -8.13855857e-07
   5.97701870e-07 -4.71766392e-11 -5.74657363e-13]
 [-4.47005480e-01 -8.57242980e-15  2.37877163e-15 -1.25463354e-14
   5.84844346e-11 -6.59713854e-16  8.52944060e-16 -8.13855857e-07
  -5.67227069e-08 -4.71766392e-11  3.25681093e-13]]Population:
[[ 0.00000000e+00 -2.09891572e-01 -5.26341019e-05  2.27347207e-02
  -2.09891572e-01  7.92520921e-03  7.07715382e-01  8.10421352e-01
  -7.51512251e-02  0.00000000e+00]
 [-6.58215072e-13  9.99052276e-13 -5.76267521e-13  9.99052276e-13
   4.24418027e-15  4.06597967e-16 -8.57242980e-15  3.05705155e-16
   4.43701493e-16 -8.57242980e-15]
 [-2.28980078e-13 -2.28980078e-13 -6.86537203e-14  2.73751859e-16
   2.46967794e-14 -1.57299202e-14  2.37877163e-15  2.37877163e-15
  -4.38508519e-16 -2.28980078e-13]
 [ 7.15318140e-12  4.62010753e-11  4.62010753e-11  2.02259670e-15
   4.62010753e-11  7.15318140e-12 -8.29238756e-15  7.15318140e-12
  -5.29430630e-15  7.15318140e-12]
 [-2.84907530e-11  1.41216295e-14  4.45266164e-12  4.45266164e-12
   1.72730270e-11  7.19785908e-11 -2.84907530e-11 -4.59674518e-12
  -2.84907530e-11 -2.84907530e-11]
 [-1.83669770e-15 -5.57667680e-16  4.28479356e-17  9.37967132e-17
   6.69114093e-17 -7.73485733e-16 -6.59713854e-16 -1.83669770e-15
  -6.59713854e-16 -6.59713854e-16]
 [-9.81843988e-18 -4.96600482e-18 -3.39908330e-19 -8.61712039e-17
   7.64164443e-19  4.68878030e-19  6.71778787e-19  8.52944060e-16
   8.52944060e-16 -7.49878118e-19]
 [-8.68780583e-07 -5.51411157e-06  3.31347505e-08 -4.26949621e-07
   3.59580363e-08  2.85626367e-09 -8.68780583e-07  1.56697510e-08
  -1.43247144e-09 -9.59837948e-08]
 [ 7.60605804e-07 -4.04347217e-09  9.45168784e-11  5.97701870e-07
  -4.04347217e-09  7.26679029e-09  1.56312733e-09 -6.00853899e-08
  -7.54944070e-09 -5.67227069e-08]
 [-1.59792834e-08  7.01731057e-10 -4.71766392e-11  2.70266089e-12
  -1.59792834e-08 -7.00608069e-11 -8.18674825e-09 -7.41997892e-12
  -2.05836047e-12 -4.71766392e-11]
 [-5.30204612e-11 -5.71773429e-12  9.29175538e-13 -4.42134856e-13
  -8.39682439e-13 -5.71773429e-12  3.13089149e-12  3.16697245e-12
  -5.30204612e-11 -1.97509051e-12]]
Train validation errors
[[10058095115866.535, 4077577822030.0874], [1484120793590.3875, 699170331974.4823], [2083393869060.1792, 3718996799306.655], [42935724652513.44, 86011884441371.1], [39246597077193.56, 64883305711062.75], [1553502175364.599, 2419070891614.384], [11512660909164.293, 14729408736191.947], [1890217174277.6614, 1526964011576.5793], [1528719277474.882, 1090141479599.5735], [1155951660915.6628, 1161269570808.644]]
Selected parents:
[[ 0.00000000e+00 -6.58215072e-13 -2.28980078e-13  7.15318140e-12
  -2.84907530e-11 -1.83669770e-15 -9.81843988e-18 -8.68780583e-07
   7.60605804e-07 -1.59792834e-08 -5.30204612e-11]
 [-2.09891572e-01  9.99052276e-13 -2.28980078e-13  4.62010753e-11
   1.41216295e-14 -5.57667680e-16 -4.96600482e-18 -5.51411157e-06
  -4.04347217e-09  7.01731057e-10 -5.71773429e-12]
 [ 7.92520921e-03  4.06597967e-16 -1.57299202e-14  7.15318140e-12
   7.19785908e-11 -7.73485733e-16  4.68878030e-19  2.85626367e-09
   7.26679029e-09 -7.00608069e-11 -5.71773429e-12]
 [ 8.10421352e-01  3.05705155e-16  2.37877163e-15  7.15318140e-12
  -4.59674518e-12 -1.83669770e-15  8.52944060e-16  1.56697510e-08
  -6.00853899e-08 -7.41997892e-12  3.16697245e-12]
 [-7.51512251e-02  4.43701493e-16 -4.38508519e-16 -5.29430630e-15
  -2.84907530e-11 -6.59713854e-16  8.52944060e-16 -1.43247144e-09
  -7.54944070e-09 -2.05836047e-12 -5.30204612e-11]
 [ 0.00000000e+00 -8.57242980e-15 -2.28980078e-13  7.15318140e-12
  -2.84907530e-11 -6.59713854e-16 -7.49878118e-19 -9.59837948e-08
  -5.67227069e-08 -4.71766392e-11 -1.97509051e-12]]Population:
[[ 0.00000000e+00 -2.09891572e-01  7.92520921e-03  0.00000000e+00
  -9.10909722e-03 -2.09891572e-01 -8.22905640e-02  8.10421352e-01
  -2.38249922e-02  3.40471081e-02]
 [-6.58215072e-13  9.99052276e-13 -7.30438406e-16  6.96317346e-17
   4.43701493e-16  9.99052276e-13 -6.51137061e-17  4.43701493e-16
   8.33148903e-14 -6.58215072e-13]
 [-2.28980078e-13 -2.28980078e-13 -9.83174736e-15 -2.28980078e-13
  -2.28980078e-13 -8.68790217e-17 -4.38508519e-16 -4.38508519e-16
  -2.28980078e-13  7.85716763e-14]
 [ 7.15318140e-12  4.62010753e-11  7.15318140e-12  7.15318140e-12
  -5.29430630e-15  4.62010753e-11 -8.98682243e-13  7.15318140e-12
   6.26254394e-13  7.02763546e-13]
 [-2.84907530e-11  1.41216295e-14 -4.02216659e-12  2.68151147e-12
   7.00822413e-12  3.90553125e-12  1.33900701e-13 -2.84907530e-11
  -2.84907530e-11 -2.84907530e-11]
 [-1.83669770e-15 -5.57667680e-16 -8.01064655e-17 -7.73485733e-16
   2.12783117e-17 -7.61923572e-17  9.15188707e-16 -4.26308376e-17
  -1.83669770e-15 -5.25385543e-16]
 [-9.81843988e-18 -4.96600482e-18  4.05191438e-21  4.68878030e-19
   8.52944060e-16  8.52944060e-16  6.55255644e-17  8.52944060e-16
   8.06651939e-19  4.67466139e-19]
 [-8.68780583e-07 -5.51411157e-06  2.85626367e-09  4.48445818e-10
  -2.67088297e-10 -5.51411157e-06  6.00064526e-09  1.56697510e-08
  -5.51411157e-06 -8.68780583e-07]
 [ 7.60605804e-07 -4.04347217e-09  2.42381754e-10  7.26679029e-09
  -7.54944070e-09 -4.04347217e-09 -6.00853899e-08 -6.08545632e-10
   2.31710294e-08 -4.04347217e-09]
 [-1.59792834e-08  7.01731057e-10  1.19626985e-12 -8.19433703e-12
   7.01731057e-10  7.01731057e-10  9.03767598e-13 -2.05836047e-12
  -3.20872471e-09  1.09561209e-09]
 [-5.30204612e-11 -5.71773429e-12 -1.97509051e-12 -3.61325075e-13
  -5.71773429e-12 -1.39564380e-12  3.16697245e-12 -5.30204612e-11
  -5.30204612e-11  3.44807390e-12]]
Train validation errors
[[10058095115866.535, 4077577822030.0874], [1484120793590.3875, 699170331974.4823], [1895290723626.3333, 3334562557068.5225], [1706381307292.4136, 2909119360053.3433], [2203704154361.71, 4256863576396.0303], [1346772574499.8296, 804188446956.146], [1790515615575.7495, 2750360943960.4375], [1039171433742.3727, 760606900726.9658], [13719265430088.285, 16869318358103.848], [2255895150932.6597, 4546685483331.091]]
Selected parents:
[[ 0.00000000e+00 -6.58215072e-13 -2.28980078e-13  7.15318140e-12
  -2.84907530e-11 -1.83669770e-15 -9.81843988e-18 -8.68780583e-07
   7.60605804e-07 -1.59792834e-08 -5.30204612e-11]
 [-2.09891572e-01  9.99052276e-13 -2.28980078e-13  4.62010753e-11
   1.41216295e-14 -5.57667680e-16 -4.96600482e-18 -5.51411157e-06
  -4.04347217e-09  7.01731057e-10 -5.71773429e-12]
 [ 0.00000000e+00  6.96317346e-17 -2.28980078e-13  7.15318140e-12
   2.68151147e-12 -7.73485733e-16  4.68878030e-19  4.48445818e-10
   7.26679029e-09 -8.19433703e-12 -3.61325075e-13]
 [-2.09891572e-01  9.99052276e-13 -8.68790217e-17  4.62010753e-11
   3.90553125e-12 -7.61923572e-17  8.52944060e-16 -5.51411157e-06
  -4.04347217e-09  7.01731057e-10 -1.39564380e-12]
 [-8.22905640e-02 -6.51137061e-17 -4.38508519e-16 -8.98682243e-13
   1.33900701e-13  9.15188707e-16  6.55255644e-17  6.00064526e-09
  -6.00853899e-08  9.03767598e-13  3.16697245e-12]
 [ 8.10421352e-01  4.43701493e-16 -4.38508519e-16  7.15318140e-12
  -2.84907530e-11 -4.26308376e-17  8.52944060e-16  1.56697510e-08
  -6.08545632e-10 -2.05836047e-12 -5.30204612e-11]]Population:
[[ 0.00000000e+00 -2.09891572e-01  0.00000000e+00  0.00000000e+00
   3.20409818e-02  9.45244829e-01 -7.94722275e-02  8.10421352e-01
  -2.09891572e-01  0.00000000e+00]
 [-6.58215072e-13  9.99052276e-13  9.99052276e-13 -1.58072216e-14
   6.96317346e-17  6.96317346e-17  9.06549414e-17 -8.65304500e-15
   6.96317346e-17  9.99052276e-13]
 [-2.28980078e-13 -2.28980078e-13 -9.79330339e-14 -2.28980078e-13
  -4.38508519e-16 -3.85344275e-14 -2.28980078e-13 -2.28980078e-13
  -2.28980078e-13 -2.28980078e-13]
 [ 7.15318140e-12  4.62010753e-11  7.15318140e-12 -3.16729788e-13
   7.15318140e-12  7.15318140e-12  4.62010753e-11  4.27877601e-12
   4.12335951e-12  7.15318140e-12]
 [-2.84907530e-11  1.41216295e-14  6.52332269e-15  7.84719203e-12
  -3.03268697e-13  9.69218538e-13 -4.30008295e-15 -6.72889770e-12
   1.41216295e-14  2.68151147e-12]
 [-1.83669770e-15 -5.57667680e-16 -8.54601705e-17 -5.57667680e-16
   3.90374360e-18 -6.59369735e-17 -4.26308376e-17 -2.29098818e-18
   7.63244463e-17 -1.91700091e-17]
 [-9.81843988e-18 -4.96600482e-18 -4.96600482e-18  4.08830773e-19
  -8.04203363e-17  4.68878030e-19  2.99183460e-17  8.52944060e-16
  -4.96600482e-18  4.68878030e-19]
 [-8.68780583e-07 -5.51411157e-06  4.16121955e-07  6.47171131e-08
   1.56697510e-08  1.56697510e-08 -7.33414916e-07 -5.27022941e-07
  -5.51411157e-06  9.28560386e-11]
 [ 7.60605804e-07 -4.04347217e-09 -3.11182725e-10 -8.22332248e-09
   7.26679029e-09  7.26679029e-09 -3.76127034e-11  7.15773849e-11
   7.26679029e-09  3.84639385e-10]
 [-1.59792834e-08  7.01731057e-10 -2.45895405e-09 -1.59792834e-08
  -1.67885212e-13 -8.19433703e-12 -4.24272956e-12 -7.88970634e-13
  -2.36466009e-11  7.02092388e-11]
 [-5.30204612e-11 -5.71773429e-12 -6.33519082e-12  1.49238903e-13
  -5.30204612e-11 -3.61325075e-13  8.66981672e-13 -5.30204612e-11
   9.52522682e-13 -9.23341323e-14]]
Train validation errors
[[10058095115866.535, 4077577822030.0874], [1484120793590.3875, 699170331974.4823], [1349773932693.1316, 703924205122.4685], [43775040231144.16, 70928155602614.05], [1017635727315.0364, 801758153029.2523], [2106119460281.8184, 3814280761263.629], [1822868843335.746, 2980934738072.7935], [1083511545365.8209, 703573873591.1854], [1409905783316.4065, 613000386779.0665], [2073235049285.7688, 3753293373131.5664]]
Selected parents:
[[ 0.00000000e+00 -6.58215072e-13 -2.28980078e-13  7.15318140e-12
  -2.84907530e-11 -1.83669770e-15 -9.81843988e-18 -8.68780583e-07
   7.60605804e-07 -1.59792834e-08 -5.30204612e-11]
 [-2.09891572e-01  9.99052276e-13 -2.28980078e-13  4.62010753e-11
   1.41216295e-14 -5.57667680e-16 -4.96600482e-18 -5.51411157e-06
  -4.04347217e-09  7.01731057e-10 -5.71773429e-12]
 [ 0.00000000e+00  9.99052276e-13 -9.79330339e-14  7.15318140e-12
   6.52332269e-15 -8.54601705e-17 -4.96600482e-18  4.16121955e-07
  -3.11182725e-10 -2.45895405e-09 -6.33519082e-12]
 [ 3.20409818e-02  6.96317346e-17 -4.38508519e-16  7.15318140e-12
  -3.03268697e-13  3.90374360e-18 -8.04203363e-17  1.56697510e-08
   7.26679029e-09 -1.67885212e-13 -5.30204612e-11]
 [ 8.10421352e-01 -8.65304500e-15 -2.28980078e-13  4.27877601e-12
  -6.72889770e-12 -2.29098818e-18  8.52944060e-16 -5.27022941e-07
   7.15773849e-11 -7.88970634e-13 -5.30204612e-11]
 [-2.09891572e-01  6.96317346e-17 -2.28980078e-13  4.12335951e-12
   1.41216295e-14  7.63244463e-17 -4.96600482e-18 -5.51411157e-06
   7.26679029e-09 -2.36466009e-11  9.52522682e-13]]Population:
[[ 0.00000000e+00 -2.09891572e-01 -2.09891572e-01 -1.47560501e-02
  -8.97155420e-02  8.10421352e-01  9.72935511e-01 -2.09891572e-01
  -9.32320471e-01  6.57255593e-01]
 [-6.58215072e-13  6.96317346e-17  9.99052276e-13 -6.84781545e-14
  -4.96743010e-17 -7.36551898e-18 -6.58215072e-13  6.96317346e-17
  -6.58215072e-13  4.11671864e-14]
 [-2.28980078e-13 -2.28980078e-13 -2.28980078e-13 -2.19692921e-14
  -4.38508519e-16 -6.83682556e-17 -3.99196833e-14 -7.04714259e-14
   4.41638373e-15 -2.28980078e-13]
 [ 7.15318140e-12  4.12335951e-12  4.10114809e-13  7.15318140e-12
   4.27877601e-12 -2.73838367e-13  3.09488293e-13  4.12335951e-12
  -5.31431823e-13  7.15318140e-12]
 [-2.84907530e-11  1.41216295e-14  1.41216295e-14 -2.84907530e-11
  -6.72889770e-12 -3.03268697e-13  9.92277339e-15 -6.88544175e-12
   6.52332269e-15  4.82860554e-12]
 [-1.83669770e-15  7.63244463e-17 -9.35238845e-16 -1.83669770e-15
   9.94066891e-19 -8.62389110e-19 -7.31235777e-16  7.63244463e-17
   6.69544639e-16 -3.33780491e-18]
 [-9.81843988e-18 -4.96600482e-18 -4.96600482e-18  5.16644587e-19
   4.58305043e-17  5.65759431e-19 -5.24982288e-19  9.88557998e-19
  -9.81843988e-18 -5.39914814e-19]
 [-8.68780583e-07 -5.51411157e-06 -8.68780583e-07  5.81501286e-08
  -4.03137347e-09  1.56697510e-08 -3.33321374e-09 -5.51411157e-06
   8.23519652e-08 -8.68780583e-07]
 [ 7.60605804e-07  7.26679029e-09 -4.58413772e-10  7.60605804e-07
   7.26679029e-09  7.15773849e-11  7.60605804e-07 -7.65948526e-10
  -7.55090793e-08 -3.11182725e-10]
 [-1.59792834e-08 -2.36466009e-11  7.01731057e-10  7.01731057e-10
   6.93393262e-15  3.48248445e-14 -1.59792834e-08 -2.36466009e-11
   1.65559247e-09 -2.45895405e-09]
 [-5.30204612e-11  9.52522682e-13 -5.71773429e-12 -5.30204612e-11
  -8.75299211e-12 -5.30204612e-11  9.52522682e-13  9.52522682e-13
  -4.90492677e-12 -6.33519082e-12]]
Train validation errors
[[10058095115866.535, 4077577822030.0874], [1409905783316.4065, 613000386779.0665], [1579268305016.5383, 2590775425755.134], [40429434232257.305, 88293042828122.14], [1812074129877.9478, 3100841496973.424], [1019128178436.8802, 754983792315.3381], [7793687074879.881, 3413735661194.637], [1383261763310.5115, 531966873185.0355], [2318274632173.8994, 4464174346191.792], [1518555890153.0442, 648923189677.7903]]
Selected parents:
[[ 0.00000000e+00 -6.58215072e-13 -2.28980078e-13  7.15318140e-12
  -2.84907530e-11 -1.83669770e-15 -9.81843988e-18 -8.68780583e-07
   7.60605804e-07 -1.59792834e-08 -5.30204612e-11]
 [-2.09891572e-01  6.96317346e-17 -2.28980078e-13  4.12335951e-12
   1.41216295e-14  7.63244463e-17 -4.96600482e-18 -5.51411157e-06
   7.26679029e-09 -2.36466009e-11  9.52522682e-13]
 [ 8.10421352e-01 -7.36551898e-18 -6.83682556e-17 -2.73838367e-13
  -3.03268697e-13 -8.62389110e-19  5.65759431e-19  1.56697510e-08
   7.15773849e-11  3.48248445e-14 -5.30204612e-11]
 [ 9.72935511e-01 -6.58215072e-13 -3.99196833e-14  3.09488293e-13
   9.92277339e-15 -7.31235777e-16 -5.24982288e-19 -3.33321374e-09
   7.60605804e-07 -1.59792834e-08  9.52522682e-13]
 [-2.09891572e-01  6.96317346e-17 -7.04714259e-14  4.12335951e-12
  -6.88544175e-12  7.63244463e-17  9.88557998e-19 -5.51411157e-06
  -7.65948526e-10 -2.36466009e-11  9.52522682e-13]
 [ 6.57255593e-01  4.11671864e-14 -2.28980078e-13  7.15318140e-12
   4.82860554e-12 -3.33780491e-18 -5.39914814e-19 -8.68780583e-07
  -3.11182725e-10 -2.45895405e-09 -6.33519082e-12]]Best offspring gen errors:
[[1.00580951e+13 4.07757782e+12]
 [1.00580951e+13 4.07757782e+12]
 [1.00580951e+13 4.07757782e+12]
 [1.00580951e+13 4.07757782e+12]
 [1.00580951e+13 4.07757782e+12]
 [1.00580951e+13 4.07757782e+12]
 [1.00580951e+13 4.07757782e+12]]