Run 3 of 27th feb is continued, we started with the final parameters of previous run i.e. run4 and simulated x more generations where x =
4
5 of the entities of previus run are replaced by overfit params to guide it towards lower error values
No of generations: 4
Population size: 16
Mutation coefficient: 0.15
Split point: 7
One offspring per pair
Population:
[[ 0.00000000e+00  0.00000000e+00  0.00000000e+00  0.00000000e+00
   0.00000000e+00  6.06485918e+00  6.06485918e+00  2.91940245e+00
  -4.66280532e+00  6.06485918e+00 -4.66280532e+00  2.91940245e+00
   6.06485918e+00  6.06485918e+00 -6.68849120e+00  6.06485918e+00]
 [-1.45799022e-12 -1.45799022e-12 -1.45799022e-12 -1.45799022e-12
  -1.45799022e-12 -1.23296042e+00 -1.23296042e+00  4.30984820e+00
   2.71307676e+00  2.71307676e+00  2.71307676e+00 -4.64762473e+00
   2.71307676e+00  2.71307676e+00 -7.40169100e+00  2.71307676e+00]
 [-2.28980078e-13 -2.28980078e-13 -2.28980078e-13 -2.28980078e-13
  -2.28980078e-13  1.07336119e+00  1.07336119e+00 -5.55743653e-01
   8.81938658e+00 -5.55743653e-01 -5.55743653e-01 -5.55743653e-01
  -5.55743653e-01 -5.55743653e-01 -4.41879021e+00  8.08602781e+00]
 [ 4.62010753e-11  4.62010753e-11  4.62010753e-11  4.62010753e-11
   4.62010753e-11 -1.90910244e+00 -1.90910244e+00  8.04854852e+00
   5.18955465e+00 -1.90910244e+00  5.18955465e+00 -1.90910244e+00
  -1.90910244e+00 -1.90910244e+00 -9.23969258e+00 -8.08653983e+00]
 [-1.75214813e-10 -1.75214813e-10 -1.75214813e-10 -1.75214813e-10
  -1.75214813e-10  4.54776921e+00  4.54776921e+00  9.69022178e+00
  -7.61647816e+00 -7.61647816e+00 -7.61647816e+00  9.69022178e+00
  -7.61647816e+00 -3.42025526e+00 -7.93394257e+00 -7.61647816e+00]
 [-1.83669770e-15 -1.83669770e-15 -1.83669770e-15 -1.83669770e-15
  -1.83669770e-15 -1.83669770e-15 -4.06425852e+00 -1.83669770e-15
   5.15205460e+00 -1.83669770e-15 -1.83669770e-15 -1.83669770e-15
  -1.83669770e-15 -1.83669770e-15 -1.83669770e-15 -1.83669770e-15]
 [ 8.52944060e-16  8.52944060e-16  8.52944060e-16  8.52944060e-16
   8.52944060e-16  6.12068620e-01  6.12068620e-01 -6.85322166e+00
   6.12068620e-01  6.12068620e-01  6.12068620e-01  4.28715629e+00
   6.12068620e-01  6.12068620e-01 -2.47968662e+00  6.12068620e-01]
 [ 2.29423303e-05  2.29423303e-05  2.29423303e-05  2.29423303e-05
   2.29423303e-05 -6.89823397e-01 -8.60119449e+00 -8.60119449e+00
  -8.60119449e+00 -8.60119449e+00 -8.60119449e+00 -8.60119449e+00
  -8.60119449e+00  8.89486100e+00 -8.60119449e+00 -8.60119449e+00]
 [-2.04721003e-06 -2.04721003e-06 -2.04721003e-06 -2.04721003e-06
  -2.04721003e-06 -2.12145500e+00  7.05325044e+00  7.05325044e+00
   9.94467607e+00  7.05325044e+00  9.94467607e+00  7.05325044e+00
   9.94467607e+00  9.94467607e+00  9.94467607e+00  7.05325044e+00]
 [-1.59792834e-08 -1.59792834e-08 -1.59792834e-08 -1.59792834e-08
  -1.59792834e-08 -4.22777634e+00 -7.22797381e+00 -9.47631474e+00
  -9.47631474e+00 -4.20613814e+00 -9.47631474e+00 -4.67021377e+00
  -9.47631474e+00 -9.47631474e+00 -9.47631474e+00 -7.22797381e+00]
 [ 9.98214034e-10  9.98214034e-10  9.98214034e-10  9.98214034e-10
   9.98214034e-10  2.31606693e-01  8.95217536e-01  2.31606693e-01
   2.31606693e-01 -3.74988930e+00  2.31606693e-01 -3.74988930e+00
   2.31606693e-01  2.31606693e-01  2.31606693e-01  6.36257003e-01]]
Train validation errors
[[13510723304.19212, 368296592820.6967], [13510723304.19212, 368296592820.6967], [13510723304.19212, 368296592820.6967], [13510723304.19212, 368296592820.6967], [13510723304.19212, 368296592820.6967], [9.683553472488518e+30, 1.7567426803114374e+31], [6.055823351322255e+42, 6.1624204077426e+42], [1.460164189979788e+30, 1.2792348071800683e+30], [9.731434114481541e+42, 9.902772114921016e+42], [6.664733461173005e+33, 1.2622227836966264e+34], [1.5104460599890165e+30, 1.3608563359841303e+30], [6.697472070151108e+33, 1.2685678034977673e+34], [1.510446059810453e+30, 1.3608563352222513e+30], [1.5149848848213777e+30, 1.3712350622905875e+30], [1.5104460583900574e+30, 1.3608563327747267e+30], [1.1062642722168612e+32, 2.055967907419501e+32]]
Population:
[[ 0.00000000e+00  0.00000000e+00  0.00000000e+00  2.91940245e+00
   6.06485918e+00  0.00000000e+00  0.00000000e+00  5.02177686e-01
  -4.66280532e+00  0.00000000e+00  0.00000000e+00  2.79157591e+00
   0.00000000e+00  0.00000000e+00  6.06485918e+00  2.91940245e+00]
 [-1.45799022e-12 -1.45799022e-12 -1.45799022e-12  4.30984820e+00
   2.71307676e+00 -1.52574735e+00 -1.45799022e-12  2.71307676e+00
   2.71307676e+00 -1.45799022e-12 -1.45799022e-12  9.23987186e+00
  -1.45799022e-12 -1.45799022e-12  2.71307676e+00  4.30984820e+00]
 [-2.28980078e-13 -2.28980078e-13 -2.28980078e-13 -5.55743653e-01
  -5.55743653e-01 -2.28980078e-13 -2.28980078e-13 -5.55743653e-01
  -5.55743653e-01 -2.28980078e-13 -2.28980078e-13 -2.28980078e-13
  -2.28980078e-13 -2.28980078e-13 -5.55743653e-01 -5.55743653e-01]
 [ 4.62010753e-11  4.62010753e-11  4.62010753e-11  8.04854852e+00
  -1.90910244e+00  4.62010753e-11  4.62010753e-11 -1.90910244e+00
   5.18955465e+00  4.62010753e-11  4.62010753e-11  4.62010753e-11
  -1.55178237e-01 -6.41391123e+00 -1.90910244e+00  8.04854852e+00]
 [-1.75214813e-10 -1.75214813e-10 -1.75214813e-10  9.69022178e+00
  -3.42025526e+00 -1.75214813e-10 -3.70577548e+00 -7.61647816e+00
  -7.61647816e+00 -1.75214813e-10 -1.75214813e-10 -1.75214813e-10
  -1.75214813e-10 -1.75214813e-10 -3.42025526e+00 -6.25366445e+00]
 [-1.83669770e-15 -1.83669770e-15 -1.83669770e-15 -1.83669770e-15
  -1.83669770e-15 -1.83669770e-15 -1.83669770e-15  5.40639693e-01
  -1.83669770e-15 -1.83669770e-15 -1.83669770e-15 -1.83669770e-15
  -1.83669770e-15 -1.83669770e-15 -1.83669770e-15 -1.83669770e-15]
 [ 8.52944060e-16  8.52944060e-16  8.52944060e-16  8.64520413e+00
   6.12068620e-01  8.52944060e-16  8.52944060e-16  6.12068620e-01
   6.12068620e-01  8.52944060e-16  8.52944060e-16  8.52944060e-16
   8.52944060e-16  8.52944060e-16  6.12068620e-01 -5.70602081e-02]
 [ 2.29423303e-05  2.29423303e-05  8.42187285e+00  2.29423303e-05
   2.29423303e-05 -8.34376786e+00 -8.60119449e+00  2.29423303e-05
  -9.38757377e+00 -8.60119449e+00  2.29423303e-05  2.29423303e-05
   2.29423303e-05  2.29423303e-05 -8.60119449e+00  8.89486100e+00]
 [-2.04721003e-06 -6.41889788e+00  7.05325044e+00  7.33058521e+00
   6.15188045e+00  9.94467607e+00  9.94467607e+00 -2.04721003e-06
  -2.04721003e-06  9.94467607e+00 -2.04721003e-06 -2.04721003e-06
  -2.04721003e-06 -2.04721003e-06  7.05325044e+00  9.94467607e+00]
 [-1.59792834e-08 -1.59792834e-08 -9.47631474e+00 -1.59792834e-08
  -1.59792834e-08 -9.47631474e+00 -9.47631474e+00 -1.59792834e-08
  -1.59792834e-08 -9.47631474e+00 -1.59792834e-08 -1.59792834e-08
  -8.86986170e+00 -1.59792834e-08 -9.47631474e+00 -9.47631474e+00]
 [ 9.98214034e-10  9.98214034e-10  2.31606693e-01  9.98214034e-10
   9.98214034e-10  2.31606693e-01  2.31606693e-01  9.98214034e-10
   9.98214034e-10  2.31606693e-01  9.98214034e-10  9.98214034e-10
   9.98214034e-10 -3.73811476e+00  2.31606693e-01  2.31606693e-01]]
Train validation errors
[[13510723304.19212, 368296592820.6967], [3.4024475680852446e+27, 6.596554175373369e+27], [1.4644195157265364e+30, 1.2890034889466253e+30], [4.437603978693259e+27, 8.603481811409436e+27], [3.1252643346650713e+27, 6.059160482118041e+27], [1.5105127120744666e+30, 1.3610087712377606e+30], [1.5104460749905398e+30, 1.3608563557750792e+30], [1.0715971622189125e+41, 1.0904642299639534e+41], [3.1497899750272143e+24, 6.15552876921234e+24], [1.51044608932862e+30, 1.3608563750556974e+30], [13510723304.19212, 368296592820.6967], [13502202777.918976, 368367618930.5187], [1.5173680813223082e+31, 2.908918898481647e+31], [6.341731099073897e+33, 1.1997764849737704e+34], [1.4601641402120245e+30, 1.2792347402715518e+30], [1.5149848740830924e+30, 1.3712350485579275e+30]]
Population:
[[-4.66280532e+00  0.00000000e+00  6.06485918e+00  2.79157591e+00
   0.00000000e+00  0.00000000e+00  2.79157591e+00 -4.66280532e+00
  -3.84141571e+00  0.00000000e+00  0.00000000e+00  6.06485918e+00
  -4.66280532e+00  0.00000000e+00  0.00000000e+00  0.00000000e+00]
 [-8.13177461e-01 -1.45799022e-12  2.71307676e+00  9.23987186e+00
  -1.45799022e-12 -1.45799022e-12  9.23987186e+00 -1.87256140e+00
  -1.45799022e-12 -1.45799022e-12 -1.45799022e-12 -6.16439167e+00
   2.71307676e+00 -1.45799022e-12 -1.45799022e-12 -1.45799022e-12]
 [-5.55743653e-01 -2.28980078e-13 -8.62247799e+00 -2.28980078e-13
  -2.28980078e-13 -2.28980078e-13 -2.28980078e-13 -5.55743653e-01
  -2.28980078e-13 -2.28980078e-13 -2.28980078e-13 -5.55743653e-01
  -5.55743653e-01 -2.28980078e-13 -2.28980078e-13 -2.28980078e-13]
 [ 5.18955465e+00  4.62010753e-11 -1.90910244e+00  4.62010753e-11
   4.62010753e-11  4.62010753e-11  4.62010753e-11  5.18955465e+00
   4.62010753e-11  4.62010753e-11 -6.41391123e+00 -1.90910244e+00
   5.18955465e+00  4.62010753e-11  4.62010753e-11  4.62010753e-11]
 [-7.61647816e+00 -1.75214813e-10 -3.42025526e+00 -1.75214813e-10
  -1.75214813e-10 -1.75214813e-10 -1.75214813e-10 -7.61647816e+00
  -3.70577548e+00 -1.75214813e-10 -1.75214813e-10 -3.42025526e+00
  -7.61647816e+00 -1.75214813e-10 -1.75214813e-10 -1.75214813e-10]
 [-1.83669770e-15  1.71125694e+00 -1.83669770e-15 -1.83669770e-15
  -1.83669770e-15 -1.83669770e-15 -1.83669770e-15  2.84355565e+00
  -1.83669770e-15 -1.83669770e-15 -1.83669770e-15 -1.83669770e-15
  -1.83669770e-15 -1.83669770e-15 -1.83669770e-15 -1.83669770e-15]
 [ 6.12068620e-01  8.52944060e-16  6.12068620e-01  8.52944060e-16
   8.52944060e-16  8.52944060e-16  8.52944060e-16  6.12068620e-01
   8.52944060e-16  8.52944060e-16  8.52944060e-16  6.12068620e-01
   6.12068620e-01  8.52944060e-16  8.52944060e-16  8.52944060e-16]
 [-8.60119449e+00 -9.38757377e+00  2.29423303e-05 -8.60119449e+00
   8.42187285e+00  5.21886805e+00 -9.38757377e+00  2.29423303e-05
   2.29423303e-05 -8.60119449e+00 -8.60119449e+00  2.29423303e-05
  -8.60119449e+00 -9.38757377e+00 -8.60119449e+00  2.29423303e-05]
 [ 9.94467607e+00 -2.04721003e-06 -2.04721003e-06  7.05325044e+00
   7.05325044e+00  7.31753340e+00 -2.04721003e-06 -2.04721003e-06
  -2.04721003e-06  1.46615099e-01  7.05325044e+00  8.28017235e+00
   9.94467607e+00 -2.04721003e-06  9.94467607e+00 -2.04721003e-06]
 [-9.47631474e+00 -1.59792834e-08 -1.59792834e-08 -9.47631474e+00
  -9.47631474e+00 -1.59792834e-08 -1.59792834e-08 -1.59792834e-08
  -1.59792834e-08 -9.47631474e+00  3.43377327e+00 -1.59792834e-08
  -9.47631474e+00 -1.59792834e-08 -9.47631474e+00 -1.59792834e-08]
 [ 2.31606693e-01  9.98214034e-10  9.40376952e+00  2.31606693e-01
   2.31606693e-01  9.98214034e-10  9.98214034e-10  9.98214034e-10
  -7.74868050e+00  2.31606693e-01  2.31606693e-01 -1.15341756e+00
   2.31606693e-01  9.98214034e-10  2.31606693e-01  9.98214034e-10]]
Train validation errors
[[1.5104460599890146e+30, 1.3608563359839698e+30], [1.0736089921276877e+42, 1.0925114799414315e+42], [4.013345200811782e+34, 7.592748924276283e+34], [1.4601641531803113e+30, 1.2792347576567434e+30], [1.4644195157265364e+30, 1.2890034889466253e+30], [4.5472807166744684e+27, 8.829903309650183e+27], [3.1497496148868413e+24, 6.155437145344546e+24], [2.96441609759645e+42, 3.0166090683412516e+42], [2.724947080134512e+34, 5.155260256997387e+34], [1.345645929148472e+30, 1.0951027485821681e+30], [4.202963993155716e+31, 8.028765844557996e+31], [6.000974902792259e+32, 1.1352170655269661e+33], [1.5104460599890165e+30, 1.3608563359841303e+30], [3.149749615470375e+24, 6.155437146447631e+24], [1.51044608932862e+30, 1.3608563750556974e+30], [13510723304.19212, 368296592820.6967]]
Population:
[[ 2.79157591e+00 -4.66280532e+00 -3.84141571e+00  6.06485918e+00
  -4.66280532e+00  5.15629237e+00  0.00000000e+00  0.00000000e+00
   0.00000000e+00  0.00000000e+00  0.00000000e+00 -4.65616156e+00
   1.15675626e+00  2.79157591e+00  2.79157591e+00  1.25009950e+00]
 [ 9.23987186e+00  2.71307676e+00 -1.45799022e-12 -6.16439167e+00
   2.71307676e+00  9.23987186e+00 -1.45799022e-12 -1.45799022e-12
  -1.45799022e-12 -1.45799022e-12 -1.45799022e-12  9.23987186e+00
  -1.45799022e-12  4.73599857e+00  9.23987186e+00 -8.13177461e-01]
 [-6.96973189e+00 -5.55743653e-01 -2.28980078e-13 -5.55743653e-01
  -5.55743653e-01 -2.28980078e-13 -2.28980078e-13 -2.28980078e-13
  -2.28980078e-13 -2.28980078e-13 -2.28980078e-13 -2.28980078e-13
  -8.13918614e+00 -2.28980078e-13 -2.28980078e-13 -5.55743653e-01]
 [ 4.62010753e-11  5.18955465e+00  4.62010753e-11 -1.90910244e+00
   5.18955465e+00  4.62010753e-11  4.62010753e-11  4.62010753e-11
   4.62010753e-11  4.62010753e-11  4.62010753e-11  4.62010753e-11
   4.62010753e-11  4.62010753e-11  4.62010753e-11  5.18955465e+00]
 [-1.75214813e-10 -9.36899511e+00  4.32593963e+00 -3.42025526e+00
  -7.61647816e+00 -1.75214813e-10 -1.75214813e-10 -1.75214813e-10
  -1.75214813e-10  4.67923330e+00 -1.75214813e-10  3.69417417e+00
  -1.75214813e-10 -1.75214813e-10 -1.75214813e-10 -7.61647816e+00]
 [-1.83669770e-15 -1.83669770e-15  8.25709971e-01 -1.83669770e-15
  -1.83669770e-15 -1.83669770e-15 -1.83669770e-15  3.16924773e+00
  -1.83669770e-15  5.53798856e+00  8.19619756e+00 -1.83669770e-15
  -1.83669770e-15 -1.83669770e-15 -1.83669770e-15 -1.83669770e-15]
 [ 8.52944060e-16  6.12068620e-01  8.52944060e-16  6.12068620e-01
   6.12068620e-01  8.52944060e-16  8.52944060e-16  8.52944060e-16
   8.52944060e-16  8.52944060e-16 -8.83813579e+00  8.52944060e-16
   8.52944060e-16  8.52944060e-16  8.52944060e-16  6.12068620e-01]
 [-8.60119449e+00 -8.60119449e+00  2.29423303e-05  2.29423303e-05
  -9.38757377e+00 -8.60119449e+00  8.94880380e+00 -8.60119449e+00
   8.42187285e+00  2.29423303e-05 -8.60119449e+00  2.29423303e-05
  -9.38757377e+00  6.95971648e+00 -8.60119449e+00 -8.60119449e+00]
 [ 9.94467607e+00  7.05325044e+00  8.28017235e+00 -2.04721003e-06
  -2.04721003e-06  9.94467607e+00 -2.04721003e-06  9.94467607e+00
   7.05325044e+00 -2.04721003e-06  6.93300071e+00 -2.11859428e+00
  -2.04721003e-06  7.05325044e+00  9.94467607e+00  7.05325044e+00]
 [-9.47631474e+00 -9.47631474e+00 -1.59792834e-08 -1.59792834e-08
  -1.59792834e-08 -9.47631474e+00 -1.59792834e-08 -9.47631474e+00
  -9.47631474e+00 -1.59792834e-08 -9.47631474e+00 -1.59792834e-08
  -1.59792834e-08 -9.47631474e+00 -9.47631474e+00 -9.47631474e+00]
 [ 2.31606693e-01  2.31606693e-01 -1.15341756e+00 -7.74868050e+00
  -7.46417675e+00  2.31606693e-01  9.98214034e-10  2.31606693e-01
   2.31606693e-01  9.98214034e-10  2.31606693e-01  8.91391939e+00
   9.98214034e-10  2.31606693e-01  2.31606693e-01  2.31606693e-01]]
Train validation errors
[[1.510446089314812e+30, 1.3608563750406956e+30], [1.460164117903369e+30, 1.279234711115692e+30], [2.4993780701116762e+41, 2.5433059393179864e+41], [2.724947080120742e+34, 5.155260256970847e+34], [2.528574222050125e+34, 4.783752448424841e+34], [1.5104460893286322e+30, 1.3608563750561233e+30], [2.862166763949496e+24, 5.593428257788513e+24], [3.682378762503634e+42, 3.747213506943551e+42], [1.4644195157265364e+30, 1.2890034889466253e+30], [1.1243973342249098e+43, 1.1441940278194214e+43], [2.462865400274258e+43, 2.5062280640975713e+43], [3.6053898656210433e+34, 6.820929914744213e+34], [3.1497496336622173e+24, 6.155437191375968e+24], [1.4640531981606585e+30, 1.288162837521506e+30], [1.5104460893286294e+30, 1.360856375056121e+30], [1.4601641245247063e+30, 1.2792347199215386e+30]]
