Fitness funtion: -1 * (train_validation_error[:, 1] + train_validation_error[:, 0])
Starting all over again with new root population
No of generations: 4
Population size: 10
Mutation coefficient: 0.2
Split point: 7
Two offspring per pair
Population:
[[ 0.00000000e+00  0.00000000e+00  0.00000000e+00  0.00000000e+00
   0.00000000e+00  0.00000000e+00  9.27440156e-02  7.59166547e-01
   4.54661132e+00 -4.47107659e+00]
 [-1.45799022e-12  1.77968504e+00 -4.02459943e+00 -1.45799022e-12
   3.10262898e+00  1.77968504e+00 -1.45799022e-12 -5.28150776e+00
   5.54246955e+00 -4.14914478e+00]
 [-2.28980078e-13 -9.45049799e+00 -9.45049799e+00  6.00249634e+00
   6.07336038e+00 -9.45049799e+00 -2.77696548e+00 -2.77696548e+00
   8.01388019e-02 -1.89049195e+00]
 [ 4.62010753e-11  4.62010753e-11  7.11985948e+00  4.62010753e-11
   4.62010753e-11  4.62010753e-11  4.62010753e-11 -6.57909530e+00
   4.62010753e-11  1.45674278e+00]
 [-7.07488416e+00  1.11145475e+00 -7.07488416e+00  1.11145475e+00
   1.11145475e+00  8.52312194e+00 -9.79649900e+00 -9.79649900e+00
  -7.07488416e+00 -7.07488416e+00]
 [-1.83669770e-15 -1.83669770e-15 -1.83669770e-15 -1.83669770e-15
  -1.83669770e-15  4.92282618e-01 -1.83669770e-15  6.54921519e+00
  -9.96130680e+00 -5.47945251e-01]
 [ 2.72089316e+00 -4.04401088e+00  2.72089316e+00 -4.04401088e+00
   2.72089316e+00 -9.77905618e-01  6.03991147e+00  6.09263825e+00
  -9.45481759e+00 -7.98031705e+00]
 [ 2.29423303e-05  2.29423303e-05  2.29423303e-05  2.29423303e-05
   2.29423303e-05 -2.58466234e+00  2.29423303e-05 -6.66329611e+00
  -9.75777903e+00  2.39715201e+00]
 [-2.04721003e-06 -2.04721003e-06 -2.04721003e-06 -2.04721003e-06
   3.52018026e+00 -2.04721003e-06 -2.04721003e-06  1.44708094e+00
   8.12803388e+00  6.88416032e+00]
 [-1.59792834e-08 -1.59792834e-08 -1.59792834e-08 -3.05379060e+00
  -9.18584497e+00 -1.59792834e-08  2.51711634e+00 -3.77143531e+00
  -7.44530184e-01  1.12014836e+00]
 [ 9.98214034e-10  9.98214034e-10  6.47348339e+00  9.98214034e-10
   9.98214034e-10  2.20736239e+00  9.98214034e-10  9.98214034e-10
   9.98214034e-10  1.01502717e+00]]
Train validation errors
[[167283047424727.16, 306093271541265.1], [4171453585961.779, 9750931654423.016], [1.9018604161066206e+34, 3.5980828725045907e+34], [1.7986048152390783e+30, 3.448072751303677e+30], [1.602486443779325e+31, 3.070347454440975e+31], [8.887295293412444e+40, 9.044655681332288e+40], [1.2219792204987443e+30, 2.3426342513756523e+30], [1.5725117392440158e+43, 1.6001977373009514e+43], [3.637879956765209e+43, 3.7019303625246024e+43], [1.1006193023424281e+41, 1.1199508154647795e+41]]
Selected parents:
[[ 0.00000000e+00 -1.45799022e-12 -2.28980078e-13  4.62010753e-11
  -7.07488416e+00 -1.83669770e-15  2.72089316e+00  2.29423303e-05
  -2.04721003e-06 -1.59792834e-08  9.98214034e-10]
 [ 0.00000000e+00  1.77968504e+00 -9.45049799e+00  4.62010753e-11
   1.11145475e+00 -1.83669770e-15 -4.04401088e+00  2.29423303e-05
  -2.04721003e-06 -1.59792834e-08  9.98214034e-10]
 [ 0.00000000e+00 -4.02459943e+00 -9.45049799e+00  7.11985948e+00
  -7.07488416e+00 -1.83669770e-15  2.72089316e+00  2.29423303e-05
  -2.04721003e-06 -1.59792834e-08  6.47348339e+00]
 [ 0.00000000e+00 -1.45799022e-12  6.00249634e+00  4.62010753e-11
   1.11145475e+00 -1.83669770e-15 -4.04401088e+00  2.29423303e-05
  -2.04721003e-06 -3.05379060e+00  9.98214034e-10]
 [ 0.00000000e+00  3.10262898e+00  6.07336038e+00  4.62010753e-11
   1.11145475e+00 -1.83669770e-15  2.72089316e+00  2.29423303e-05
   3.52018026e+00 -9.18584497e+00  9.98214034e-10]
 [ 9.27440156e-02 -1.45799022e-12 -2.77696548e+00  4.62010753e-11
  -9.79649900e+00 -1.83669770e-15  6.03991147e+00  2.29423303e-05
  -2.04721003e-06  2.51711634e+00  9.98214034e-10]]Population:
[[ 0.00000000e+00  0.00000000e+00  0.00000000e+00 -2.64504664e+00
   0.00000000e+00  9.27440156e-02  0.00000000e+00  0.00000000e+00
   0.00000000e+00  0.00000000e+00]
 [-1.45799022e-12  1.77968504e+00  1.77968504e+00 -1.45799022e-12
  -4.76019509e+00 -4.24476838e+00  1.77968504e+00 -1.45799022e-12
  -1.45799022e-12  3.10262898e+00]
 [-2.28980078e-13 -9.45049799e+00 -1.03021463e-01 -2.77696548e+00
  -9.45049799e+00 -2.77696548e+00  7.10952075e+00 -9.45049799e+00
  -2.28980078e-13 -2.28980078e-13]
 [ 4.62010753e-11  4.62010753e-11  7.18511205e+00  4.62010753e-11
  -3.21932640e+00  4.62010753e-11  4.62010753e-11  1.60079693e+00
   4.62010753e-11 -1.95590965e+00]
 [-7.07488416e+00  1.11145475e+00  1.11145475e+00 -9.79649900e+00
  -9.79649900e+00 -9.79649900e+00 -7.07488416e+00  1.11145475e+00
   1.30995082e+00  1.11145475e+00]
 [-1.83669770e-15 -1.83669770e-15 -1.83669770e-15 -1.83669770e-15
  -1.83669770e-15  9.66547674e+00 -4.38337001e+00 -1.83669770e-15
  -1.83669770e-15 -1.83669770e-15]
 [ 2.72089316e+00 -4.04401088e+00 -4.04401088e+00  6.03991147e+00
  -1.13109034e+00 -4.97842769e+00  7.10719007e+00  2.65546969e+00
   2.72089316e+00 -9.24846169e+00]
 [ 2.29423303e-05  2.29423303e-05 -8.23337526e+00  7.95507265e+00
   2.29423303e-05  2.29423303e-05  2.29423303e-05  2.29423303e-05
   2.29423303e-05  2.29423303e-05]
 [-2.04721003e-06 -2.04721003e-06 -2.04721003e-06 -2.04721003e-06
  -8.54132719e+00 -2.04721003e-06 -2.04721003e-06 -2.04721003e-06
  -2.04721003e-06 -2.04721003e-06]
 [-1.59792834e-08 -1.59792834e-08 -1.59792834e-08 -8.02082679e+00
   2.51711634e+00  2.51711634e+00 -1.59792834e-08 -1.59792834e-08
  -9.18584497e+00 -9.18584497e+00]
 [ 9.98214034e-10  9.98214034e-10  9.98214034e-10  9.98214034e-10
   9.98214034e-10  9.98214034e-10  9.98214034e-10  9.98214034e-10
   9.98214034e-10  1.18459723e+00]]
Train validation errors
[[167283047424727.16, 306093271541265.1], [4171453585961.779, 9750931654423.016], [2.4228377446310116e+24, 4.7348588115048064e+24], [1.23972853708652e+31, 2.3766383092868735e+31], [1.0616488403955515e+30, 2.023746138163014e+30], [3.425014432916218e+43, 3.48531734026845e+43], [7.044204606193802e+42, 7.168228344031994e+42], [4347908322368.475, 10286482847670.176], [1.6274043430973172e+31, 3.1198674249547526e+31], [4.532358023221766e+32, 8.485265893241503e+32]]
Selected parents:
[[ 0.00000000e+00 -1.45799022e-12 -2.28980078e-13  4.62010753e-11
  -7.07488416e+00 -1.83669770e-15  2.72089316e+00  2.29423303e-05
  -2.04721003e-06 -1.59792834e-08  9.98214034e-10]
 [ 0.00000000e+00  1.77968504e+00 -9.45049799e+00  4.62010753e-11
   1.11145475e+00 -1.83669770e-15 -4.04401088e+00  2.29423303e-05
  -2.04721003e-06 -1.59792834e-08  9.98214034e-10]
 [ 0.00000000e+00  1.77968504e+00 -1.03021463e-01  7.18511205e+00
   1.11145475e+00 -1.83669770e-15 -4.04401088e+00 -8.23337526e+00
  -2.04721003e-06 -1.59792834e-08  9.98214034e-10]
 [-2.64504664e+00 -1.45799022e-12 -2.77696548e+00  4.62010753e-11
  -9.79649900e+00 -1.83669770e-15  6.03991147e+00  7.95507265e+00
  -2.04721003e-06 -8.02082679e+00  9.98214034e-10]
 [ 0.00000000e+00 -4.76019509e+00 -9.45049799e+00 -3.21932640e+00
  -9.79649900e+00 -1.83669770e-15 -1.13109034e+00  2.29423303e-05
  -8.54132719e+00  2.51711634e+00  9.98214034e-10]
 [ 0.00000000e+00 -1.45799022e-12 -9.45049799e+00  1.60079693e+00
   1.11145475e+00 -1.83669770e-15  2.65546969e+00  2.29423303e-05
  -2.04721003e-06 -1.59792834e-08  9.98214034e-10]]Population:
[[ 0.00000000e+00  0.00000000e+00  0.00000000e+00  0.00000000e+00
   0.00000000e+00  0.00000000e+00  0.00000000e+00  0.00000000e+00
  -5.62245237e+00  0.00000000e+00]
 [ 1.77968504e+00 -1.45799022e-12  1.77968504e+00  9.38376106e+00
  -9.00941722e+00  1.77968504e+00 -1.45799022e-12  1.77968504e+00
   3.90591678e+00 -1.45799022e-12]
 [-9.45049799e+00 -9.45049799e+00 -2.18243600e+00  9.58919507e+00
  -2.28980078e-13 -5.41650018e+00 -1.03021463e-01 -2.28980078e-13
  -1.03021463e-01 -2.28980078e-13]
 [ 4.62010753e-11  1.60079693e+00 -6.60468559e+00  1.60079693e+00
   4.62010753e-11  4.62010753e-11 -4.10843980e-01  7.18511205e+00
   8.74891864e+00 -3.16888015e+00]
 [ 1.11145475e+00  1.11145475e+00  1.11145475e+00  1.11145475e+00
  -7.07488416e+00  1.11328889e+00  1.11145475e+00  1.11145475e+00
  -7.07488416e+00 -7.07488416e+00]
 [-1.83669770e-15 -1.83669770e-15 -1.83669770e-15 -1.83669770e-15
  -1.83669770e-15  2.60620446e+00  3.41912047e+00 -1.83669770e-15
  -1.83669770e-15 -3.65775386e+00]
 [-4.04401088e+00  2.65546969e+00 -4.04401088e+00  2.65546969e+00
   2.72089316e+00  6.29502181e+00  2.72089316e+00  2.72089316e+00
  -2.76008367e-01  4.94126056e+00]
 [ 2.29423303e-05  2.29423303e-05  2.29423303e-05 -2.73153217e+00
   2.29423303e-05  2.29423303e-05  2.29423303e-05 -8.23337526e+00
  -8.23337526e+00  2.29423303e-05]
 [-2.04721003e-06 -2.04721003e-06 -2.04721003e-06  8.89293382e+00
  -2.04721003e-06 -2.04721003e-06 -2.04721003e-06 -8.59167204e+00
  -2.04721003e-06 -2.04721003e-06]
 [-1.59792834e-08 -1.59792834e-08 -1.59792834e-08 -1.86548348e+00
  -6.16602694e+00 -1.59792834e-08 -6.23350846e-01 -1.59792834e-08
  -1.59792834e-08  7.22286379e+00]
 [ 9.98214034e-10  9.98214034e-10  9.98214034e-10  9.98214034e-10
  -9.37921593e+00  9.98214034e-10  6.19738495e+00  9.98214034e-10
   9.98214034e-10  9.98214034e-10]]
Train validation errors
[[4171453585961.779, 9750931654423.016], [4347908322368.475, 10286482847670.176], [3561150154654.3057, 7748505459231.911], [5.501109138591953e+29, 1.045765855219847e+30], [4.099388611022981e+34, 7.760519712558998e+34], [2.490191047480395e+42, 2.5340345782841622e+42], [4.28642171238797e+42, 4.362063007033313e+42], [6.32875825712327e+27, 1.2295531572244734e+28], [2.4228762586636354e+24, 4.7349460901281374e+24], [4.9050511057789166e+42, 4.9914073428101307e+42]]
Selected parents:
[[ 0.00000000e+00  1.77968504e+00 -9.45049799e+00  4.62010753e-11
   1.11145475e+00 -1.83669770e-15 -4.04401088e+00  2.29423303e-05
  -2.04721003e-06 -1.59792834e-08  9.98214034e-10]
 [ 0.00000000e+00 -1.45799022e-12 -9.45049799e+00  1.60079693e+00
   1.11145475e+00 -1.83669770e-15  2.65546969e+00  2.29423303e-05
  -2.04721003e-06 -1.59792834e-08  9.98214034e-10]
 [ 0.00000000e+00  1.77968504e+00 -2.18243600e+00 -6.60468559e+00
   1.11145475e+00 -1.83669770e-15 -4.04401088e+00  2.29423303e-05
  -2.04721003e-06 -1.59792834e-08  9.98214034e-10]
 [ 0.00000000e+00  9.38376106e+00  9.58919507e+00  1.60079693e+00
   1.11145475e+00 -1.83669770e-15  2.65546969e+00 -2.73153217e+00
   8.89293382e+00 -1.86548348e+00  9.98214034e-10]
 [ 0.00000000e+00  1.77968504e+00 -2.28980078e-13  7.18511205e+00
   1.11145475e+00 -1.83669770e-15  2.72089316e+00 -8.23337526e+00
  -8.59167204e+00 -1.59792834e-08  9.98214034e-10]
 [-5.62245237e+00  3.90591678e+00 -1.03021463e-01  8.74891864e+00
  -7.07488416e+00 -1.83669770e-15 -2.76008367e-01 -8.23337526e+00
  -2.04721003e-06 -1.59792834e-08  9.98214034e-10]]Population:
[[ 0.00000000e+00  0.00000000e+00 -5.62245237e+00  0.00000000e+00
   5.79025144e+00  0.00000000e+00  1.09852119e+00 -5.62245237e+00
  -1.08003562e+00  0.00000000e+00]
 [ 1.77968504e+00  1.77968504e+00  1.77968504e+00  3.90591678e+00
   1.77968504e+00  1.77968504e+00  3.90591678e+00  3.90591678e+00
  -1.45799022e-12  1.77968504e+00]
 [-9.45049799e+00 -2.18243600e+00 -1.03021463e-01 -2.28980078e-13
  -1.03021463e-01 -2.18243600e+00 -2.18243600e+00  2.73677280e+00
  -2.18243600e+00  2.09424844e+00]
 [ 4.62010753e-11 -6.60468559e+00  8.74891864e+00  8.74891864e+00
   4.93157105e+00  8.92065789e+00 -6.60468559e+00  8.74891864e+00
   1.60079693e+00 -6.60468559e+00]
 [ 1.11145475e+00  1.11145475e+00  1.95092477e-01  1.11145475e+00
  -7.07488416e+00  1.11145475e+00 -7.07488416e+00  1.11145475e+00
   1.11145475e+00  1.11145475e+00]
 [-1.83669770e-15 -1.83669770e-15  3.58545113e+00 -1.83669770e-15
   1.23467194e+00 -1.83669770e-15 -1.83669770e-15  9.93409593e+00
  -1.83669770e-15 -1.83669770e-15]
 [-4.04401088e+00 -4.04401088e+00  6.36909938e+00  2.72089316e+00
  -2.76008367e-01 -4.04401088e+00 -2.76008367e-01 -2.76008367e-01
   2.65546969e+00 -9.53138679e-02]
 [ 2.29423303e-05  2.29423303e-05 -8.23337526e+00 -8.23337526e+00
  -8.23337526e+00 -8.23337526e+00 -8.23337526e+00 -8.23337526e+00
   2.29423303e-05  2.06387366e-01]
 [-2.04721003e-06 -2.04721003e-06 -2.04721003e-06 -3.59176885e+00
  -1.38602333e+00 -2.04721003e-06 -2.04721003e-06  8.87647222e+00
  -8.19825299e+00 -2.04721003e-06]
 [-1.59792834e-08 -1.59792834e-08 -1.59792834e-08 -1.59792834e-08
   1.90502094e+00 -1.59792834e-08  8.00308816e+00 -2.69679013e-01
  -1.59792834e-08 -1.59792834e-08]
 [ 9.98214034e-10  9.98214034e-10  1.87606950e+00 -4.96406792e+00
   9.98214034e-10  9.98214034e-10  9.98214034e-10  9.98214034e-10
   9.98214034e-10  9.98214034e-10]]
Train validation errors
[[4171453585961.779, 9750931654423.016], [3561150154654.3057, 7748505459231.911], [4.7132219271348303e+42, 4.796260085911546e+42], [1.1190701447718205e+34, 2.117161595411248e+34], [5.588814709708466e+41, 5.687218082292889e+41], [2.422837545756457e+24, 4.7348584275365405e+24], [1.2342119972597862e+31, 2.3660619006091986e+31], [3.618031901325889e+43, 3.681732739181031e+43], [5.550258071267764e+27, 1.076065901684965e+28], [1.5221906119974912e+21, 2.974842702080212e+21]]
Selected parents:
[[ 0.00000000e+00  1.77968504e+00 -9.45049799e+00  4.62010753e-11
   1.11145475e+00 -1.83669770e-15 -4.04401088e+00  2.29423303e-05
  -2.04721003e-06 -1.59792834e-08  9.98214034e-10]
 [ 0.00000000e+00  1.77968504e+00 -2.18243600e+00 -6.60468559e+00
   1.11145475e+00 -1.83669770e-15 -4.04401088e+00  2.29423303e-05
  -2.04721003e-06 -1.59792834e-08  9.98214034e-10]
 [ 0.00000000e+00  1.77968504e+00 -2.18243600e+00  8.92065789e+00
   1.11145475e+00 -1.83669770e-15 -4.04401088e+00 -8.23337526e+00
  -2.04721003e-06 -1.59792834e-08  9.98214034e-10]
 [ 1.09852119e+00  3.90591678e+00 -2.18243600e+00 -6.60468559e+00
  -7.07488416e+00 -1.83669770e-15 -2.76008367e-01 -8.23337526e+00
  -2.04721003e-06  8.00308816e+00  9.98214034e-10]
 [-1.08003562e+00 -1.45799022e-12 -2.18243600e+00  1.60079693e+00
   1.11145475e+00 -1.83669770e-15  2.65546969e+00  2.29423303e-05
  -8.19825299e+00 -1.59792834e-08  9.98214034e-10]
 [ 0.00000000e+00  1.77968504e+00  2.09424844e+00 -6.60468559e+00
   1.11145475e+00 -1.83669770e-15 -9.53138679e-02  2.06387366e-01
  -2.04721003e-06 -1.59792834e-08  9.98214034e-10]]Best offspring gen errors:
[[4.17145359e+12 9.75093165e+12]
 [4.17145359e+12 9.75093165e+12]
 [3.56115015e+12 7.74850546e+12]
 [3.56115015e+12 7.74850546e+12]]