Fitness funtion: -1 * (train_error)
Initialed with the best that we have until now
Starting all over again with new root population
No of generations: 5
Population size: 10
Mutation coefficient: 0.2
Split point: 7
Two offspring per pair

Population:
[[-4.73944375e-01 -2.29620679e-12 -2.28980078e-13  4.62010753e-11
  -1.75214813e-10 -1.74030062e-15  8.52944060e-16  1.50602480e-05
  -1.54107721e-06 -1.59792834e-08  9.98214034e-10]
 [-1.69867041e-01 -1.45799022e-12 -1.47086637e-13  4.58075460e-11
  -1.65503089e-10 -2.41448588e-15  8.52944060e-16  1.46601185e-05
  -1.51278818e-06 -1.59792834e-08  9.98214034e-10]
 [ 0.00000000e+00 -1.45799022e-12 -2.38677095e-13  3.85588994e-11
  -1.93961240e-10 -1.15239405e-15  8.84590504e-16  2.29423303e-05
  -2.04721003e-06 -1.34376221e-08  1.00614517e-09]
 [ 4.75282806e-01 -1.23024916e-12 -1.93007515e-13  4.10070886e-11
  -1.75214813e-10 -1.83669770e-15  8.39535451e-16  2.29423303e-05
  -2.84185001e-06 -1.59792834e-08  9.98214034e-10]
 [ 0.00000000e+00 -1.95383128e-12 -2.28980078e-13  5.09502876e-11
  -1.75214813e-10 -1.19715638e-15  8.52944060e-16  2.41517484e-05
  -2.04721003e-06 -9.93582171e-09  1.03639949e-09]
 [ 1.26584395e-01 -8.62836652e-13 -2.43554640e-13  3.78343662e-11
  -1.93991305e-10 -1.84991378e-15  8.52944060e-16  2.29423303e-05
  -2.37194522e-06 -1.66363874e-08  9.55244092e-10]
 [-8.48441854e-01 -6.07489822e-13 -2.28980078e-13  4.68440468e-11
  -1.93070620e-10 -1.75079809e-15  8.41531563e-16  2.29423303e-05
  -1.59496737e-06 -7.55467283e-09  9.98214034e-10]
 [-2.51740399e-01 -1.45799022e-12 -1.94782992e-13  5.24329403e-11
  -2.08568075e-10 -9.81934893e-16  8.52944060e-16  2.58860029e-05
  -2.04721003e-06 -2.37944341e-08  9.65198629e-10]
 [ 0.00000000e+00 -1.29595828e-12 -1.79166304e-13  4.62010753e-11
  -1.84836463e-10 -1.83669770e-15  8.09459884e-16  2.29423303e-05
  -2.04721003e-06 -1.59792834e-08  9.98214034e-10]
 [ 6.80470884e-01 -1.27809280e-12 -2.28980078e-13  4.10504437e-11
  -2.60055539e-10 -2.50123461e-15  8.52944060e-16  1.77649427e-05
  -1.35353877e-06 -1.20956065e-08  9.98214034e-10]]
Train validation errors
[[1.07636150e+13 2.30835676e+13]
 [9.74808452e+12 2.20501823e+13]
 [2.80582590e+12 6.82185041e+12]
 [5.20501386e+13 9.34472175e+13]
 [1.63418920e+13 3.47069819e+13]
 [1.71944404e+13 2.90091066e+13]
 [6.08982714e+13 1.27758985e+14]
 [9.66069633e+12 1.67752787e+13]
 [1.35107233e+10 3.68296593e+11]
 [4.46768189e+13 9.66508177e+13]]
Selected parents:
[[-4.73944375e-01 -1.69867041e-01  0.00000000e+00  0.00000000e+00
  -2.51740399e-01  0.00000000e+00]
 [-2.29620679e-12 -1.45799022e-12 -1.45799022e-12 -1.95383128e-12
  -1.45799022e-12 -1.29595828e-12]
 [-2.28980078e-13 -1.47086637e-13 -2.38677095e-13 -2.28980078e-13
  -1.94782992e-13 -1.79166304e-13]
 [ 4.62010753e-11  4.58075460e-11  3.85588994e-11  5.09502876e-11
   5.24329403e-11  4.62010753e-11]
 [-1.75214813e-10 -1.65503089e-10 -1.93961240e-10 -1.75214813e-10
  -2.08568075e-10 -1.84836463e-10]
 [-1.74030062e-15 -2.41448588e-15 -1.15239405e-15 -1.19715638e-15
  -9.81934893e-16 -1.83669770e-15]
 [ 8.52944060e-16  8.52944060e-16  8.84590504e-16  8.52944060e-16
   8.52944060e-16  8.09459884e-16]
 [ 1.50602480e-05  1.46601185e-05  2.29423303e-05  2.41517484e-05
   2.58860029e-05  2.29423303e-05]
 [-1.54107721e-06 -1.51278818e-06 -2.04721003e-06 -2.04721003e-06
  -2.04721003e-06 -2.04721003e-06]
 [-1.59792834e-08 -1.59792834e-08 -1.34376221e-08 -9.93582171e-09
  -2.37944341e-08 -1.59792834e-08]
 [ 9.98214034e-10  9.98214034e-10  1.00614517e-09  1.03639949e-09
   9.65198629e-10  9.98214034e-10]]
After cross over and mutation:
[[ 0.00000000e+00 -1.45799022e-12 -2.38677095e-13  3.85588994e-11
  -1.93961240e-10 -1.15239405e-15  8.84590504e-16  2.29423303e-05
  -2.04721003e-06 -1.34376221e-08  1.00614517e-09]
 [ 0.00000000e+00 -1.29595828e-12 -1.79166304e-13  4.62010753e-11
  -1.84836463e-10 -1.83669770e-15  8.09459884e-16  2.29423303e-05
  -2.04721003e-06 -1.59792834e-08  9.98214034e-10]
 [ 0.00000000e+00 -1.29595828e-12 -1.79166304e-13  4.35222276e-11
  -2.14582383e-10 -2.50710826e-15  8.09459884e-16  1.50602480e-05
  -1.72297960e-06 -1.22015063e-08  9.98214034e-10]
 [-6.78268624e-01 -1.29595828e-12 -1.79166304e-13  4.62010753e-11
  -1.01982339e-10 -1.74030062e-15  8.56530105e-16  2.90334579e-05
  -2.36137370e-06 -1.59792834e-08  9.53306823e-10]
 [ 7.22388494e-01 -1.51827767e-12 -1.79166304e-13  5.09502876e-11
  -2.32253081e-10 -2.43890604e-15  8.52944060e-16  2.41517484e-05
  -2.81631030e-06 -2.03052067e-08  4.61869111e-10]
 [ 0.00000000e+00 -1.29595828e-12 -1.82423860e-13  5.09502876e-11
  -1.75214813e-10 -2.65142458e-15  8.09459884e-16  1.95543322e-05
  -2.04721003e-06 -1.11378780e-08  8.91283301e-10]
 [-4.39285794e-01 -1.29595828e-12 -2.28980078e-13  4.62010753e-11
  -1.75214813e-10 -2.32145744e-15  7.92366548e-16  2.51401159e-05
  -2.04721003e-06 -1.59792834e-08  9.14807597e-10]
 [-4.94517774e-01 -2.29620679e-12 -3.17134970e-13  4.62010753e-11
  -1.69687982e-10 -1.74030062e-15  8.04351889e-16  2.05343671e-05
  -1.54107721e-06 -1.59792834e-08  1.02725517e-09]
 [ 5.60060986e-01 -7.37514595e-13 -2.38677095e-13  4.58075460e-11
  -1.65503089e-10 -1.15239405e-15  8.84590504e-16  1.49202587e-05
  -1.34365420e-06 -1.34376221e-08  1.00614517e-09]
 [-1.69867041e-01 -9.22439710e-13 -2.38677095e-13  4.58075460e-11
  -1.65503089e-10 -1.45421613e-15  8.52944060e-16  1.42904884e-05
  -2.03853626e-06 -1.59792834e-08  9.98214034e-10]]
Population:
[[ 0.00000000e+00 -1.45799022e-12 -2.38677095e-13  3.85588994e-11
  -1.93961240e-10 -1.15239405e-15  8.84590504e-16  2.29423303e-05
  -2.04721003e-06 -1.34376221e-08  1.00614517e-09]
 [ 0.00000000e+00 -1.29595828e-12 -1.79166304e-13  4.62010753e-11
  -1.84836463e-10 -1.83669770e-15  8.09459884e-16  2.29423303e-05
  -2.04721003e-06 -1.59792834e-08  9.98214034e-10]
 [ 0.00000000e+00 -1.29595828e-12 -1.79166304e-13  4.35222276e-11
  -2.14582383e-10 -2.50710826e-15  8.09459884e-16  1.50602480e-05
  -1.72297960e-06 -1.22015063e-08  9.98214034e-10]
 [-6.78268624e-01 -1.29595828e-12 -1.79166304e-13  4.62010753e-11
  -1.01982339e-10 -1.74030062e-15  8.56530105e-16  2.90334579e-05
  -2.36137370e-06 -1.59792834e-08  9.53306823e-10]
 [ 7.22388494e-01 -1.51827767e-12 -1.79166304e-13  5.09502876e-11
  -2.32253081e-10 -2.43890604e-15  8.52944060e-16  2.41517484e-05
  -2.81631030e-06 -2.03052067e-08  4.61869111e-10]
 [ 0.00000000e+00 -1.29595828e-12 -1.82423860e-13  5.09502876e-11
  -1.75214813e-10 -2.65142458e-15  8.09459884e-16  1.95543322e-05
  -2.04721003e-06 -1.11378780e-08  8.91283301e-10]
 [-4.39285794e-01 -1.29595828e-12 -2.28980078e-13  4.62010753e-11
  -1.75214813e-10 -2.32145744e-15  7.92366548e-16  2.51401159e-05
  -2.04721003e-06 -1.59792834e-08  9.14807597e-10]
 [-4.94517774e-01 -2.29620679e-12 -3.17134970e-13  4.62010753e-11
  -1.69687982e-10 -1.74030062e-15  8.04351889e-16  2.05343671e-05
  -1.54107721e-06 -1.59792834e-08  1.02725517e-09]
 [ 5.60060986e-01 -7.37514595e-13 -2.38677095e-13  4.58075460e-11
  -1.65503089e-10 -1.15239405e-15  8.84590504e-16  1.49202587e-05
  -1.34365420e-06 -1.34376221e-08  1.00614517e-09]
 [-1.69867041e-01 -9.22439710e-13 -2.38677095e-13  4.58075460e-11
  -1.65503089e-10 -1.45421613e-15  8.52944060e-16  1.42904884e-05
  -2.03853626e-06 -1.59792834e-08  9.98214034e-10]]
Train validation errors
[[2.80582590e+12 6.82185041e+12]
 [1.35107233e+10 3.68296593e+11]
 [7.82982436e+12 1.93270789e+13]
 [7.17316497e+12 1.05502510e+13]
 [4.14672749e+14 7.65037998e+14]
 [1.65128470e+12 1.44894933e+12]
 [2.73030025e+12 3.09778003e+12]
 [2.34824884e+13 5.02333778e+13]
 [4.33734830e+13 8.74095045e+13]
 [1.87270484e+12 2.82813686e+12]]
Selected parents:
[[ 0.00000000e+00  0.00000000e+00 -6.78268624e-01  0.00000000e+00
  -4.39285794e-01 -1.69867041e-01]
 [-1.45799022e-12 -1.29595828e-12 -1.29595828e-12 -1.29595828e-12
  -1.29595828e-12 -9.22439710e-13]
 [-2.38677095e-13 -1.79166304e-13 -1.79166304e-13 -1.82423860e-13
  -2.28980078e-13 -2.38677095e-13]
 [ 3.85588994e-11  4.62010753e-11  4.62010753e-11  5.09502876e-11
   4.62010753e-11  4.58075460e-11]
 [-1.93961240e-10 -1.84836463e-10 -1.01982339e-10 -1.75214813e-10
  -1.75214813e-10 -1.65503089e-10]
 [-1.15239405e-15 -1.83669770e-15 -1.74030062e-15 -2.65142458e-15
  -2.32145744e-15 -1.45421613e-15]
 [ 8.84590504e-16  8.09459884e-16  8.56530105e-16  8.09459884e-16
   7.92366548e-16  8.52944060e-16]
 [ 2.29423303e-05  2.29423303e-05  2.90334579e-05  1.95543322e-05
   2.51401159e-05  1.42904884e-05]
 [-2.04721003e-06 -2.04721003e-06 -2.36137370e-06 -2.04721003e-06
  -2.04721003e-06 -2.03853626e-06]
 [-1.34376221e-08 -1.59792834e-08 -1.59792834e-08 -1.11378780e-08
  -1.59792834e-08 -1.59792834e-08]
 [ 1.00614517e-09  9.98214034e-10  9.53306823e-10  8.91283301e-10
   9.14807597e-10  9.98214034e-10]]
After cross over and mutation:
[[ 0.00000000e+00 -1.29595828e-12 -1.79166304e-13  4.62010753e-11
  -1.84836463e-10 -1.83669770e-15  8.09459884e-16  2.29423303e-05
  -2.04721003e-06 -1.59792834e-08  9.98214034e-10]
 [ 0.00000000e+00 -1.29595828e-12 -1.82423860e-13  5.09502876e-11
  -1.75214813e-10 -2.65142458e-15  8.09459884e-16  1.95543322e-05
  -2.04721003e-06 -1.11378780e-08  8.91283301e-10]
 [ 0.00000000e+00 -1.29595828e-12 -1.82423860e-13  5.04282358e-11
  -1.07764199e-10 -2.28644534e-15  8.09459884e-16  1.95543322e-05
  -2.61430396e-06 -1.11378780e-08  9.98214034e-10]
 [-6.02736305e-01 -1.29595828e-12 -2.45764413e-13  4.02728677e-11
  -2.65947707e-10 -1.83669770e-15  8.09459884e-16  2.74009707e-05
  -1.50428952e-06 -1.73194966e-08  8.92498387e-10]
 [ 3.43240184e-01 -1.29595828e-12 -1.79166304e-13  3.93816836e-11
  -1.65503089e-10 -1.83669770e-15  8.09459884e-16  1.88961543e-05
  -1.59211813e-06 -1.88703875e-08  1.07720016e-09]
 [-1.88001200e-01 -9.22439710e-13 -1.76447392e-13  4.58075460e-11
  -1.65503089e-10 -1.45421613e-15  8.09459884e-16  1.17428901e-05
  -2.03853626e-06 -1.01719132e-08  9.98214034e-10]
 [-4.39285794e-01 -1.29595828e-12 -2.71128996e-13  4.62010753e-11
  -2.31309688e-10 -1.83669770e-15  8.09459884e-16  2.29423303e-05
  -2.21212490e-06 -1.34117613e-08  1.02649530e-09]
 [ 0.00000000e+00 -1.29595828e-12 -1.76063284e-13  4.62010753e-11
  -2.26469284e-10 -2.32145744e-15  8.88706417e-16  2.02340460e-05
  -2.66824069e-06 -1.59792834e-08  9.01517552e-10]
 [-1.02200455e-01 -9.22439710e-13 -2.38677095e-13  4.09054061e-11
  -1.65503089e-10 -1.83669770e-15  8.52944060e-16  1.42904884e-05
  -2.04721003e-06 -1.59792834e-08  9.98214034e-10]
 [-1.69867041e-01 -1.61872540e-12 -1.79166304e-13  3.99442573e-11
  -1.26003117e-10 -1.83669770e-15  9.12040579e-16  2.29423303e-05
  -2.75737607e-06 -1.51845954e-08  1.02343909e-09]]
Population:
[[ 0.00000000e+00 -1.29595828e-12 -1.79166304e-13  4.62010753e-11
  -1.84836463e-10 -1.83669770e-15  8.09459884e-16  2.29423303e-05
  -2.04721003e-06 -1.59792834e-08  9.98214034e-10]
 [ 0.00000000e+00 -1.29595828e-12 -1.82423860e-13  5.09502876e-11
  -1.75214813e-10 -2.65142458e-15  8.09459884e-16  1.95543322e-05
  -2.04721003e-06 -1.11378780e-08  8.91283301e-10]
 [ 0.00000000e+00 -1.29595828e-12 -1.82423860e-13  5.04282358e-11
  -1.07764199e-10 -2.28644534e-15  8.09459884e-16  1.95543322e-05
  -2.61430396e-06 -1.11378780e-08  9.98214034e-10]
 [-6.02736305e-01 -1.29595828e-12 -2.45764413e-13  4.02728677e-11
  -2.65947707e-10 -1.83669770e-15  8.09459884e-16  2.74009707e-05
  -1.50428952e-06 -1.73194966e-08  8.92498387e-10]
 [ 3.43240184e-01 -1.29595828e-12 -1.79166304e-13  3.93816836e-11
  -1.65503089e-10 -1.83669770e-15  8.09459884e-16  1.88961543e-05
  -1.59211813e-06 -1.88703875e-08  1.07720016e-09]
 [-1.88001200e-01 -9.22439710e-13 -1.76447392e-13  4.58075460e-11
  -1.65503089e-10 -1.45421613e-15  8.09459884e-16  1.17428901e-05
  -2.03853626e-06 -1.01719132e-08  9.98214034e-10]
 [-4.39285794e-01 -1.29595828e-12 -2.71128996e-13  4.62010753e-11
  -2.31309688e-10 -1.83669770e-15  8.09459884e-16  2.29423303e-05
  -2.21212490e-06 -1.34117613e-08  1.02649530e-09]
 [ 0.00000000e+00 -1.29595828e-12 -1.76063284e-13  4.62010753e-11
  -2.26469284e-10 -2.32145744e-15  8.88706417e-16  2.02340460e-05
  -2.66824069e-06 -1.59792834e-08  9.01517552e-10]
 [-1.02200455e-01 -9.22439710e-13 -2.38677095e-13  4.09054061e-11
  -1.65503089e-10 -1.83669770e-15  8.52944060e-16  1.42904884e-05
  -2.04721003e-06 -1.59792834e-08  9.98214034e-10]
 [-1.69867041e-01 -1.61872540e-12 -1.79166304e-13  3.99442573e-11
  -1.26003117e-10 -1.83669770e-15  9.12040579e-16  2.29423303e-05
  -2.75737607e-06 -1.51845954e-08  1.02343909e-09]]
Train validation errors
[[1.35107233e+10 3.68296593e+11]
 [1.65128470e+12 1.44894933e+12]
 [1.55518532e+13 2.49822416e+13]
 [8.62009814e+12 2.07281735e+13]
 [1.51542146e+13 3.21464849e+13]
 [6.52119976e+11 2.21637424e+12]
 [1.50539199e+11 7.94340464e+11]
 [7.12806484e+13 1.26880686e+14]
 [2.67180003e+12 3.85257903e+12]
 [3.10775820e+13 5.45386531e+13]]
Selected parents:
[[ 0.00000000e+00  0.00000000e+00 -6.02736305e-01 -1.88001200e-01
  -4.39285794e-01 -1.02200455e-01]
 [-1.29595828e-12 -1.29595828e-12 -1.29595828e-12 -9.22439710e-13
  -1.29595828e-12 -9.22439710e-13]
 [-1.79166304e-13 -1.82423860e-13 -2.45764413e-13 -1.76447392e-13
  -2.71128996e-13 -2.38677095e-13]
 [ 4.62010753e-11  5.09502876e-11  4.02728677e-11  4.58075460e-11
   4.62010753e-11  4.09054061e-11]
 [-1.84836463e-10 -1.75214813e-10 -2.65947707e-10 -1.65503089e-10
  -2.31309688e-10 -1.65503089e-10]
 [-1.83669770e-15 -2.65142458e-15 -1.83669770e-15 -1.45421613e-15
  -1.83669770e-15 -1.83669770e-15]
 [ 8.09459884e-16  8.09459884e-16  8.09459884e-16  8.09459884e-16
   8.09459884e-16  8.52944060e-16]
 [ 2.29423303e-05  1.95543322e-05  2.74009707e-05  1.17428901e-05
   2.29423303e-05  1.42904884e-05]
 [-2.04721003e-06 -2.04721003e-06 -1.50428952e-06 -2.03853626e-06
  -2.21212490e-06 -2.04721003e-06]
 [-1.59792834e-08 -1.11378780e-08 -1.73194966e-08 -1.01719132e-08
  -1.34117613e-08 -1.59792834e-08]
 [ 9.98214034e-10  8.91283301e-10  8.92498387e-10  9.98214034e-10
   1.02649530e-09  9.98214034e-10]]
After cross over and mutation:
[[ 0.00000000e+00 -1.29595828e-12 -1.79166304e-13  4.62010753e-11
  -1.84836463e-10 -1.83669770e-15  8.09459884e-16  2.29423303e-05
  -2.04721003e-06 -1.59792834e-08  9.98214034e-10]
 [-4.39285794e-01 -1.29595828e-12 -2.71128996e-13  4.62010753e-11
  -2.31309688e-10 -1.83669770e-15  8.09459884e-16  2.29423303e-05
  -2.21212490e-06 -1.34117613e-08  1.02649530e-09]
 [-4.28285060e-01 -1.29595828e-12 -2.71128996e-13  4.01062916e-11
  -1.75327307e-10 -2.42185941e-15  8.14677686e-16  2.89349984e-05
  -1.89992289e-06 -9.32808207e-09  1.89539279e-09]
 [-1.02200455e-01 -7.17418084e-13 -3.16270397e-13  3.83341300e-11
  -9.22063770e-11 -1.83669770e-15  8.09459884e-16  2.29423303e-05
  -1.34400957e-06 -1.59792834e-08  9.98214034e-10]
 [-1.88001200e-01 -9.49670415e-13 -2.38677095e-13  4.09054061e-11
  -1.73023916e-10 -2.63615949e-15  7.63147385e-16  1.42904884e-05
  -2.25571716e-06 -7.68775103e-09  9.75916085e-10]
 [-1.35167864e-01 -9.22439710e-13 -2.38677095e-13  4.09054061e-11
  -1.06360480e-10 -1.83669770e-15  9.12889378e-16  1.19281766e-05
  -2.03853626e-06 -2.40148479e-08  9.59037083e-10]
 [-6.02736305e-01 -9.22439710e-13 -2.71139494e-13  4.09054061e-11
  -1.65503089e-10 -1.29053099e-15  8.12071280e-16  1.42904884e-05
  -1.96271758e-06 -1.73194966e-08  8.92498387e-10]
 [-1.02200455e-01 -9.22439710e-13 -1.61898144e-13  4.00466982e-11
  -2.65947707e-10 -1.32427453e-15  8.38944563e-16  1.42904884e-05
  -2.20394489e-06 -1.59792834e-08  1.02411636e-09]
 [-6.02736305e-01 -1.42954141e-12 -3.15700704e-13  4.10916258e-11
  -2.11396821e-10 -1.83669770e-15  8.09459884e-16  2.29423303e-05
  -1.58112420e-06 -1.34117613e-08  8.92498387e-10]
 [-4.39285794e-01 -2.13706308e-12 -2.45764413e-13  4.62010753e-11
  -2.35855392e-10 -1.06547574e-15  8.71966409e-16  3.18045088e-05
  -2.11526220e-06 -9.91417523e-09  8.92498387e-10]]
Population:
[[ 0.00000000e+00 -1.29595828e-12 -1.79166304e-13  4.62010753e-11
  -1.84836463e-10 -1.83669770e-15  8.09459884e-16  2.29423303e-05
  -2.04721003e-06 -1.59792834e-08  9.98214034e-10]
 [-4.39285794e-01 -1.29595828e-12 -2.71128996e-13  4.62010753e-11
  -2.31309688e-10 -1.83669770e-15  8.09459884e-16  2.29423303e-05
  -2.21212490e-06 -1.34117613e-08  1.02649530e-09]
 [-4.28285060e-01 -1.29595828e-12 -2.71128996e-13  4.01062916e-11
  -1.75327307e-10 -2.42185941e-15  8.14677686e-16  2.89349984e-05
  -1.89992289e-06 -9.32808207e-09  1.89539279e-09]
 [-1.02200455e-01 -7.17418084e-13 -3.16270397e-13  3.83341300e-11
  -9.22063770e-11 -1.83669770e-15  8.09459884e-16  2.29423303e-05
  -1.34400957e-06 -1.59792834e-08  9.98214034e-10]
 [-1.88001200e-01 -9.49670415e-13 -2.38677095e-13  4.09054061e-11
  -1.73023916e-10 -2.63615949e-15  7.63147385e-16  1.42904884e-05
  -2.25571716e-06 -7.68775103e-09  9.75916085e-10]
 [-1.35167864e-01 -9.22439710e-13 -2.38677095e-13  4.09054061e-11
  -1.06360480e-10 -1.83669770e-15  9.12889378e-16  1.19281766e-05
  -2.03853626e-06 -2.40148479e-08  9.59037083e-10]
 [-6.02736305e-01 -9.22439710e-13 -2.71139494e-13  4.09054061e-11
  -1.65503089e-10 -1.29053099e-15  8.12071280e-16  1.42904884e-05
  -1.96271758e-06 -1.73194966e-08  8.92498387e-10]
 [-1.02200455e-01 -9.22439710e-13 -1.61898144e-13  4.00466982e-11
  -2.65947707e-10 -1.32427453e-15  8.38944563e-16  1.42904884e-05
  -2.20394489e-06 -1.59792834e-08  1.02411636e-09]
 [-6.02736305e-01 -1.42954141e-12 -3.15700704e-13  4.10916258e-11
  -2.11396821e-10 -1.83669770e-15  8.09459884e-16  2.29423303e-05
  -1.58112420e-06 -1.34117613e-08  8.92498387e-10]
 [-4.39285794e-01 -2.13706308e-12 -2.45764413e-13  4.62010753e-11
  -2.35855392e-10 -1.06547574e-15  8.71966409e-16  3.18045088e-05
  -2.11526220e-06 -9.91417523e-09  8.92498387e-10]]
Train validation errors
[[1.35107233e+10 3.68296593e+11]
 [1.50539199e+11 7.94340464e+11]
 [5.80884802e+14 1.14697395e+15]
 [4.09439688e+13 8.66324575e+13]
 [7.55906724e+11 6.83233357e+11]
 [4.01922494e+13 7.11446217e+13]
 [1.14686511e+13 1.97825727e+13]
 [4.87516687e+12 8.51100824e+12]
 [9.60868893e+12 2.28542099e+13]
 [4.21213090e+12 8.45644394e+12]]
Selected parents:
[[ 0.00000000e+00 -4.39285794e-01 -1.88001200e-01 -1.02200455e-01
  -6.02736305e-01 -4.39285794e-01]
 [-1.29595828e-12 -1.29595828e-12 -9.49670415e-13 -9.22439710e-13
  -1.42954141e-12 -2.13706308e-12]
 [-1.79166304e-13 -2.71128996e-13 -2.38677095e-13 -1.61898144e-13
  -3.15700704e-13 -2.45764413e-13]
 [ 4.62010753e-11  4.62010753e-11  4.09054061e-11  4.00466982e-11
   4.10916258e-11  4.62010753e-11]
 [-1.84836463e-10 -2.31309688e-10 -1.73023916e-10 -2.65947707e-10
  -2.11396821e-10 -2.35855392e-10]
 [-1.83669770e-15 -1.83669770e-15 -2.63615949e-15 -1.32427453e-15
  -1.83669770e-15 -1.06547574e-15]
 [ 8.09459884e-16  8.09459884e-16  7.63147385e-16  8.38944563e-16
   8.09459884e-16  8.71966409e-16]
 [ 2.29423303e-05  2.29423303e-05  1.42904884e-05  1.42904884e-05
   2.29423303e-05  3.18045088e-05]
 [-2.04721003e-06 -2.21212490e-06 -2.25571716e-06 -2.20394489e-06
  -1.58112420e-06 -2.11526220e-06]
 [-1.59792834e-08 -1.34117613e-08 -7.68775103e-09 -1.59792834e-08
  -1.34117613e-08 -9.91417523e-09]
 [ 9.98214034e-10  1.02649530e-09  9.75916085e-10  1.02411636e-09
   8.92498387e-10  8.92498387e-10]]
After cross over and mutation:
[[ 0.00000000e+00 -1.29595828e-12 -1.79166304e-13  4.62010753e-11
  -1.84836463e-10 -1.83669770e-15  8.09459884e-16  2.29423303e-05
  -2.04721003e-06 -1.59792834e-08  9.98214034e-10]
 [-4.39285794e-01 -1.29595828e-12 -2.71128996e-13  4.62010753e-11
  -2.31309688e-10 -1.83669770e-15  8.09459884e-16  2.29423303e-05
  -2.21212490e-06 -1.34117613e-08  1.02649530e-09]
 [-5.16728511e-01 -7.02152453e-13 -2.71128996e-13  4.62010753e-11
  -1.84836463e-10 -2.44298207e-15  8.18043550e-16  2.29423303e-05
  -2.04721003e-06 -2.38739728e-08  7.07476136e-10]
 [ 7.68723217e-01 -1.85938426e-12 -3.16024065e-13  4.58268352e-11
  -2.31309688e-10 -1.61961459e-15  8.09459884e-16  2.29423303e-05
  -2.04721003e-06 -9.11643453e-09  1.61576687e-09]
 [-3.64639192e-01 -2.22217455e-12 -2.45764413e-13  4.66108009e-11
  -2.31309688e-10 -1.06547574e-15  8.09459884e-16  2.79862515e-05
  -2.11526220e-06 -9.95401240e-09  8.92498387e-10]
 [-4.39285794e-01 -1.98812199e-12 -2.71128996e-13  4.62010753e-11
  -2.77323744e-10 -1.06547574e-15  8.09459884e-16  1.82538071e-05
  -2.21212490e-06 -1.39371977e-08  1.02649530e-09]
 [ 7.04700643e-01 -1.29595828e-12 -2.03461094e-13  4.62010753e-11
  -9.72828372e-11 -1.83669770e-15  8.09459884e-16  2.29423303e-05
  -1.64539545e-06 -9.91417523e-09  8.92498387e-10]
 [-2.65697067e-01 -1.68185346e-12 -2.93750737e-13  4.62010753e-11
  -1.81453155e-10 -2.20598496e-15  8.09459884e-16  2.29425504e-05
  -2.11526220e-06 -1.52653992e-08  8.44897141e-10]
 [ 0.00000000e+00 -1.64079460e-12 -1.69744293e-13  4.48188617e-11
  -2.41689930e-10 -2.03144512e-15  7.33041233e-16  2.34441849e-05
  -2.21212490e-06 -1.59792834e-08  9.53168180e-10]
 [ 1.62978110e-01 -1.51772152e-12 -2.02293478e-13  4.11239274e-11
  -1.59194862e-10 -1.83669770e-15  7.23189431e-16  2.53131172e-05
  -2.80235308e-06 -2.29745202e-08  6.97154247e-10]]
Population:
[[ 0.00000000e+00 -1.29595828e-12 -1.79166304e-13  4.62010753e-11
  -1.84836463e-10 -1.83669770e-15  8.09459884e-16  2.29423303e-05
  -2.04721003e-06 -1.59792834e-08  9.98214034e-10]
 [-4.39285794e-01 -1.29595828e-12 -2.71128996e-13  4.62010753e-11
  -2.31309688e-10 -1.83669770e-15  8.09459884e-16  2.29423303e-05
  -2.21212490e-06 -1.34117613e-08  1.02649530e-09]
 [-5.16728511e-01 -7.02152453e-13 -2.71128996e-13  4.62010753e-11
  -1.84836463e-10 -2.44298207e-15  8.18043550e-16  2.29423303e-05
  -2.04721003e-06 -2.38739728e-08  7.07476136e-10]
 [ 7.68723217e-01 -1.85938426e-12 -3.16024065e-13  4.58268352e-11
  -2.31309688e-10 -1.61961459e-15  8.09459884e-16  2.29423303e-05
  -2.04721003e-06 -9.11643453e-09  1.61576687e-09]
 [-3.64639192e-01 -2.22217455e-12 -2.45764413e-13  4.66108009e-11
  -2.31309688e-10 -1.06547574e-15  8.09459884e-16  2.79862515e-05
  -2.11526220e-06 -9.95401240e-09  8.92498387e-10]
 [-4.39285794e-01 -1.98812199e-12 -2.71128996e-13  4.62010753e-11
  -2.77323744e-10 -1.06547574e-15  8.09459884e-16  1.82538071e-05
  -2.21212490e-06 -1.39371977e-08  1.02649530e-09]
 [ 7.04700643e-01 -1.29595828e-12 -2.03461094e-13  4.62010753e-11
  -9.72828372e-11 -1.83669770e-15  8.09459884e-16  2.29423303e-05
  -1.64539545e-06 -9.91417523e-09  8.92498387e-10]
 [-2.65697067e-01 -1.68185346e-12 -2.93750737e-13  4.62010753e-11
  -1.81453155e-10 -2.20598496e-15  8.09459884e-16  2.29425504e-05
  -2.11526220e-06 -1.52653992e-08  8.44897141e-10]
 [ 0.00000000e+00 -1.64079460e-12 -1.69744293e-13  4.48188617e-11
  -2.41689930e-10 -2.03144512e-15  7.33041233e-16  2.34441849e-05
  -2.21212490e-06 -1.59792834e-08  9.53168180e-10]
 [ 1.62978110e-01 -1.51772152e-12 -2.02293478e-13  4.11239274e-11
  -1.59194862e-10 -1.83669770e-15  7.23189431e-16  2.53131172e-05
  -2.80235308e-06 -2.29745202e-08  6.97154247e-10]]
Train validation errors
[[1.35107233e+10 3.68296593e+11]
 [1.50539199e+11 7.94340464e+11]
 [9.89999117e+13 1.75231530e+14]
 [2.64129490e+14 5.20271247e+14]
 [1.83164078e+12 3.60576515e+12]
 [3.13900514e+11 7.22140880e+11]
 [1.62596645e+13 3.71181667e+13]
 [1.42467164e+13 2.22839113e+13]
 [6.08636134e+12 9.00394773e+12]
 [2.50814717e+14 4.65979623e+14]]
Selected parents:
[[ 0.00000000e+00 -4.39285794e-01 -3.64639192e-01 -4.39285794e-01
  -2.65697067e-01  0.00000000e+00]
 [-1.29595828e-12 -1.29595828e-12 -2.22217455e-12 -1.98812199e-12
  -1.68185346e-12 -1.64079460e-12]
 [-1.79166304e-13 -2.71128996e-13 -2.45764413e-13 -2.71128996e-13
  -2.93750737e-13 -1.69744293e-13]
 [ 4.62010753e-11  4.62010753e-11  4.66108009e-11  4.62010753e-11
   4.62010753e-11  4.48188617e-11]
 [-1.84836463e-10 -2.31309688e-10 -2.31309688e-10 -2.77323744e-10
  -1.81453155e-10 -2.41689930e-10]
 [-1.83669770e-15 -1.83669770e-15 -1.06547574e-15 -1.06547574e-15
  -2.20598496e-15 -2.03144512e-15]
 [ 8.09459884e-16  8.09459884e-16  8.09459884e-16  8.09459884e-16
   8.09459884e-16  7.33041233e-16]
 [ 2.29423303e-05  2.29423303e-05  2.79862515e-05  1.82538071e-05
   2.29425504e-05  2.34441849e-05]
 [-2.04721003e-06 -2.21212490e-06 -2.11526220e-06 -2.21212490e-06
  -2.11526220e-06 -2.21212490e-06]
 [-1.59792834e-08 -1.34117613e-08 -9.95401240e-09 -1.39371977e-08
  -1.52653992e-08 -1.59792834e-08]
 [ 9.98214034e-10  1.02649530e-09  8.92498387e-10  1.02649530e-09
   8.44897141e-10  9.53168180e-10]]
After cross over and mutation:
[[ 0.00000000e+00 -1.29595828e-12 -1.79166304e-13  4.62010753e-11
  -1.84836463e-10 -1.83669770e-15  8.09459884e-16  2.29423303e-05
  -2.04721003e-06 -1.59792834e-08  9.98214034e-10]
 [-4.39285794e-01 -1.29595828e-12 -2.71128996e-13  4.62010753e-11
  -2.31309688e-10 -1.83669770e-15  8.09459884e-16  2.29423303e-05
  -2.21212490e-06 -1.34117613e-08  1.02649530e-09]
 [-4.39285794e-01 -1.98812199e-12 -2.07000093e-13  4.97549193e-11
  -3.11211837e-10 -1.06547574e-15  8.09459884e-16  1.82538071e-05
  -2.73913865e-06 -1.34511398e-08  1.02649530e-09]
 [-5.16024024e-01 -1.29595828e-12 -2.62209742e-13  4.62010753e-11
  -2.31309688e-10 -1.06547574e-15  8.62716731e-16  9.96818748e-06
  -2.21212490e-06 -1.34117613e-08  1.69238396e-09]
 [-4.39285794e-01 -1.98812199e-12 -2.71128996e-13  4.62010753e-11
  -2.77323744e-10 -1.11333634e-15  7.78749114e-16  2.09252640e-05
  -2.87925436e-06 -1.41236237e-08  8.59029388e-10]
 [-3.64639192e-01 -2.22217455e-12 -1.89643002e-13  4.55181437e-11
  -2.22113661e-10 -1.24114377e-15  8.09459884e-16  2.77725311e-05
  -2.11526220e-06 -1.06867404e-08  8.92498387e-10]
 [-3.64639192e-01 -1.29595828e-12 -1.79166304e-13  4.62010753e-11
  -2.31309688e-10 -5.62545590e-16  7.50358680e-16  2.79862515e-05
  -2.11526220e-06 -9.40163183e-09  9.98214034e-10]
 [ 0.00000000e+00 -2.44695798e-12 -1.79166304e-13  5.29446230e-11
  -3.17481267e-10 -1.62480984e-15  8.09459884e-16  1.50935490e-05
  -1.33895842e-06 -1.59792834e-08  9.34103201e-10]
 [-4.14818171e-01 -1.29595828e-12 -1.79166304e-13  5.24219160e-11
  -1.23269199e-10 -1.83669770e-15  8.09459884e-16  2.81674412e-05
  -2.99772490e-06 -1.35794989e-08  1.01988809e-09]
 [-4.39285794e-01 -6.60537369e-13 -1.79166304e-13  4.62010753e-11
  -2.08749211e-10 -1.28016326e-15  8.09459884e-16  2.29423303e-05
  -2.21212490e-06 -1.34117613e-08  1.01514122e-09]]Best offspring gen errors:
[[1.35107233e+10 3.68296593e+11]
 [1.35107233e+10 3.68296593e+11]
 [1.35107233e+10 3.68296593e+11]
 [1.35107233e+10 3.68296593e+11]
 [1.35107233e+10 3.68296593e+11]]