Run 4 of 25th feb is continued, we started with the final parameters of previous run i.e. run4 and simulated x more generations where x =
2
No of generations: 2
Population size: 16
Mutation coefficient: 0.15
Split point: 7
One offspring per pair
Population:
[[-8.74485669e+00 -8.74485669e+00  3.46038957e+00 -8.74485669e+00
  -8.74485669e+00 -8.74485669e+00 -8.74485669e+00  3.46038957e+00
   2.64597373e+00 -8.74485669e+00 -8.74485669e+00 -5.80001796e+00
   0.00000000e+00 -8.74485669e+00 -8.74485669e+00 -8.74485669e+00]
 [-4.15640563e+00  1.31295706e+00  1.31295706e+00  1.31295706e+00
   1.31295706e+00  1.31295706e+00 -3.59864267e+00  1.31295706e+00
   5.19044719e-01  1.31295706e+00  1.31295706e+00  1.31295706e+00
   5.56594346e+00  6.26560671e+00  1.31295706e+00  1.31295706e+00]
 [-3.60174890e+00 -2.28980078e-13 -5.55743653e-01 -2.28980078e-13
  -4.17747591e+00 -3.60174890e+00 -2.28980078e-13 -5.55743653e-01
   4.64650455e+00 -9.31067115e+00 -4.17747591e+00 -2.28980078e-13
  -1.20066499e+00  8.71572476e+00 -3.60174890e+00 -3.60174890e+00]
 [ 1.38148450e+00  4.62010753e-11  4.62010753e-11  4.62010753e-11
  -7.90766168e+00  1.38148450e+00  4.62010753e-11  4.62010753e-11
   5.03431610e+00  4.62010753e-11 -7.90766168e+00  4.62010753e-11
   4.39337049e-01  5.05709547e+00  1.38148450e+00 -8.79295153e+00]
 [-1.88546788e+00 -8.00473915e+00 -1.91158459e+00 -4.31290135e+00
  -8.00473915e+00  9.78825473e+00 -7.42246836e+00 -1.91158459e+00
   7.35199847e-01 -8.00473915e+00 -8.00473915e+00 -4.31290135e+00
  -4.52779373e+00 -3.21893316e+00 -1.88546788e+00 -1.88546788e+00]
 [-3.64414913e+00 -5.70986042e-01 -1.83669770e-15 -1.83669770e-15
  -1.83669770e-15 -1.83669770e-15 -1.83669770e-15 -1.83669770e-15
  -1.83669770e-15 -1.83669770e-15 -1.83669770e-15 -1.83669770e-15
  -1.83669770e-15 -1.83669770e-15 -1.83669770e-15  9.70093900e+00]
 [ 2.53774343e+00 -4.74660004e-01 -7.63700468e+00 -4.74660004e-01
  -4.74660004e-01  3.98864643e+00  1.22647537e+00 -1.27893349e+00
   2.43517766e+00 -4.74660004e-01 -7.90185971e+00 -4.74660004e-01
   8.52944060e-16  2.46045238e-01  4.07946554e+00  3.98864643e+00]
 [ 1.04351481e+00 -6.60139427e+00 -9.13226576e+00  1.04351481e+00
  -4.44403468e+00 -2.38232136e+00  1.04351481e+00 -9.13226576e+00
   1.04351481e+00  8.40433643e-01 -9.13226576e+00  1.04351481e+00
  -9.13226576e+00 -9.13226576e+00 -9.13226576e+00 -9.13226576e+00]
 [-2.72563201e+00  9.58159542e+00 -8.88877955e+00  7.05325044e+00
   1.03670286e+00 -8.88877955e+00 -8.88877955e+00  6.21293629e+00
  -8.88877955e+00  6.75272245e+00 -8.88877955e+00 -8.88877955e+00
  -8.88877955e+00 -8.88877955e+00 -3.36635965e+00 -8.88877955e+00]
 [-8.26738089e+00 -8.26738089e+00 -8.26738089e+00 -8.26738089e+00
  -8.26738089e+00 -6.08722812e+00 -8.26738089e+00 -8.26738089e+00
  -8.26738089e+00 -8.26738089e+00 -8.26738089e+00 -8.26738089e+00
  -8.26738089e+00  7.93598041e+00 -8.26738089e+00 -8.26738089e+00]
 [-4.64762473e+00  2.31606693e-01  2.31606693e-01  2.31606693e-01
   2.31606693e-01 -1.34859912e-02  2.31606693e-01  2.31606693e-01
   2.31606693e-01  2.31606693e-01  2.31606693e-01 -1.34859912e-02
   2.31606693e-01  2.31606693e-01  2.31606693e-01  3.33848194e+00]]
Train validation errors
[[4.8690563581520116e+42, 4.9549266609380245e+42], [1.1952627215111388e+41, 1.2163041880808578e+41], [2.1291419793832513e+30, 2.748715122217021e+30], [2.5352511509345713e+30, 3.456719130403318e+30], [2.3762204283391557e+30, 3.178184206548701e+30], [9.211304580056081e+30, 1.771880963337002e+31], [2.1331856997136181e+30, 2.757404182148302e+30], [2.5084653978783227e+30, 3.4081103630154376e+30], [2.1331857402889873e+30, 2.757404244922319e+30], [2.5271923639850755e+30, 3.442588736910847e+30], [2.1291419488952326e+30, 2.7487150747586946e+30], [1.5932902515442984e+31, 3.06266923141431e+31], [2.1291419664956704e+30, 2.748715102446303e+30], [6.889527181047885e+31, 1.3215287419779517e+32], [2.2634850667392176e+30, 2.981374308303803e+30], [3.45026411265897e+43, 3.5110361722388014e+43]]
Population:
[[ 3.46038957e+00  9.72667176e+00 -8.74485669e+00  3.46038957e+00
  -8.74485669e+00 -8.74485669e+00 -8.74485669e+00  0.00000000e+00
   3.46038957e+00 -6.61726765e+00 -5.80001796e+00  2.64597373e+00
  -8.74485669e+00 -8.74485669e+00  0.00000000e+00 -8.74485669e+00]
 [ 1.31295706e+00  1.31295706e+00  4.50931369e+00  1.31295706e+00
   1.31295706e+00  1.31295706e+00  1.31295706e+00  5.56594346e+00
   1.31295706e+00  1.31295706e+00  9.22613994e+00  5.19044719e-01
   1.31295706e+00  1.31295706e+00  5.56594346e+00 -3.59864267e+00]
 [-5.55743653e-01 -4.17747591e+00 -7.86082958e-01 -5.55743653e-01
  -3.60174890e+00 -3.60174890e+00 -2.28980078e-13 -1.20066499e+00
  -5.55743653e-01 -9.04192680e+00 -2.28980078e-13  4.64650455e+00
  -2.28980078e-13 -4.17747591e+00 -1.20066499e+00 -2.28980078e-13]
 [ 4.62010753e-11  1.31367627e+00 -7.90766168e+00  4.62010753e-11
   1.38148450e+00  1.38148450e+00  4.62010753e-11  4.39337049e-01
   4.62010753e-11  4.62010753e-11  4.62010753e-11  9.42376367e+00
   4.62010753e-11 -7.90766168e+00  4.39337049e-01  4.62010753e-11]
 [-1.91158459e+00  1.38711103e+00 -8.00473915e+00 -1.91158459e+00
   9.78825473e+00 -1.88546788e+00 -4.31290135e+00 -4.52779373e+00
  -1.91158459e+00 -4.31290135e+00 -4.31290135e+00  7.49099302e+00
   5.44707323e+00 -8.00473915e+00 -4.52779373e+00 -7.42246836e+00]
 [-1.83669770e-15 -1.83669770e-15 -1.83669770e-15 -1.83669770e-15
  -1.83669770e-15 -1.83669770e-15 -1.83669770e-15 -1.83669770e-15
  -1.83669770e-15 -5.57147756e+00 -1.83669770e-15 -1.83669770e-15
  -5.70986042e-01 -1.83669770e-15 -4.43670024e+00 -1.83669770e-15]
 [-7.63700468e+00 -4.74660004e-01 -4.74660004e-01 -1.27893349e+00
  -8.29634412e+00 -1.14499322e+00 -4.74660004e-01  8.52944060e-16
  -7.63700468e+00 -4.74660004e-01 -4.74660004e-01  2.43517766e+00
  -6.19679306e-01 -4.74660004e-01  8.52944060e-16  3.89121487e+00]
 [-4.44403468e+00  3.78539345e+00 -9.13226576e+00 -4.44403468e+00
  -9.13226576e+00 -2.38232136e+00 -9.13226576e+00  1.04351481e+00
   1.04351481e+00 -9.13226576e+00  1.04351481e+00  1.04351481e+00
  -4.44403468e+00 -6.60139427e+00  1.04351481e+00  6.90345244e+00]
 [ 1.03670286e+00 -8.88877955e+00  6.21293629e+00  2.79157591e+00
  -3.36635965e+00 -8.88877955e+00 -8.88877955e+00  7.05325044e+00
   7.05325044e+00 -8.88877955e+00 -8.88877955e+00 -8.88877955e+00
   1.03670286e+00  9.58159542e+00 -8.88877955e+00 -8.88877955e+00]
 [-8.26738089e+00 -8.26738089e+00 -8.26738089e+00  9.23987186e+00
  -8.26738089e+00 -6.08722812e+00 -8.26738089e+00 -8.26738089e+00
  -8.13177461e-01 -8.26738089e+00 -8.26738089e+00 -8.26738089e+00
  -8.26738089e+00 -8.26738089e+00 -8.26738089e+00 -1.87256140e+00]
 [ 2.31606693e-01  2.31606693e-01  2.31606693e-01  2.31606693e-01
   2.31606693e-01 -1.34859912e-02  2.31606693e-01  2.31606693e-01
   2.31606693e-01  2.31606693e-01 -8.62247799e+00 -1.34859912e-02
   2.31606693e-01  2.31606693e-01  2.31606693e-01  2.31606693e-01]]
Train validation errors
[[2.3762204607916496e+30, 3.1781842578731183e+30], [2.1342766027654359e+30, 2.7597480140892095e+30], [2.5084653644360513e+30, 3.408110309745634e+30], [8.0558600901079785e+31, 1.5468480409677627e+32], [2.2634851263679558e+30, 2.9813744007930405e+30], [9.211304692031004e+30, 1.7718809869900485e+31], [2.1291419675358296e+30, 2.7487151040102903e+30], [2.5352511497892443e+30, 3.4567191286342235e+30], [2.1604026049010565e+31, 4.072554639330036e+31], [1.1380364396924144e+43, 1.1580730222387283e+43], [3.50944756751118e+34, 6.645674674855985e+34], [1.593290236425749e+31, 3.062669199432704e+31], [1.1952631912793074e+41, 1.2163048394771429e+41], [2.5993745644355476e+30, 3.567631749009196e+30], [7.216647529476406e+42, 7.343705405258983e+42], [1.6405035768477305e+31, 3.067430570624745e+31]]
