Fitness funtion: -1 * (train_validation_error[:, 1] + train_validation_error[:, 0])
Initialed with the best that we have until now
Starting all over again with new root population
No of generations: 10
Population size: 10
Mutation coefficient: 0.2
Split point: 7
Two offspring per pair
Population:
[[ 0.00000000e+00  0.00000000e+00  0.00000000e+00  7.91893761e+00
   0.00000000e+00  0.00000000e+00  0.00000000e+00  0.00000000e+00
  -2.81662561e+00  4.55834369e+00]
 [ 6.72356739e+00 -1.45799022e-12 -1.45799022e-12 -1.45799022e-12
  -1.45799022e-12 -1.45799022e-12 -1.45799022e-12 -1.45799022e-12
  -1.45799022e-12 -1.45799022e-12]
 [-2.28980078e-13 -2.28980078e-13 -2.28980078e-13 -2.28980078e-13
  -2.28980078e-13  7.06905536e+00 -2.28980078e-13 -2.28980078e-13
  -2.28980078e-13 -2.28980078e-13]
 [ 4.62010753e-11  4.62010753e-11  4.62010753e-11  4.62010753e-11
  -9.13971461e+00  4.62010753e-11  6.52503320e+00  4.62010753e-11
   4.62010753e-11  4.62010753e-11]
 [-1.75214813e-10 -1.75214813e-10  9.89488199e+00 -1.75214813e-10
  -2.51109439e+00 -1.75214813e-10 -1.75214813e-10 -1.75214813e-10
  -4.04986946e+00 -7.81565890e+00]
 [-2.90092340e+00 -3.22371977e+00 -1.83669770e-15 -1.83669770e-15
  -1.83669770e-15 -1.83669770e-15 -2.17515201e+00 -1.83669770e-15
  -1.83669770e-15 -1.83669770e-15]
 [ 8.52944060e-16  8.52944060e-16  8.52944060e-16  8.52944060e-16
   8.52944060e-16  8.52944060e-16 -4.76859856e+00  8.52944060e-16
   8.52944060e-16  8.52944060e-16]
 [ 2.29423303e-05  2.29423303e-05  2.29423303e-05  2.29423303e-05
   2.29423303e-05  2.29423303e-05  2.29423303e-05  2.29423303e-05
   2.29423303e-05  2.29423303e-05]
 [-2.04721003e-06 -2.04721003e-06 -2.04721003e-06 -2.04721003e-06
  -2.04721003e-06 -2.04721003e-06 -2.04721003e-06 -2.04721003e-06
  -3.13397995e+00 -2.04721003e-06]
 [-1.59792834e-08 -1.59792834e-08 -1.59792834e-08 -1.59792834e-08
   9.85120995e+00 -1.59792834e-08 -1.59792834e-08 -1.59792834e-08
  -1.59792834e-08 -6.42815081e+00]
 [ 3.29062901e+00  7.27646898e+00 -4.55809812e+00  9.98214034e-10
   9.98214034e-10  9.98214034e-10  9.98214034e-10  9.98214034e-10
   9.98214034e-10  9.98214034e-10]]
Train validation errors
[[3.085010315290847e+42, 3.139248690023344e+42], [3.809494755300269e+42, 3.876375336339831e+42], [9.429092662430161e+33, 1.783866813992585e+34], [13511045453.688366, 368297969226.01], [1.8717006870102248e+31, 3.588203526996395e+31], [13938536602.439798, 371887731513.8053], [1.734582356844224e+42, 1.7651222686597898e+42], [13510723304.19212, 368296592820.6967], [8.110784450396429e+26, 1.572492380618568e+27], [7.969468617529744e+30, 1.5278124127747758e+31]]
Selected parents:
[[ 7.91893761e+00 -1.45799022e-12 -2.28980078e-13  4.62010753e-11
  -1.75214813e-10 -1.83669770e-15  8.52944060e-16  2.29423303e-05
  -2.04721003e-06 -1.59792834e-08  9.98214034e-10]
 [ 0.00000000e+00 -1.45799022e-12 -2.28980078e-13 -9.13971461e+00
  -2.51109439e+00 -1.83669770e-15  8.52944060e-16  2.29423303e-05
  -2.04721003e-06  9.85120995e+00  9.98214034e-10]
 [ 0.00000000e+00 -1.45799022e-12  7.06905536e+00  4.62010753e-11
  -1.75214813e-10 -1.83669770e-15  8.52944060e-16  2.29423303e-05
  -2.04721003e-06 -1.59792834e-08  9.98214034e-10]
 [ 0.00000000e+00 -1.45799022e-12 -2.28980078e-13  4.62010753e-11
  -1.75214813e-10 -1.83669770e-15  8.52944060e-16  2.29423303e-05
  -2.04721003e-06 -1.59792834e-08  9.98214034e-10]
 [-2.81662561e+00 -1.45799022e-12 -2.28980078e-13  4.62010753e-11
  -4.04986946e+00 -1.83669770e-15  8.52944060e-16  2.29423303e-05
  -3.13397995e+00 -1.59792834e-08  9.98214034e-10]
 [ 4.55834369e+00 -1.45799022e-12 -2.28980078e-13  4.62010753e-11
  -7.81565890e+00 -1.83669770e-15  8.52944060e-16  2.29423303e-05
  -2.04721003e-06 -6.42815081e+00  9.98214034e-10]]