Fitness funtion: -1 * (train_validation_error[:, 1] + train_validation_error[:, 0])
Initialed with the best that we have until now
Starting all over again with new root population
No of generations: 10
Population size: 10
Mutation coefficient: 0.2
Split point: 7
Two offspring per pair
Population:
[[ 0.00000000e+00  0.00000000e+00 -1.36311445e+00 -6.02040069e+00
   0.00000000e+00  0.00000000e+00  0.00000000e+00  6.85229791e+00
   0.00000000e+00 -7.51244645e+00]
 [-1.45799022e-12 -1.45799022e-12 -1.45799022e-12 -1.45799022e-12
  -1.45799022e-12 -1.45799022e-12 -1.45799022e-12 -1.45799022e-12
  -1.45799022e-12 -1.45799022e-12]
 [-2.28980078e-13 -2.28980078e-13 -2.28980078e-13 -2.28980078e-13
  -2.28980078e-13 -2.28980078e-13 -2.28980078e-13 -2.28980078e-13
  -2.28980078e-13 -2.28980078e-13]
 [ 6.18556967e+00  4.62010753e-11  4.62010753e-11  4.62010753e-11
   4.62010753e-11  4.62010753e-11  4.62010753e-11  6.47892622e+00
   8.45913620e+00  4.62010753e-11]
 [-8.25031713e+00 -1.75214813e-10 -1.75214813e-10 -1.75214813e-10
  -1.75214813e-10 -1.75214813e-10 -1.93362230e+00 -1.75214813e-10
  -1.75214813e-10 -1.75214813e-10]
 [-1.83669770e-15 -1.83669770e-15 -1.83669770e-15 -1.83669770e-15
  -1.83669770e-15 -1.83669770e-15 -1.83669770e-15 -1.83669770e-15
  -1.83669770e-15 -1.83669770e-15]
 [ 8.52944060e-16  8.52944060e-16  8.52944060e-16  8.52944060e-16
   8.52944060e-16  8.52944060e-16  8.52944060e-16  8.52944060e-16
   8.52944060e-16 -5.88469495e+00]
 [ 2.29423303e-05  2.29423303e-05  2.29423303e-05  2.29423303e-05
   2.29423303e-05  2.29423303e-05  2.29423303e-05  8.98711517e+00
   2.29423303e-05  2.29423303e-05]
 [-2.04721003e-06 -2.04721003e-06 -2.04721003e-06 -2.04721003e-06
  -2.04721003e-06 -2.04721003e-06 -2.04721003e-06 -2.04721003e-06
  -2.04721003e-06 -2.04721003e-06]
 [-1.59792834e-08 -1.59792834e-08 -1.59792834e-08 -1.59792834e-08
  -1.59792834e-08 -1.59792834e-08 -1.59792834e-08 -8.75454849e+00
  -1.59792834e-08 -1.59792834e-08]
 [ 9.98214034e-10  9.98214034e-10 -9.02541928e-02  9.98214034e-10
   1.28439828e-01  9.98214034e-10  9.98214034e-10  9.98214034e-10
  -5.94337631e+00  9.98214034e-10]]
Train validation errors
[[222661183707902.88, 404474287867370.5], [13510723304.19212, 368296592820.6967], [3.69689696085484e+30, 6.994068292014876e+30], [13510478472.803852, 368295546487.5468], [7.486899281919624e+30, 1.4164280329003817e+31], [13510723304.19212, 368296592820.6967], [12436203734349.594, 21124022309711.074], [1.4768721127669518e+31, 2.8312566417235294e+31], [1.6031310325716446e+34, 3.0329241104137655e+34], [13510288929.483498, 368296014261.3109]]
Selected parents:
[[ 0.00000000e+00 -1.45799022e-12 -2.28980078e-13  6.18556967e+00
  -8.25031713e+00 -1.83669770e-15  8.52944060e-16  2.29423303e-05
  -2.04721003e-06 -1.59792834e-08  9.98214034e-10]
 [ 0.00000000e+00 -1.45799022e-12 -2.28980078e-13  4.62010753e-11
  -1.75214813e-10 -1.83669770e-15  8.52944060e-16  2.29423303e-05
  -2.04721003e-06 -1.59792834e-08  9.98214034e-10]
 [-6.02040069e+00 -1.45799022e-12 -2.28980078e-13  4.62010753e-11
  -1.75214813e-10 -1.83669770e-15  8.52944060e-16  2.29423303e-05
  -2.04721003e-06 -1.59792834e-08  9.98214034e-10]
 [ 0.00000000e+00 -1.45799022e-12 -2.28980078e-13  4.62010753e-11
  -1.75214813e-10 -1.83669770e-15  8.52944060e-16  2.29423303e-05
  -2.04721003e-06 -1.59792834e-08  9.98214034e-10]
 [ 0.00000000e+00 -1.45799022e-12 -2.28980078e-13  4.62010753e-11
  -1.93362230e+00 -1.83669770e-15  8.52944060e-16  2.29423303e-05
  -2.04721003e-06 -1.59792834e-08  9.98214034e-10]
 [-7.51244645e+00 -1.45799022e-12 -2.28980078e-13  4.62010753e-11
  -1.75214813e-10 -1.83669770e-15 -5.88469495e+00  2.29423303e-05
  -2.04721003e-06 -1.59792834e-08  9.98214034e-10]]Population:
[[ 0.00000000e+00  0.00000000e+00  4.56585092e+00  0.00000000e+00
   6.39730200e+00 -6.02040069e+00  0.00000000e+00  2.36596953e+00
   0.00000000e+00  0.00000000e+00]
 [-1.45799022e-12 -1.45799022e-12 -1.45799022e-12  4.23987007e+00
  -7.38227656e+00 -1.45799022e-12 -1.45799022e-12 -7.91499682e+00
   8.13349423e+00 -1.45799022e-12]
 [-2.28980078e-13 -2.28980078e-13 -6.68539836e+00 -2.28980078e-13
  -2.28980078e-13  7.58350693e+00 -2.28980078e-13 -2.28980078e-13
   3.83867322e+00 -2.28980078e-13]
 [ 4.62010753e-11  4.62010753e-11  4.62010753e-11  4.62010753e-11
   4.62010753e-11  4.62010753e-11  4.62010753e-11  4.62010753e-11
  -7.65709325e+00  4.62010753e-11]
 [-1.75214813e-10 -1.75214813e-10 -1.75214813e-10 -1.75214813e-10
  -1.75214813e-10 -1.75214813e-10 -1.75214813e-10 -1.93362230e+00
  -1.75214813e-10 -1.93362230e+00]
 [-1.83669770e-15 -1.83669770e-15  4.14312225e+00 -4.77493858e+00
  -7.96754539e+00 -1.83669770e-15 -2.35620801e+00 -1.83669770e-15
  -1.83669770e-15 -1.83669770e-15]
 [ 8.52944060e-16  8.52944060e-16  8.52944060e-16  8.52944060e-16
   8.92792725e+00  8.52944060e-16 -5.92576105e+00  8.52944060e-16
   2.59680065e+00 -3.68279292e+00]
 [ 2.29423303e-05  2.29423303e-05  8.02758959e+00  1.53404291e+00
   2.29423303e-05  4.53906661e+00 -3.21276913e+00  2.29423303e-05
   2.29423303e-05  2.29423303e-05]
 [-2.04721003e-06 -2.04721003e-06 -2.04721003e-06 -2.04721003e-06
  -2.04721003e-06 -2.04721003e-06 -3.71258788e+00 -8.11573426e-01
  -2.04721003e-06 -2.04721003e-06]
 [-1.59792834e-08 -1.59792834e-08 -1.59792834e-08 -1.59792834e-08
  -1.59792834e-08  6.69770465e+00  1.89343797e+00 -1.59792834e-08
  -1.59792834e-08 -3.29098872e+00]
 [ 9.98214034e-10  9.98214034e-10  9.98214034e-10  9.98214034e-10
  -6.48863362e+00  9.98214034e-10 -5.39400983e+00  9.98214034e-10
   9.98214034e-10 -7.51439805e+00]]
Train validation errors
[[13510723304.19212, 368296592820.6967], [13510723304.19212, 368296592820.6967], [6.293195089141051e+42, 6.403996185792482e+42], [8.358941326502811e+42, 8.50611296642316e+42], [2.32748814863598e+43, 2.368509211108803e+43], [8.656876826106935e+30, 1.6596050870505425e+31], [2.0356649204449445e+42, 2.071608760462623e+42], [5.439069690145381e+25, 1.0545090002709078e+26], [112135393580.5914, 334192847176.0018], [2.60829838635584e+34, 4.9367054856795625e+34]]
Selected parents:
[[ 0.00000000e+00 -1.45799022e-12 -2.28980078e-13  4.62010753e-11
  -1.75214813e-10 -1.83669770e-15  8.52944060e-16  2.29423303e-05
  -2.04721003e-06 -1.59792834e-08  9.98214034e-10]
 [ 0.00000000e+00 -1.45799022e-12 -2.28980078e-13  4.62010753e-11
  -1.75214813e-10 -1.83669770e-15  8.52944060e-16  2.29423303e-05
  -2.04721003e-06 -1.59792834e-08  9.98214034e-10]
 [-6.02040069e+00 -1.45799022e-12  7.58350693e+00  4.62010753e-11
  -1.75214813e-10 -1.83669770e-15  8.52944060e-16  4.53906661e+00
  -2.04721003e-06  6.69770465e+00  9.98214034e-10]
 [ 2.36596953e+00 -7.91499682e+00 -2.28980078e-13  4.62010753e-11
  -1.93362230e+00 -1.83669770e-15  8.52944060e-16  2.29423303e-05
  -8.11573426e-01 -1.59792834e-08  9.98214034e-10]
 [ 0.00000000e+00  8.13349423e+00  3.83867322e+00 -7.65709325e+00
  -1.75214813e-10 -1.83669770e-15  2.59680065e+00  2.29423303e-05
  -2.04721003e-06 -1.59792834e-08  9.98214034e-10]
 [ 0.00000000e+00 -1.45799022e-12 -2.28980078e-13  4.62010753e-11
  -1.93362230e+00 -1.83669770e-15 -3.68279292e+00  2.29423303e-05
  -2.04721003e-06 -3.29098872e+00 -7.51439805e+00]]Population:
[[ 0.00000000e+00  0.00000000e+00 -3.81834238e+00  0.00000000e+00
   0.00000000e+00 -6.02040069e+00  0.00000000e+00  0.00000000e+00
  -3.00280533e+00 -6.02040069e+00]
 [-1.45799022e-12  8.13349423e+00 -3.62772733e+00 -1.45799022e-12
  -1.45799022e-12 -1.45799022e-12  7.58718675e+00 -7.91499682e+00
  -1.45799022e-12 -1.45799022e-12]
 [-2.28980078e-13  3.83867322e+00  3.49653031e+00 -2.28980078e-13
  -5.21206231e-02 -4.52135769e-01 -2.28980078e-13 -5.26694248e+00
  -2.54154908e+00 -2.28980078e-13]
 [ 4.62010753e-11 -7.65709325e+00  4.62010753e-11  4.62010753e-11
   1.31772724e+00  7.94791185e+00  4.62010753e-11  4.62010753e-11
   4.62010753e-11  8.96906949e+00]
 [-1.75214813e-10 -1.75214813e-10 -1.75214813e-10 -1.75214813e-10
  -1.75214813e-10 -6.82781231e-01 -1.75214813e-10 -5.90626959e+00
   8.65123337e+00  3.74320262e+00]
 [-1.83669770e-15 -1.83669770e-15 -1.83669770e-15 -1.83669770e-15
  -1.83669770e-15  6.29228460e+00 -1.83669770e-15 -1.83669770e-15
  -1.83669770e-15 -1.83669770e-15]
 [ 8.52944060e-16  2.59680065e+00  8.52944060e-16  3.10826837e+00
   8.52944060e-16  5.81473433e+00 -8.99487943e+00  5.90288379e+00
   8.52944060e-16  8.52944060e-16]
 [ 2.29423303e-05  2.29423303e-05 -3.49215562e+00  2.29423303e-05
  -3.03721699e-01 -4.99634276e+00  4.30743710e+00  2.29423303e-05
   2.29423303e-05  4.37754033e+00]
 [-2.04721003e-06 -2.04721003e-06 -2.04721003e-06 -1.34988292e+00
  -2.04721003e-06 -2.04721003e-06 -7.49544257e+00 -8.66440016e+00
  -2.04721003e-06 -8.11573426e-01]
 [-1.59792834e-08 -1.59792834e-08 -1.59792834e-08 -1.59792834e-08
  -1.59792834e-08  6.69770465e+00 -1.59792834e-08  8.18874897e+00
   6.69770465e+00  6.69770465e+00]
 [ 9.98214034e-10  9.98214034e-10  9.98214034e-10  9.98214034e-10
   4.70057158e+00  9.98214034e-10  9.98214034e-10  9.98214034e-10
   9.98214034e-10  2.39077682e+00]]
Train validation errors
[[13510723304.19212, 368296592820.6967], [112135393580.5914, 334192847176.0018], [4.358730922449147e+23, 8.518099468555614e+23], [1.5047407118547073e+26, 2.9173420223609543e+26], [1.0027748347559466e+34, 1.8971249032007565e+34], [1.4515533917795055e+43, 1.477110875356847e+43], [4.534848573167344e+27, 8.780386066635108e+27], [1.2390005368759887e+31, 2.371433584140339e+31], [8.651855158588988e+30, 1.658631502973002e+31], [2.896171340764676e+33, 5.493156299266098e+33]]
Selected parents:
[[ 0.00000000e+00 -1.45799022e-12 -2.28980078e-13  4.62010753e-11
  -1.75214813e-10 -1.83669770e-15  8.52944060e-16  2.29423303e-05
  -2.04721003e-06 -1.59792834e-08  9.98214034e-10]
 [ 0.00000000e+00  8.13349423e+00  3.83867322e+00 -7.65709325e+00
  -1.75214813e-10 -1.83669770e-15  2.59680065e+00  2.29423303e-05
  -2.04721003e-06 -1.59792834e-08  9.98214034e-10]
 [-3.81834238e+00 -3.62772733e+00  3.49653031e+00  4.62010753e-11
  -1.75214813e-10 -1.83669770e-15  8.52944060e-16 -3.49215562e+00
  -2.04721003e-06 -1.59792834e-08  9.98214034e-10]
 [ 0.00000000e+00 -1.45799022e-12 -2.28980078e-13  4.62010753e-11
  -1.75214813e-10 -1.83669770e-15  3.10826837e+00  2.29423303e-05
  -1.34988292e+00 -1.59792834e-08  9.98214034e-10]
 [ 0.00000000e+00  7.58718675e+00 -2.28980078e-13  4.62010753e-11
  -1.75214813e-10 -1.83669770e-15 -8.99487943e+00  4.30743710e+00
  -7.49544257e+00 -1.59792834e-08  9.98214034e-10]
 [-3.00280533e+00 -1.45799022e-12 -2.54154908e+00  4.62010753e-11
   8.65123337e+00 -1.83669770e-15  8.52944060e-16  2.29423303e-05
  -2.04721003e-06  6.69770465e+00  9.98214034e-10]]Population:
[[ 0.00000000e+00  0.00000000e+00 -3.00280533e+00 -3.00280533e+00
  -3.81834238e+00  0.00000000e+00  2.79506156e+00  0.00000000e+00
   0.00000000e+00  0.00000000e+00]
 [-1.45799022e-12  8.13349423e+00  4.13951120e+00  6.66029447e+00
  -3.62156423e+00 -1.45799022e-12  7.58718675e+00  8.13349423e+00
   3.11506208e+00  8.13349423e+00]
 [-2.28980078e-13  3.83867322e+00 -5.62619826e-01 -6.31940875e+00
   2.99563617e+00 -2.28980078e-13 -2.28980078e-13 -7.15603114e+00
   3.83867322e+00  3.83867322e+00]
 [ 4.62010753e-11 -7.65709325e+00 -7.65709325e+00 -7.65709325e+00
   4.62010753e-11  7.09251684e+00  2.18958880e+00 -7.97024906e+00
   4.62010753e-11 -7.65709325e+00]
 [-1.75214813e-10 -1.75214813e-10 -1.75214813e-10  8.65123337e+00
  -6.60930751e-01 -4.36522023e+00 -1.75214813e-10 -1.75214813e-10
  -1.93321749e+00 -1.75214813e-10]
 [-1.83669770e-15 -1.83669770e-15 -1.83669770e-15 -1.83669770e-15
  -3.46597384e+00 -1.83669770e-15 -1.83669770e-15 -1.83669770e-15
  -6.11455045e+00 -1.83669770e-15]
 [ 8.52944060e-16  2.59680065e+00  8.52944060e-16 -6.32760540e+00
   8.52944060e-16  5.39824657e+00 -8.99487943e+00 -7.27342888e+00
   2.59680065e+00  2.59680065e+00]
 [ 2.29423303e-05  2.29423303e-05  8.02671569e+00 -4.75981830e+00
  -3.49215562e+00  2.29423303e-05  8.97369305e+00  2.29423303e-05
   2.29423303e-05  2.29423303e-05]
 [-2.04721003e-06 -2.04721003e-06 -2.04721003e-06  5.35562648e+00
  -1.34988292e+00 -2.04721003e-06 -7.49544257e+00 -7.49544257e+00
  -2.04721003e-06 -2.04721003e-06]
 [-1.59792834e-08 -1.59792834e-08 -3.87048009e-01 -1.59792834e-08
  -1.59792834e-08 -1.59792834e-08  6.04310220e+00  8.02359984e+00
   6.42034936e+00 -1.59792834e-08]
 [ 9.98214034e-10  9.98214034e-10  9.98214034e-10 -4.11154536e+00
   9.98214034e-10  9.98214034e-10  9.98214034e-10  5.67737263e-01
   9.98214034e-10  9.98214034e-10]]
Train validation errors
[[13510723304.19212, 368296592820.6967], [112135393580.5914, 334192847176.0018], [2.83818201709486e+28, 5.4399232641316485e+28], [7.663733053361752e+33, 1.4498628203868309e+34], [4.404192207130976e+42, 4.4817346032305944e+42], [60685549293840.9, 106154845415103.28], [6.706213976055841e+30, 1.2832078097551639e+31], [2.402811481241009e+32, 4.5872333164762646e+32], [1.370705546381658e+43, 1.3948381935807624e+43], [112135393580.5914, 334192847176.0018]]
Selected parents:
[[ 0.00000000e+00 -1.45799022e-12 -2.28980078e-13  4.62010753e-11
  -1.75214813e-10 -1.83669770e-15  8.52944060e-16  2.29423303e-05
  -2.04721003e-06 -1.59792834e-08  9.98214034e-10]
 [ 0.00000000e+00  8.13349423e+00  3.83867322e+00 -7.65709325e+00
  -1.75214813e-10 -1.83669770e-15  2.59680065e+00  2.29423303e-05
  -2.04721003e-06 -1.59792834e-08  9.98214034e-10]
 [-3.00280533e+00  4.13951120e+00 -5.62619826e-01 -7.65709325e+00
  -1.75214813e-10 -1.83669770e-15  8.52944060e-16  8.02671569e+00
  -2.04721003e-06 -3.87048009e-01  9.98214034e-10]
 [ 0.00000000e+00 -1.45799022e-12 -2.28980078e-13  7.09251684e+00
  -4.36522023e+00 -1.83669770e-15  5.39824657e+00  2.29423303e-05
  -2.04721003e-06 -1.59792834e-08  9.98214034e-10]
 [ 2.79506156e+00  7.58718675e+00 -2.28980078e-13  2.18958880e+00
  -1.75214813e-10 -1.83669770e-15 -8.99487943e+00  8.97369305e+00
  -7.49544257e+00  6.04310220e+00  9.98214034e-10]
 [ 0.00000000e+00  8.13349423e+00  3.83867322e+00 -7.65709325e+00
  -1.75214813e-10 -1.83669770e-15  2.59680065e+00  2.29423303e-05
  -2.04721003e-06 -1.59792834e-08  9.98214034e-10]]Population:
[[ 0.00000000e+00  0.00000000e+00  0.00000000e+00  4.80919441e+00
   0.00000000e+00  2.79506156e+00 -4.86984327e+00 -3.00280533e+00
  -3.00280533e+00  6.33127102e+00]
 [ 8.13349423e+00  8.13349423e+00  3.49637242e+00  6.93643795e+00
   7.58718675e+00  7.58718675e+00 -1.45799022e-12 -1.45799022e-12
   4.13951120e+00 -1.45799022e-12]
 [ 3.83867322e+00  3.83867322e+00 -2.28980078e-13 -5.62619826e-01
   2.90814661e+00 -2.28980078e-13  6.05202579e+00 -2.28980078e-13
  -5.62619826e-01 -2.28980078e-13]
 [-7.65709325e+00 -7.65709325e+00 -1.44023834e+00 -7.65709325e+00
   2.18958880e+00 -3.82625512e+00  4.63389237e+00  7.09251684e+00
   2.13843308e+00  3.58355197e+00]
 [-1.75214813e-10 -1.75214813e-10 -4.36522023e+00 -1.75214813e-10
  -1.75214813e-10 -1.75214813e-10 -1.75214813e-10 -1.75214813e-10
  -4.36522023e+00  2.34008242e+00]
 [-1.83669770e-15 -1.83669770e-15 -1.83669770e-15 -1.83669770e-15
  -1.83669770e-15 -1.83669770e-15 -1.83669770e-15 -1.83669770e-15
  -1.83669770e-15 -1.83669770e-15]
 [ 2.59680065e+00  2.59680065e+00 -4.66821720e+00  7.72659148e+00
   8.52944060e-16 -6.02227497e+00  8.52944060e-16 -1.76894164e-01
   8.32808781e+00  5.39824657e+00]
 [ 2.29423303e-05  2.29423303e-05  8.02671569e+00  2.29423303e-05
   8.97369305e+00  8.97369305e+00  8.02671569e+00 -2.41672127e+00
   8.02671569e+00  8.02671569e+00]
 [-2.04721003e-06 -2.04721003e-06 -3.48393799e+00 -2.04721003e-06
  -8.91931502e+00 -7.49544257e+00 -2.04721003e-06 -2.04721003e-06
  -2.04721003e-06 -6.51840188e+00]
 [-1.59792834e-08 -1.59792834e-08 -1.59792834e-08 -7.23381399e+00
   6.04310220e+00 -1.59792834e-08  2.09096327e-02 -4.49826461e+00
  -8.41438959e+00 -1.59792834e-08]
 [ 9.98214034e-10  9.98214034e-10  9.98214034e-10 -5.47171140e+00
   9.98214034e-10  9.98214034e-10  9.98214034e-10  9.98214034e-10
  -5.11033006e+00  9.98214034e-10]]
Train validation errors
[[112135393580.5914, 334192847176.0018], [112135393580.5914, 334192847176.0018], [9.13472025655256e+26, 1.7609630008991833e+27], [1.4325011644167058e+34, 2.7135398852434344e+34], [6.641523288091936e+30, 1.2703433577038187e+31], [4.423045706572062e+27, 8.55105044051974e+27], [1.1434604837294402e+26, 2.1989747793858136e+26], [3.904334599390103e+30, 7.484968170447949e+30], [1.2655501498081262e+34, 2.3979890321455676e+34], [3.340492088273905e+27, 6.45760857015441e+27]]
Selected parents:
[[ 0.00000000e+00  8.13349423e+00  3.83867322e+00 -7.65709325e+00
  -1.75214813e-10 -1.83669770e-15  2.59680065e+00  2.29423303e-05
  -2.04721003e-06 -1.59792834e-08  9.98214034e-10]
 [ 0.00000000e+00  8.13349423e+00  3.83867322e+00 -7.65709325e+00
  -1.75214813e-10 -1.83669770e-15  2.59680065e+00  2.29423303e-05
  -2.04721003e-06 -1.59792834e-08  9.98214034e-10]
 [ 0.00000000e+00  3.49637242e+00 -2.28980078e-13 -1.44023834e+00
  -4.36522023e+00 -1.83669770e-15 -4.66821720e+00  8.02671569e+00
  -3.48393799e+00 -1.59792834e-08  9.98214034e-10]
 [ 2.79506156e+00  7.58718675e+00 -2.28980078e-13 -3.82625512e+00
  -1.75214813e-10 -1.83669770e-15 -6.02227497e+00  8.97369305e+00
  -7.49544257e+00 -1.59792834e-08  9.98214034e-10]
 [-4.86984327e+00 -1.45799022e-12  6.05202579e+00  4.63389237e+00
  -1.75214813e-10 -1.83669770e-15  8.52944060e-16  8.02671569e+00
  -2.04721003e-06  2.09096327e-02  9.98214034e-10]
 [ 6.33127102e+00 -1.45799022e-12 -2.28980078e-13  3.58355197e+00
   2.34008242e+00 -1.83669770e-15  5.39824657e+00  8.02671569e+00
  -6.51840188e+00 -1.59792834e-08  9.98214034e-10]]Population:
[[ 0.00000000e+00  0.00000000e+00  0.00000000e+00 -4.12457762e+00
   0.00000000e+00  0.00000000e+00  2.79506156e+00  6.33127102e+00
   1.12786798e+00  0.00000000e+00]
 [ 8.13349423e+00  8.13349423e+00  8.13349423e+00  8.13349423e+00
   1.59099428e+00  8.13349423e+00  7.58718675e+00  7.58718675e+00
  -7.70936791e+00  8.13349423e+00]
 [ 3.83867322e+00  3.83867322e+00 -1.72407371e+00  5.83027638e-01
   3.83867322e+00 -8.13115846e-01 -2.28980078e-13 -2.28980078e-13
   6.05202579e+00  3.83867322e+00]
 [-7.65709325e+00 -7.65709325e+00 -7.65709325e+00  1.07060204e+00
  -7.65709325e+00 -7.65709325e+00  3.58355197e+00 -1.63544907e+00
   4.63389237e+00 -5.97222376e+00]
 [-1.75214813e-10 -1.75214813e-10 -1.75214813e-10 -1.75214813e-10
   4.47484027e+00 -1.75214813e-10 -1.75214813e-10  2.34008242e+00
  -1.75214813e-10 -1.75214813e-10]
 [-1.83669770e-15 -1.83669770e-15  2.14220826e+00 -6.06040507e+00
  -1.83669770e-15 -1.83669770e-15  4.18389562e+00 -1.83669770e-15
  -1.83669770e-15 -1.83669770e-15]
 [ 2.59680065e+00  2.59680065e+00  2.59680065e+00  4.55798651e+00
   2.59680065e+00 -1.90561444e-01 -4.20472158e+00  5.39824657e+00
   6.89222636e+00  2.59680065e+00]
 [ 2.29423303e-05  2.29423303e-05  9.03355123e-01  2.29423303e-05
  -2.08465172e+00  4.34178666e+00  8.02671569e+00  8.97369305e+00
   8.02671569e+00  8.17610843e+00]
 [-2.04721003e-06 -2.04721003e-06  7.04440237e+00 -2.04721003e-06
   6.02196185e+00  3.80801034e+00 -7.49544257e+00 -6.51840188e+00
  -2.04721003e-06 -2.04721003e-06]
 [-1.59792834e-08 -1.59792834e-08 -5.59639443e+00 -1.59792834e-08
  -5.94687882e+00 -8.41368512e+00 -1.59792834e-08 -1.59792834e-08
  -6.10032308e+00 -1.59792834e-08]
 [ 9.98214034e-10  9.98214034e-10  9.98214034e-10 -2.76664006e+00
   9.98214034e-10  9.98214034e-10  9.98214034e-10 -2.64413824e-01
   9.98214034e-10  9.98214034e-10]]
Train validation errors
[[112135393580.5914, 334192847176.0018], [112135393580.5914, 334192847176.0018], [1.682432453426286e+42, 1.7120521958142793e+42], [1.3465786416977332e+43, 1.3703008417730867e+43], [6.548704559014624e+30, 1.253509766678618e+31], [1.3400362558550696e+31, 2.5672130231225915e+31], [6.417669684536187e+42, 6.530662230263315e+42], [3.237985325320487e+31, 6.127379079225947e+31], [7.169245327605279e+30, 1.374385523440768e+31], [2.389229738906101e+24, 4.669184807821396e+24]]
Selected parents:
[[ 0.00000000e+00  8.13349423e+00  3.83867322e+00 -7.65709325e+00
  -1.75214813e-10 -1.83669770e-15  2.59680065e+00  2.29423303e-05
  -2.04721003e-06 -1.59792834e-08  9.98214034e-10]
 [ 0.00000000e+00  8.13349423e+00  3.83867322e+00 -7.65709325e+00
  -1.75214813e-10 -1.83669770e-15  2.59680065e+00  2.29423303e-05
  -2.04721003e-06 -1.59792834e-08  9.98214034e-10]
 [ 0.00000000e+00  1.59099428e+00  3.83867322e+00 -7.65709325e+00
   4.47484027e+00 -1.83669770e-15  2.59680065e+00 -2.08465172e+00
   6.02196185e+00 -5.94687882e+00  9.98214034e-10]
 [ 0.00000000e+00  8.13349423e+00 -8.13115846e-01 -7.65709325e+00
  -1.75214813e-10 -1.83669770e-15 -1.90561444e-01  4.34178666e+00
   3.80801034e+00 -8.41368512e+00  9.98214034e-10]
 [ 1.12786798e+00 -7.70936791e+00  6.05202579e+00  4.63389237e+00
  -1.75214813e-10 -1.83669770e-15  6.89222636e+00  8.02671569e+00
  -2.04721003e-06 -6.10032308e+00  9.98214034e-10]
 [ 0.00000000e+00  8.13349423e+00  3.83867322e+00 -5.97222376e+00
  -1.75214813e-10 -1.83669770e-15  2.59680065e+00  8.17610843e+00
  -2.04721003e-06 -1.59792834e-08  9.98214034e-10]]Population:
[[ 0.00000000e+00  0.00000000e+00  0.00000000e+00  0.00000000e+00
   0.00000000e+00  0.00000000e+00  1.12786798e+00  1.12786798e+00
   0.00000000e+00  4.41690996e+00]
 [ 8.13349423e+00  8.13349423e+00  4.06413510e+00  1.59099428e+00
   8.13349423e+00 -1.32982855e+00  7.20272163e+00  8.13349423e+00
   8.13349423e+00  3.57405061e+00]
 [ 3.83867322e+00  3.83867322e+00  3.83867322e+00  6.14598582e-01
  -8.13115846e-01 -4.76453022e+00  6.05202579e+00  6.05202579e+00
   7.79098895e+00  3.83867322e+00]
 [-7.65709325e+00 -7.65709325e+00 -7.65709325e+00  2.17379039e+00
  -7.65709325e+00 -5.97222376e+00  4.63389237e+00 -8.21879880e+00
  -8.54405321e+00 -7.65709325e+00]
 [-1.75214813e-10 -1.75214813e-10 -7.42277272e-01 -5.20549514e+00
  -6.26162953e+00 -5.14071787e+00 -1.75214813e-10 -8.24281496e+00
  -1.75214813e-10  8.77086024e-01]
 [-1.83669770e-15 -1.83669770e-15 -1.83669770e-15 -1.83669770e-15
  -1.83669770e-15 -1.83669770e-15 -1.83669770e-15 -1.83669770e-15
  -2.41716153e+00 -1.83669770e-15]
 [ 2.59680065e+00  2.59680065e+00 -4.38506909e+00  2.59680065e+00
  -1.90561444e-01 -2.70229960e+00  6.89222636e+00  1.13379916e+00
   2.59680065e+00  4.90303115e+00]
 [ 2.29423303e-05  2.29423303e-05  2.34818252e+00 -2.08465172e+00
   4.34178666e+00  4.34178666e+00  8.02671569e+00  4.34178666e+00
   2.29423303e-05 -1.28387271e+00]
 [-2.04721003e-06 -2.04721003e-06 -2.04721003e-06 -5.22841856e+00
   3.80801034e+00  7.89152484e+00 -4.23445323e+00  3.80801034e+00
  -2.04721003e-06 -8.34971828e+00]
 [-1.59792834e-08 -1.59792834e-08  8.68447274e+00  3.92934933e+00
   5.80778520e+00 -1.59792834e-08 -6.10032308e+00  6.13996404e+00
   4.96019298e+00 -8.41368512e+00]
 [ 9.98214034e-10  9.98214034e-10  2.31276511e+00  9.98214034e-10
   9.98214034e-10  9.98214034e-10  9.98214034e-10  9.98214034e-10
   9.98214034e-10  9.98214034e-10]]
Train validation errors
[[112135393580.5914, 334192847176.0018], [112135393580.5914, 334192847176.0018], [2.811099727992936e+33, 5.335878053144345e+33], [2.819797162681024e+30, 5.394671877441044e+30], [6.682007579660784e+30, 1.2822065752560223e+31], [5.255087444231212e+27, 1.020075573490727e+28], [7.370489532001341e+30, 1.4143674456022162e+31], [7.457480722947243e+30, 1.4309402020001554e+31], [2.1420316546473505e+42, 2.179743272862202e+42], [1.4204210624445553e+31, 2.7268878440740954e+31]]
Selected parents:
[[ 0.00000000e+00  8.13349423e+00  3.83867322e+00 -7.65709325e+00
  -1.75214813e-10 -1.83669770e-15  2.59680065e+00  2.29423303e-05
  -2.04721003e-06 -1.59792834e-08  9.98214034e-10]
 [ 0.00000000e+00  8.13349423e+00  3.83867322e+00 -7.65709325e+00
  -1.75214813e-10 -1.83669770e-15  2.59680065e+00  2.29423303e-05
  -2.04721003e-06 -1.59792834e-08  9.98214034e-10]
 [ 0.00000000e+00  1.59099428e+00  6.14598582e-01  2.17379039e+00
  -5.20549514e+00 -1.83669770e-15  2.59680065e+00 -2.08465172e+00
  -5.22841856e+00  3.92934933e+00  9.98214034e-10]
 [ 0.00000000e+00  8.13349423e+00 -8.13115846e-01 -7.65709325e+00
  -6.26162953e+00 -1.83669770e-15 -1.90561444e-01  4.34178666e+00
   3.80801034e+00  5.80778520e+00  9.98214034e-10]
 [ 0.00000000e+00 -1.32982855e+00 -4.76453022e+00 -5.97222376e+00
  -5.14071787e+00 -1.83669770e-15 -2.70229960e+00  4.34178666e+00
   7.89152484e+00 -1.59792834e-08  9.98214034e-10]
 [ 1.12786798e+00  7.20272163e+00  6.05202579e+00  4.63389237e+00
  -1.75214813e-10 -1.83669770e-15  6.89222636e+00  8.02671569e+00
  -4.23445323e+00 -6.10032308e+00  9.98214034e-10]]Population:
[[ 0.00000000e+00  0.00000000e+00 -3.15667550e+00  0.00000000e+00
  -2.18091684e+00  1.12786798e+00  8.74485084e+00  1.75713067e-01
  -1.98075969e+00  0.00000000e+00]
 [ 8.13349423e+00  8.13349423e+00 -8.56620951e+00  8.13349423e+00
   8.13349423e+00 -8.50411709e+00  7.20272163e+00  7.20272163e+00
  -6.85617884e+00  7.13784495e+00]
 [ 3.83867322e+00  3.83867322e+00  1.47316704e+00  6.14598582e-01
   3.83867322e+00  4.06146123e+00  6.05202579e+00  6.05202579e+00
  -8.13115846e-01 -6.83240894e+00]
 [-7.65709325e+00 -7.65709325e+00 -7.65709325e+00 -7.74770157e+00
   4.63389237e+00 -1.41638539e+00  4.63389237e+00  2.54917714e+00
   3.49386325e+00 -7.65709325e+00]
 [-1.75214813e-10 -1.75214813e-10 -6.26162953e+00 -6.26162953e+00
  -1.75214813e-10 -1.75214813e-10 -1.75214813e-10  3.45345462e+00
   8.10183358e-01 -1.75214813e-10]
 [-1.83669770e-15 -1.83669770e-15 -1.83669770e-15 -1.83669770e-15
  -1.83669770e-15 -4.89511479e+00 -1.83669770e-15 -3.35037204e+00
   7.51688327e-01 -1.83669770e-15]
 [ 2.59680065e+00  2.59680065e+00 -3.34895013e+00 -1.90561444e-01
   2.26751479e+00  2.59680065e+00  2.59680065e+00  2.59680065e+00
   2.59680065e+00  2.59680065e+00]
 [ 2.29423303e-05  2.29423303e-05 -2.08465172e+00  6.97024179e-01
   2.29423303e-05  1.95399777e+00  8.02671569e+00  2.29423303e-05
   2.25708508e+00  1.50193776e+00]
 [-2.04721003e-06 -2.04721003e-06  2.43127904e+00  3.80801034e+00
  -2.04721003e-06  1.17370694e+00 -4.23445323e+00 -2.04721003e-06
   3.80801034e+00  3.80801034e+00]
 [-1.59792834e-08 -1.59792834e-08  3.92934933e+00  5.80778520e+00
  -8.46080858e-01  2.22130651e+00 -5.88285884e+00 -1.40091802e+00
   5.80778520e+00 -1.59792834e-08]
 [ 9.98214034e-10  9.98214034e-10  9.98214034e-10  9.98214034e-10
   9.98214034e-10  9.98214034e-10  9.98214034e-10  9.98214034e-10
   7.82751202e+00  9.98214034e-10]]
Train validation errors
[[112135393580.5914, 334192847176.0018], [112135393580.5914, 334192847176.0018], [3.0508596245476487e+30, 5.853904575312992e+30], [6.678465604300479e+30, 1.281519367214954e+31], [1.38064165285403e+29, 2.6468031321192615e+29], [8.784988555269482e+42, 8.939659515752285e+42], [6.861058764001296e+30, 1.316656112122367e+31], [4.115304785351159e+42, 4.187761670760341e+42], [2.0729355362459518e+41, 2.1099202652170214e+41], [1.216202964238702e+27, 2.3599979283663682e+27]]
Selected parents:
[[ 0.00000000e+00  8.13349423e+00  3.83867322e+00 -7.65709325e+00
  -1.75214813e-10 -1.83669770e-15  2.59680065e+00  2.29423303e-05
  -2.04721003e-06 -1.59792834e-08  9.98214034e-10]
 [ 0.00000000e+00  8.13349423e+00  3.83867322e+00 -7.65709325e+00
  -1.75214813e-10 -1.83669770e-15  2.59680065e+00  2.29423303e-05
  -2.04721003e-06 -1.59792834e-08  9.98214034e-10]
 [-3.15667550e+00 -8.56620951e+00  1.47316704e+00 -7.65709325e+00
  -6.26162953e+00 -1.83669770e-15 -3.34895013e+00 -2.08465172e+00
   2.43127904e+00  3.92934933e+00  9.98214034e-10]
 [ 0.00000000e+00  8.13349423e+00  6.14598582e-01 -7.74770157e+00
  -6.26162953e+00 -1.83669770e-15 -1.90561444e-01  6.97024179e-01
   3.80801034e+00  5.80778520e+00  9.98214034e-10]
 [-2.18091684e+00  8.13349423e+00  3.83867322e+00  4.63389237e+00
  -1.75214813e-10 -1.83669770e-15  2.26751479e+00  2.29423303e-05
  -2.04721003e-06 -8.46080858e-01  9.98214034e-10]
 [ 0.00000000e+00  7.13784495e+00 -6.83240894e+00 -7.65709325e+00
  -1.75214813e-10 -1.83669770e-15  2.59680065e+00  1.50193776e+00
   3.80801034e+00 -1.59792834e-08  9.98214034e-10]]Population:
[[ 0.00000000e+00  0.00000000e+00  0.00000000e+00 -6.28606046e-02
  -5.67662424e+00 -3.15667550e+00  0.00000000e+00  0.00000000e+00
   0.00000000e+00  3.78980004e+00]
 [ 8.13349423e+00  8.13349423e+00  8.13349423e+00  1.43843679e+00
   8.13349423e+00 -8.56620951e+00  8.13349423e+00  3.16178283e+00
   8.13349423e+00  8.13349423e+00]
 [ 3.83867322e+00  3.83867322e+00  3.86752824e+00  3.83867322e+00
  -4.26859776e+00 -8.61806055e+00  3.83867322e+00 -1.54987604e+00
   3.83867322e+00 -5.42039584e+00]
 [-7.65709325e+00 -7.65709325e+00  1.28318137e+00  4.63389237e+00
  -7.96270904e+00 -7.65709325e+00 -7.65709325e+00 -5.05545320e+00
  -7.65709325e+00 -7.65709325e+00]
 [-1.75214813e-10 -1.75214813e-10 -1.75214813e-10 -1.75214813e-10
  -1.75214813e-10 -6.26162953e+00 -1.75214813e-10 -7.70637545e+00
   8.65396230e+00 -1.75214813e-10]
 [-1.83669770e-15 -1.83669770e-15 -2.25992770e+00 -1.83669770e-15
  -1.83669770e-15 -1.83669770e-15  6.68248766e+00 -1.83669770e-15
   1.46575355e+00 -3.96124677e+00]
 [ 2.59680065e+00  2.59680065e+00  2.59680065e+00  2.26751479e+00
   2.59680065e+00 -3.34895013e+00  2.59680065e+00  2.59680065e+00
   2.59680065e+00  2.59680065e+00]
 [ 2.29423303e-05  2.29423303e-05  2.29423303e-05  2.29423303e-05
   4.55661104e+00 -2.08465172e+00  2.29423303e-05 -1.96861717e+00
  -6.55984892e+00  2.29423303e-05]
 [-2.04721003e-06 -2.04721003e-06 -2.04721003e-06  6.53333235e+00
  -2.04721003e-06  2.43127904e+00 -6.22401353e+00 -2.04721003e-06
  -2.04721003e-06 -2.04721003e-06]
 [-1.59792834e-08 -1.59792834e-08 -1.59792834e-08 -8.46080858e-01
  -1.59792834e-08  4.74498499e+00 -1.59792834e-08 -8.88780519e+00
  -1.90571160e+00 -1.59792834e-08]
 [ 9.98214034e-10  9.98214034e-10  9.98214034e-10 -7.84628303e+00
  -3.84859684e+00  9.98214034e-10  9.98214034e-10  9.98214034e-10
   2.43557279e+00  9.98214034e-10]]
Train validation errors
[[112135393580.5914, 334192847176.0018], [112135393580.5914, 334192847176.0018], [1.8724265477441314e+42, 1.905393412317381e+42], [2.8042542766111034e+34, 5.305820082515459e+34], [6.722001962395368e+33, 1.2717177004161876e+34], [4.4304732821634533e+30, 8.499805635734556e+30], [1.6371633690612027e+43, 1.6659880593109268e+43], [1.5238024806318333e+31, 2.921260438139539e+31], [7.877404827292501e+41, 8.016384656748154e+41], [5.75280288681282e+42, 5.854089569547929e+42]]
Selected parents:
[[ 0.00000000e+00  8.13349423e+00  3.83867322e+00 -7.65709325e+00
  -1.75214813e-10 -1.83669770e-15  2.59680065e+00  2.29423303e-05
  -2.04721003e-06 -1.59792834e-08  9.98214034e-10]
 [ 0.00000000e+00  8.13349423e+00  3.83867322e+00 -7.65709325e+00
  -1.75214813e-10 -1.83669770e-15  2.59680065e+00  2.29423303e-05
  -2.04721003e-06 -1.59792834e-08  9.98214034e-10]
 [-6.28606046e-02  1.43843679e+00  3.83867322e+00  4.63389237e+00
  -1.75214813e-10 -1.83669770e-15  2.26751479e+00  2.29423303e-05
   6.53333235e+00 -8.46080858e-01 -7.84628303e+00]
 [-5.67662424e+00  8.13349423e+00 -4.26859776e+00 -7.96270904e+00
  -1.75214813e-10 -1.83669770e-15  2.59680065e+00  4.55661104e+00
  -2.04721003e-06 -1.59792834e-08 -3.84859684e+00]
 [-3.15667550e+00 -8.56620951e+00 -8.61806055e+00 -7.65709325e+00
  -6.26162953e+00 -1.83669770e-15 -3.34895013e+00 -2.08465172e+00
   2.43127904e+00  4.74498499e+00  9.98214034e-10]
 [ 0.00000000e+00  3.16178283e+00 -1.54987604e+00 -5.05545320e+00
  -7.70637545e+00 -1.83669770e-15  2.59680065e+00 -1.96861717e+00
  -2.04721003e-06 -8.88780519e+00  9.98214034e-10]]Population:
[[ 0.00000000e+00  0.00000000e+00 -5.67371314e-02  3.05667275e+00
   0.00000000e+00  4.85229763e+00 -3.00397591e+00 -5.67662424e+00
   3.28835367e+00 -5.67662424e+00]
 [ 8.13349423e+00  8.13349423e+00  2.59325684e+00  3.16178283e+00
   8.13349423e+00  8.13349423e+00 -1.26960456e+00  8.13349423e+00
   1.43843679e+00  8.13349423e+00]
 [ 3.83867322e+00  3.83867322e+00 -1.54987604e+00  3.83867322e+00
  -7.30112301e+00  3.83867322e+00  3.83867322e+00 -3.34602022e+00
   2.88619882e+00  3.83867322e+00]
 [-7.65709325e+00 -7.65709325e+00  3.60212849e+00 -5.05545320e+00
  -7.65709325e+00  7.26992342e+00 -5.07787596e+00 -7.96270904e+00
   4.63389237e+00  8.21250864e+00]
 [-1.75214813e-10 -1.75214813e-10 -1.75214813e-10 -7.70637545e+00
   5.96066994e+00 -1.75214813e-10 -1.75214813e-10  2.09720457e+00
  -1.75214813e-10 -1.75214813e-10]
 [-1.83669770e-15 -1.83669770e-15 -1.83669770e-15 -3.39136584e+00
  -2.09187293e+00  7.13781940e+00 -1.83669770e-15  4.52804796e+00
  -1.83669770e-15 -1.83669770e-15]
 [ 2.59680065e+00  2.59680065e+00  2.26751479e+00  2.59680065e+00
   2.59680065e+00  4.96762029e+00  2.59680065e+00  2.59680065e+00
   2.26751479e+00  6.06377377e+00]
 [ 2.29423303e-05  2.29423303e-05  2.29423303e-05  2.29423303e-05
   4.55661104e+00  2.29423303e-05 -2.30253846e+00  2.29423303e-05
   6.33461649e+00  2.29423303e-05]
 [-2.04721003e-06 -2.04721003e-06 -1.76457758e+00  6.53333235e+00
  -2.04721003e-06 -6.99907265e+00  8.67213456e+00 -2.04721003e-06
  -2.04721003e-06  6.53333235e+00]
 [-1.59792834e-08 -1.59792834e-08 -8.88780519e+00  7.77733400e+00
  -1.59792834e-08 -1.59792834e-08 -1.59792834e-08 -1.59792834e-08
  -8.46080858e-01 -1.59792834e-08]
 [ 9.98214034e-10  9.98214034e-10  1.91787127e+00  4.91994817e+00
   9.98214034e-10  9.98214034e-10  6.79738456e+00 -3.84859684e+00
  -7.84628303e+00 -7.84628303e+00]]
Train validation errors
[[112135393580.5914, 334192847176.0018], [112135393580.5914, 334192847176.0018], [1.3702423986740587e+33, 2.5780451064374022e+33], [4.216219820841142e+42, 4.290312033085625e+42], [1.6043026430149954e+42, 1.632548785272006e+42], [1.8678706509292682e+43, 1.9007572842928417e+43], [2.0992034808513535e+34, 3.9714875451281495e+34], [7.516472200971116e+42, 7.648668815607125e+42], [2.806197016254977e+34, 5.309542069775412e+34], [2.792049375738817e+34, 5.282159611176527e+34]]
Selected parents:
[[ 0.00000000e+00  8.13349423e+00  3.83867322e+00 -7.65709325e+00
  -1.75214813e-10 -1.83669770e-15  2.59680065e+00  2.29423303e-05
  -2.04721003e-06 -1.59792834e-08  9.98214034e-10]
 [ 0.00000000e+00  8.13349423e+00  3.83867322e+00 -7.65709325e+00
  -1.75214813e-10 -1.83669770e-15  2.59680065e+00  2.29423303e-05
  -2.04721003e-06 -1.59792834e-08  9.98214034e-10]
 [-5.67371314e-02  2.59325684e+00 -1.54987604e+00  3.60212849e+00
  -1.75214813e-10 -1.83669770e-15  2.26751479e+00  2.29423303e-05
  -1.76457758e+00 -8.88780519e+00  1.91787127e+00]
 [-3.00397591e+00 -1.26960456e+00  3.83867322e+00 -5.07787596e+00
  -1.75214813e-10 -1.83669770e-15  2.59680065e+00 -2.30253846e+00
   8.67213456e+00 -1.59792834e-08  6.79738456e+00]
 [ 3.28835367e+00  1.43843679e+00  2.88619882e+00  4.63389237e+00
  -1.75214813e-10 -1.83669770e-15  2.26751479e+00  6.33461649e+00
  -2.04721003e-06 -8.46080858e-01 -7.84628303e+00]
 [-5.67662424e+00  8.13349423e+00  3.83867322e+00  8.21250864e+00
  -1.75214813e-10 -1.83669770e-15  6.06377377e+00  2.29423303e-05
   6.53333235e+00 -1.59792834e-08 -7.84628303e+00]]Best offspring gen errors:
[[1.35107233e+10 3.68296593e+11]
 [1.12135394e+11 3.34192847e+11]
 [1.12135394e+11 3.34192847e+11]
 [1.12135394e+11 3.34192847e+11]
 [1.12135394e+11 3.34192847e+11]
 [1.12135394e+11 3.34192847e+11]
 [1.12135394e+11 3.34192847e+11]
 [1.12135394e+11 3.34192847e+11]
 [1.12135394e+11 3.34192847e+11]
 [1.12135394e+11 3.34192847e+11]]