No of generations: 7
Population size: 4
Mutation coefficient: 0.01
Split point: 7
One offspring per pair
Population:
[[ 0.00000000e+00 -7.94804524e+00  5.98216267e+00 -3.54120149e+00]
 [-1.45799022e-12 -3.22566620e+00  1.00159096e+00  2.85243204e+00]
 [-2.28980078e-13  4.03859126e+00  9.63783840e+00  2.41550575e+00]
 [ 4.62010753e-11  4.46425789e+00 -8.47684107e+00  8.18107713e+00]
 [-1.75214813e-10 -6.74043157e+00  6.87070334e+00 -5.15728370e+00]
 [-1.83669770e-15 -4.66205486e-01  3.72610083e+00  9.19058307e+00]
 [ 8.52944060e-16  6.57889334e-01  2.97044741e+00  6.86565903e+00]
 [ 2.29423303e-05  5.48351901e+00  3.10152261e+00 -2.11637801e+00]
 [-2.04721003e-06  1.29771293e+00 -2.95504586e+00 -6.24518340e+00]
 [-1.59792834e-08 -5.43785581e+00 -1.41935195e+00 -4.43927408e+00]
 [ 9.98214034e-10  1.80235039e+00  8.53253118e+00 -5.59795299e+00]]
Train validation errors
[[13510723304.19212, 368296592820.6967], [7.966532050275803e+40, 8.106152702168213e+40], [5.0908285817023244e+42, 5.180718561901286e+42], [3.0965962157963357e+43, 3.1510737454624166e+43]]
Population:
[[ 1.65650614 -3.54120149 -7.94804524 -3.54120149]
 [ 1.00159096  2.85243204 -3.2256662   2.85243204]
 [ 9.6378384   2.41550575  7.90281209  2.41550575]
 [-8.47684107  8.18107713  4.91485567  8.18107713]
 [ 6.87070334 -5.1572837  -6.74043157 -5.1572837 ]
 [ 3.72610083 -4.86800208 -0.46620549  9.19058307]
 [ 2.97044741  6.86565903  0.65788933  6.86565903]
 [-2.11637801  2.26033765 -2.11637801  5.48351901]
 [ 8.51591341 -2.95504586 -6.2451834   1.29771293]
 [-4.43927408 -1.41935195 -4.43927408 -5.43785581]
 [-5.59795299  8.53253118 -5.59795299  1.80235039]]
Train validation errors
[[5.0895853610779e+42, 5.179022320553562e+42], [8.686974549029358e+42, 8.839584255281407e+42], [7.974628402294977e+40, 8.117199457776874e+40], [3.0967557962014045e+43, 3.151291464100921e+43]]
Population:
[[-7.94804524  1.65650614 -3.54120149 -7.94804524]
 [-3.2256662   1.00159096  2.85243204 -3.2256662 ]
 [-5.64409895  9.6378384   2.41550575  7.90281209]
 [ 4.91485567 -8.47684107  8.18107713  4.91485567]
 [-6.74043157  6.87070334 -5.1572837  -6.74043157]
 [-0.46620549  1.979849   -4.86800208 -4.25719383]
 [ 0.65788933  2.97044741 -8.34376786  0.65788933]
 [-2.11637801 -2.11637801 -2.11637801  2.26033765]
 [ 8.51591341 -6.2451834  -6.2451834  -2.95504586]
 [-4.43927408 -4.43927408 -4.43927408 -1.41935195]
 [-5.59795299 -5.88784303 -5.59795299  8.53253118]]
Train validation errors
[[7.974621738968924e+40, 8.11719021606227e+40], [1.4367978792583854e+42, 1.4619982630667196e+42], [8.688599419981193e+42, 8.841801211107935e+42], [6.643652436067177e+42, 6.760328750890312e+42]]
Population:
[[-3.54120149  1.65650614  1.65650614 -3.54120149]
 [ 2.85243204 -4.17136006  1.00159096  2.85243204]
 [ 2.41550575  9.6378384   9.6378384   4.14649896]
 [ 8.18107713 -8.47684107 -8.47684107  8.18107713]
 [ 3.81000013  6.87070334  6.87070334 -5.1572837 ]
 [-4.86800208  1.979849    1.979849   -4.86800208]
 [-8.34376786  2.97044741  2.97044741 -8.34376786]
 [-2.11637801 -2.11637801 -2.11637801 -2.11637801]
 [ 3.22881633 -6.2451834  -6.2451834  -5.52286726]
 [-4.43927408 -4.43927408 -4.43927408 -4.43927408]
 [-5.88784303 -5.59795299 -5.59795299 -9.38757377]]
Train validation errors
[[8.688632162970992e+42, 8.841845874652527e+42], [1.4368113754306692e+42, 1.4620166756852478e+42], [1.4368113754306692e+42, 1.4620166756852478e+42], [8.689033263600669e+42, 8.842393136320223e+42]]
Population:
[[ 7.67374069  1.65650614  1.65650614  1.65650614]
 [ 1.00159096 -4.17136006 -4.17136006  1.00159096]
 [ 9.6378384  -5.9475049   9.6378384   9.6378384 ]
 [-8.47684107 -8.47684107 -8.47684107 -8.47684107]
 [ 6.87070334  6.87070334  6.87070334  6.87070334]
 [ 1.979849   -9.35398398  1.979849    1.979849  ]
 [ 2.97044741  2.97044741  2.97044741  2.97044741]
 [-2.11637801 -2.11637801 -2.11637801 -2.11637801]
 [-6.2451834  -6.2451834  -6.2451834  -6.2451834 ]
 [-4.43927408 -4.43927408 -4.43927408 -9.6067478 ]
 [-5.59795299 -5.59795299 -5.59795299 -5.59795299]]
Train validation errors
[[1.4368113754306692e+42, 1.4620166756852478e+42], [3.2079374376376065e+43, 3.264461395711959e+43], [1.4368113754306692e+42, 1.4620166756852478e+42], [1.4368064952763976e+42, 1.462009963608213e+42]]
Population:
[[ 1.65650614  1.65650614  1.65650614 -6.07547265]
 [-4.17136006  1.00159096 -4.94546556  1.00159096]
 [ 9.6378384   9.6378384   9.6378384   9.6378384 ]
 [-8.47684107 -8.47684107 -8.47684107 -8.47684107]
 [ 6.87070334  6.87070334  6.87070334 -6.6747708 ]
 [ 1.979849    1.979849    1.979849    1.979849  ]
 [ 2.97044741 -1.96544045  2.97044741  2.97044741]
 [-2.11637801 -2.11637801 -2.11637801 -2.11637801]
 [-6.2451834  -6.2451834  -6.2451834  -6.2451834 ]
 [-9.6067478  -4.43927408 -4.43927408 -9.6067478 ]
 [-5.59795299  0.69200768 -5.59795299  2.28658695]]
Train validation errors
[[1.4368064952763976e+42, 1.462009963608213e+42], [1.437104230739993e+42, 1.4624162235514964e+42], [1.4368113754306692e+42, 1.4620166756852478e+42], [1.437173597820486e+42, 1.462510810918051e+42]]
Population:
[[ 1.65650614  1.65650614  1.65650614  1.65650614]
 [ 1.00159096 -4.17136006 -4.17136006 -5.66735397]
 [ 9.6378384   9.6378384   9.6378384   9.81927774]
 [-8.47684107 -8.47684107 -8.47684107 -8.47684107]
 [ 6.87070334  6.87070334  6.87070334  6.87070334]
 [ 1.979849    1.979849    1.979849    1.979849  ]
 [-1.96544045  2.97044741  2.97044741  2.97044741]
 [-2.11637801 -2.11637801 -2.11637801 -2.11637801]
 [-6.2451834  -6.2451834  -6.2451834  -6.2451834 ]
 [-9.6067478  -4.43927408 -4.43927408 -9.6067478 ]
 [-5.59795299  0.69200768 -5.59795299 -5.59795299]]
Train validation errors
[[1.4368064952763976e+42, 1.462009963608213e+42], [1.437104230739993e+42, 1.4624162235514964e+42], [1.4368113754306692e+42, 1.4620166756852478e+42], [1.4368064952763976e+42, 1.462009963608213e+42]]
