Fitness funtion: -1 * (train_validation_error[:, 1] + train_validation_error[:, 0])
Initialed with the best that we have until now
Starting all over again with new root population
No of generations: 10
Population size: 10
Mutation coefficient: 0.2
Split point: 7
Two offspring per pair
Population:
[[ 1.14995314e+00  0.00000000e+00  0.00000000e+00  0.00000000e+00
   0.00000000e+00  0.00000000e+00  0.00000000e+00  0.00000000e+00
   0.00000000e+00  0.00000000e+00]
 [-1.45799022e-12 -1.45799022e-12 -1.45799022e-12 -1.45799022e-12
  -1.45799022e-12 -1.45799022e-12 -7.02739644e+00 -1.45799022e-12
  -1.45799022e-12 -1.45799022e-12]
 [-2.28980078e-13 -2.28980078e-13 -2.28980078e-13 -2.28980078e-13
  -2.28980078e-13 -2.28980078e-13 -2.28980078e-13 -2.28980078e-13
  -2.28980078e-13 -2.28980078e-13]
 [ 4.62010753e-11  4.62010753e-11  4.62010753e-11  4.62010753e-11
   4.62010753e-11  4.62010753e-11  4.62010753e-11  4.62010753e-11
   4.62010753e-11  4.62010753e-11]
 [ 1.19700837e+00 -1.75214813e-10 -1.75214813e-10 -7.77302479e+00
  -1.75214813e-10 -1.75214813e-10 -1.75214813e-10 -1.75214813e-10
  -1.75214813e-10 -1.75214813e-10]
 [-1.83669770e-15 -1.83669770e-15  5.59585898e+00 -8.77835689e+00
  -3.07675176e+00 -1.83669770e-15 -1.83669770e-15 -1.49776103e+00
  -1.83669770e-15 -1.83669770e-15]
 [ 8.52944060e-16  8.52944060e-16  8.52944060e-16 -6.21026544e+00
   8.52944060e-16  8.52944060e-16  8.52944060e-16  8.52944060e-16
   8.52944060e-16  8.52944060e-16]
 [ 2.29423303e-05 -1.02882579e+00  2.29423303e-05  2.29423303e-05
   2.29423303e-05 -3.69067655e+00  2.29423303e-05  2.29423303e-05
   2.29423303e-05  2.29423303e-05]
 [-2.04721003e-06 -2.04721003e-06 -2.04721003e-06 -2.04721003e-06
  -2.04721003e-06  8.10732304e+00 -2.04721003e-06 -2.04721003e-06
  -2.04721003e-06 -2.04721003e-06]
 [-7.71098231e+00 -1.59792834e-08 -1.59792834e-08 -1.59792834e-08
  -1.59792834e-08 -1.59792834e-08 -1.59792834e-08 -1.59792834e-08
  -1.59792834e-08 -1.59792834e-08]
 [ 9.98214034e-10  9.98214034e-10  9.98214034e-10  9.98214034e-10
   9.98214034e-10  9.98214034e-10  9.98214034e-10  9.98214034e-10
   9.98214034e-10  9.98214034e-10]]
Train validation errors
[[1.1467708922008117e+31, 2.1984537312458053e+31], [3.7832951006414886e+22, 7.393533133735402e+22], [1.1480193850578367e+43, 1.1682319801207858e+43], [2.8251542505538157e+43, 2.8748953085882513e+43], [3.4705684535699084e+42, 3.531672992137189e+42], [5.330770980602948e+27, 1.0324344277894126e+28], [13517372707.713192, 368243047773.0036], [8.224334222228087e+41, 8.369135903680413e+41], [13510723304.19212, 368296592820.6967], [13510723304.19212, 368296592820.6967]]
Selected parents:
[[ 1.14995314e+00 -1.45799022e-12 -2.28980078e-13  4.62010753e-11
   1.19700837e+00 -1.83669770e-15  8.52944060e-16  2.29423303e-05
  -2.04721003e-06 -7.71098231e+00  9.98214034e-10]
 [ 0.00000000e+00 -1.45799022e-12 -2.28980078e-13  4.62010753e-11
  -1.75214813e-10 -1.83669770e-15  8.52944060e-16 -1.02882579e+00
  -2.04721003e-06 -1.59792834e-08  9.98214034e-10]
 [ 0.00000000e+00 -1.45799022e-12 -2.28980078e-13  4.62010753e-11
  -1.75214813e-10 -1.83669770e-15  8.52944060e-16 -3.69067655e+00
   8.10732304e+00 -1.59792834e-08  9.98214034e-10]
 [ 0.00000000e+00 -7.02739644e+00 -2.28980078e-13  4.62010753e-11
  -1.75214813e-10 -1.83669770e-15  8.52944060e-16  2.29423303e-05
  -2.04721003e-06 -1.59792834e-08  9.98214034e-10]
 [ 0.00000000e+00 -1.45799022e-12 -2.28980078e-13  4.62010753e-11
  -1.75214813e-10 -1.83669770e-15  8.52944060e-16  2.29423303e-05
  -2.04721003e-06 -1.59792834e-08  9.98214034e-10]
 [ 0.00000000e+00 -1.45799022e-12 -2.28980078e-13  4.62010753e-11
  -1.75214813e-10 -1.83669770e-15  8.52944060e-16  2.29423303e-05
  -2.04721003e-06 -1.59792834e-08  9.98214034e-10]]Population:
[[ 0.00000000e+00  0.00000000e+00  0.00000000e+00  0.00000000e+00
   2.61957617e+00 -3.28916954e+00  6.23675792e+00  0.00000000e+00
   1.14995314e+00 -8.74317959e+00]
 [-7.02739644e+00 -1.45799022e-12  5.75710318e+00 -1.45799022e-12
  -5.49798439e-02 -1.45799022e-12  6.82869028e+00 -1.45799022e-12
  -1.45799022e-12 -1.45799022e-12]
 [-2.28980078e-13 -2.28980078e-13 -2.28980078e-13 -2.28980078e-13
  -2.28980078e-13  3.20708955e+00 -5.26986394e+00 -2.28980078e-13
  -2.28980078e-13 -2.28980078e-13]
 [ 4.62010753e-11  4.62010753e-11  4.62010753e-11 -2.63668229e+00
   4.62010753e-11  6.38711431e+00  4.62010753e-11 -1.37077623e-01
   5.90840210e+00  4.62010753e-11]
 [-1.75214813e-10 -1.75214813e-10 -1.75214813e-10 -2.38124301e+00
  -1.75214813e-10 -1.75214813e-10 -1.75214813e-10  2.92117484e+00
   3.22173992e+00  1.19700837e+00]
 [-1.83669770e-15 -1.83669770e-15 -8.30919484e+00  3.40051979e+00
   5.24237445e+00 -1.83669770e-15 -1.83669770e-15 -1.83669770e-15
  -1.83669770e-15 -1.83669770e-15]
 [ 8.52944060e-16  8.52944060e-16 -7.26542169e+00  3.13684817e+00
   5.50787580e-01  8.52944060e-16  8.70084769e+00 -7.75309921e+00
   8.52944060e-16  8.52944060e-16]
 [ 2.29423303e-05  2.29423303e-05 -7.69176749e+00  2.29423303e-05
   2.29423303e-05  7.42194820e+00 -7.71702098e+00  2.29423303e-05
   2.29423303e-05  2.29423303e-05]
 [-2.04721003e-06 -2.04721003e-06 -2.04721003e-06 -6.89917400e+00
  -2.04721003e-06  8.10732304e+00 -7.65603535e+00 -6.28320452e+00
  -2.04721003e-06 -2.04721003e-06]
 [-1.59792834e-08 -1.59792834e-08 -1.59792834e-08  8.22843461e+00
  -1.59792834e-08  8.28906363e+00 -1.59792834e-08  2.67781838e-01
   3.68605782e+00 -5.63246921e+00]
 [ 9.98214034e-10  9.98214034e-10  1.05053264e+00  9.98214034e-10
   7.17422425e+00 -9.14353046e-01  9.98214034e-10  9.98214034e-10
   9.98214034e-10  9.98214034e-10]]
Train validation errors
[[13517372707.713192, 368243047773.0036], [13510723304.19212, 368296592820.6967], [2.531220984509225e+43, 2.57577979101577e+43], [4.239431836629708e+42, 4.314078055669451e+42], [1.0076504422652301e+43, 1.0254223035575403e+43], [2.510724724769048e+32, 4.687931710240315e+32], [5.035099352738677e+27, 9.783220665239256e+27], [4.0712833364835703e+27, 6.963786021958206e+27], [2.62048418768162e+30, 5.023682836015574e+30], [6.118639962692586e+30, 1.1729933979083738e+31]]
Selected parents:
[[ 0.00000000e+00 -7.02739644e+00 -2.28980078e-13  4.62010753e-11
  -1.75214813e-10 -1.83669770e-15  8.52944060e-16  2.29423303e-05
  -2.04721003e-06 -1.59792834e-08  9.98214034e-10]
 [ 0.00000000e+00 -1.45799022e-12 -2.28980078e-13  4.62010753e-11
  -1.75214813e-10 -1.83669770e-15  8.52944060e-16  2.29423303e-05
  -2.04721003e-06 -1.59792834e-08  9.98214034e-10]
 [ 6.23675792e+00  6.82869028e+00 -5.26986394e+00  4.62010753e-11
  -1.75214813e-10 -1.83669770e-15  8.70084769e+00 -7.71702098e+00
  -7.65603535e+00 -1.59792834e-08  9.98214034e-10]
 [ 0.00000000e+00 -1.45799022e-12 -2.28980078e-13 -1.37077623e-01
   2.92117484e+00 -1.83669770e-15 -7.75309921e+00  2.29423303e-05
  -6.28320452e+00  2.67781838e-01  9.98214034e-10]
 [ 1.14995314e+00 -1.45799022e-12 -2.28980078e-13  5.90840210e+00
   3.22173992e+00 -1.83669770e-15  8.52944060e-16  2.29423303e-05
  -2.04721003e-06  3.68605782e+00  9.98214034e-10]
 [-8.74317959e+00 -1.45799022e-12 -2.28980078e-13  4.62010753e-11
   1.19700837e+00 -1.83669770e-15  8.52944060e-16  2.29423303e-05
  -2.04721003e-06 -5.63246921e+00  9.98214034e-10]]Population:
[[ 0.00000000e+00  0.00000000e+00  1.14995314e+00  1.14995314e+00
  -8.74317959e+00  0.00000000e+00  6.23675792e+00  5.80292102e+00
  -8.43656551e+00  1.14995314e+00]
 [-7.02739644e+00 -1.45799022e-12 -1.45799022e-12  2.13793408e+00
  -1.45799022e-12 -1.45799022e-12 -4.77293760e+00  3.68150619e+00
  -1.45799022e-12 -1.45799022e-12]
 [-2.28980078e-13 -2.28980078e-13  2.39449263e+00 -2.28980078e-13
   5.72325997e+00 -1.76950939e+00 -5.26986394e+00 -2.28980078e-13
  -2.28980078e-13 -2.28980078e-13]
 [ 4.62010753e-11  4.62010753e-11  7.78848638e+00  5.90840210e+00
   4.62010753e-11  4.62010753e-11  4.62010753e-11  4.44953732e+00
   5.90840210e+00 -7.83572398e+00]
 [-1.75214813e-10 -1.75214813e-10  3.64756814e+00  3.22173992e+00
  -1.75214813e-10 -8.32910955e+00 -1.75214813e-10 -1.75214813e-10
   1.19700837e+00  1.19700837e+00]
 [-1.83669770e-15 -1.83669770e-15 -5.25253751e+00  3.99276045e+00
  -1.83669770e-15 -1.83669770e-15 -1.83669770e-15 -1.83669770e-15
  -1.83669770e-15  3.19737843e+00]
 [ 8.52944060e-16  8.52944060e-16  8.52944060e-16  8.52944060e-16
  -5.68393652e+00  1.65095610e-01  8.52944060e-16 -4.11090604e-01
   8.52944060e-16  8.52944060e-16]
 [ 2.29423303e-05  2.29423303e-05  2.29423303e-05  3.69556490e+00
   2.40213542e+00  2.29423303e-05  3.78263787e+00 -2.98896144e+00
  -2.20525779e+00 -6.70258450e+00]
 [-2.04721003e-06 -2.04721003e-06  8.39539181e+00 -2.04721003e-06
  -2.04721003e-06 -2.04721003e-06 -7.65603535e+00 -7.65603535e+00
  -2.04721003e-06 -2.09894023e+00]
 [-1.59792834e-08 -1.59792834e-08 -1.59792834e-08 -1.59792834e-08
  -5.63246921e+00 -1.59792834e-08  4.28675747e+00 -1.59792834e-08
   3.68605782e+00  3.68605782e+00]
 [ 9.98214034e-10  9.98214034e-10  8.42094571e-01  9.98214034e-10
   9.98214034e-10  9.98214034e-10  6.26154900e+00  9.98214034e-10
   9.98214034e-10 -8.44496100e+00]]
Train validation errors
[[13517372707.713192, 368243047773.0036], [13510723304.19212, 368296592820.6967], [1.0114619231077672e+43, 1.0292665976391091e+43], [5.844699803310544e+42, 5.947604469548746e+42], [6.116405613395864e+30, 1.1725602100640842e+31], [231972110002856.3, 426372988003309.94], [1.8271778156233698e+34, 3.4590605930139197e+34], [4.9152869300496446e+27, 9.537853228264059e+27], [2.619141812574118e+30, 5.0210802836689207e+30], [3.7474068055589207e+42, 3.813167325639439e+42]]
Selected parents:
[[ 0.00000000e+00 -7.02739644e+00 -2.28980078e-13  4.62010753e-11
  -1.75214813e-10 -1.83669770e-15  8.52944060e-16  2.29423303e-05
  -2.04721003e-06 -1.59792834e-08  9.98214034e-10]
 [ 0.00000000e+00 -1.45799022e-12 -2.28980078e-13  4.62010753e-11
  -1.75214813e-10 -1.83669770e-15  8.52944060e-16  2.29423303e-05
  -2.04721003e-06 -1.59792834e-08  9.98214034e-10]
 [-8.74317959e+00 -1.45799022e-12  5.72325997e+00  4.62010753e-11
  -1.75214813e-10 -1.83669770e-15 -5.68393652e+00  2.40213542e+00
  -2.04721003e-06 -5.63246921e+00  9.98214034e-10]
 [ 0.00000000e+00 -1.45799022e-12 -1.76950939e+00  4.62010753e-11
  -8.32910955e+00 -1.83669770e-15  1.65095610e-01  2.29423303e-05
  -2.04721003e-06 -1.59792834e-08  9.98214034e-10]
 [ 5.80292102e+00  3.68150619e+00 -2.28980078e-13  4.44953732e+00
  -1.75214813e-10 -1.83669770e-15 -4.11090604e-01 -2.98896144e+00
  -7.65603535e+00 -1.59792834e-08  9.98214034e-10]
 [-8.43656551e+00 -1.45799022e-12 -2.28980078e-13  5.90840210e+00
   1.19700837e+00 -1.83669770e-15  8.52944060e-16 -2.20525779e+00
  -2.04721003e-06  3.68605782e+00  9.98214034e-10]]Population:
[[ 0.00000000e+00  0.00000000e+00  6.52062510e+00 -4.38615844e+00
  -7.32320583e+00  5.80292102e+00 -8.74317959e+00  5.48103358e+00
  -2.33484191e+00 -8.43656551e+00]
 [-7.02739644e+00 -1.45799022e-12  3.68150619e+00 -1.45799022e-12
  -1.45799022e-12 -6.38628891e+00  4.46634380e+00  7.63759673e+00
  -7.30422692e+00 -1.45799022e-12]
 [-2.28980078e-13 -2.28980078e-13 -2.28980078e-13 -2.28980078e-13
  -1.76950939e+00 -2.28980078e-13  5.72325997e+00 -1.76950939e+00
  -6.42527467e+00  8.90069572e+00]
 [ 4.62010753e-11  4.62010753e-11  4.44953732e+00  4.62010753e-11
   5.68300617e+00  8.31714725e+00 -8.35824435e+00 -1.26720253e+00
   5.90840210e+00  4.62010753e-11]
 [-1.75214813e-10 -1.75214813e-10  4.46041675e+00 -1.75214813e-10
   1.77674247e+00  4.63450914e-01  2.28857399e+00  4.91216814e+00
   1.19700837e+00 -1.75214813e-10]
 [-1.83669770e-15 -1.83669770e-15 -1.87365684e+00 -1.83669770e-15
  -1.83669770e-15 -1.83669770e-15 -1.83669770e-15 -1.83669770e-15
  -3.49653127e+00 -2.27502117e+00]
 [ 8.52944060e-16  8.52944060e-16 -8.63079771e+00 -4.11090604e-01
   1.65095610e-01  4.02760415e+00 -5.68393652e+00  2.76128973e+00
  -4.74037041e+00  5.17696155e+00]
 [ 2.29423303e-05  2.29423303e-05  2.40213542e+00  5.52284964e+00
   2.29423303e-05  2.29423303e-05  2.40213542e+00  2.40213542e+00
  -2.20525779e+00  2.29423303e-05]
 [-2.04721003e-06 -2.04721003e-06 -7.65603535e+00 -7.65603535e+00
   7.25182386e+00 -7.65603535e+00 -2.04721003e-06 -2.04721003e-06
  -2.04721003e-06 -2.04721003e-06]
 [-1.59792834e-08 -1.59792834e-08  2.72484253e+00 -5.63246921e+00
  -1.59792834e-08 -1.59792834e-08 -5.63246921e+00 -5.63246921e+00
  -6.62459369e+00 -2.37803506e+00]
 [ 9.98214034e-10  9.98214034e-10  9.98214034e-10 -7.09264507e+00
  -1.61447757e+00  6.36727908e+00  9.98214034e-10 -6.14587430e+00
  -7.54382830e+00  9.98214034e-10]]
Train validation errors
[[13517372707.713192, 368243047773.0036], [13510723304.19212, 368296592820.6967], [1.2870488430808162e+42, 1.3097084386570804e+42], [2.3591665733588377e+34, 4.466750012175858e+34], [1.1784387765107708e+33, 2.229345660187044e+33], [1.8380883824792379e+34, 3.4773867579024443e+34], [6.116405597203037e+30, 1.1725602065795195e+31], [1.7784253359578758e+34, 3.367547611700396e+34], [4.4828241879423905e+42, 4.561970070593545e+42], [1.897523554437596e+42, 1.9309332128346827e+42]]
Selected parents:
[[ 0.00000000e+00 -7.02739644e+00 -2.28980078e-13  4.62010753e-11
  -1.75214813e-10 -1.83669770e-15  8.52944060e-16  2.29423303e-05
  -2.04721003e-06 -1.59792834e-08  9.98214034e-10]
 [ 0.00000000e+00 -1.45799022e-12 -2.28980078e-13  4.62010753e-11
  -1.75214813e-10 -1.83669770e-15  8.52944060e-16  2.29423303e-05
  -2.04721003e-06 -1.59792834e-08  9.98214034e-10]
 [-7.32320583e+00 -1.45799022e-12 -1.76950939e+00  5.68300617e+00
   1.77674247e+00 -1.83669770e-15  1.65095610e-01  2.29423303e-05
   7.25182386e+00 -1.59792834e-08 -1.61447757e+00]
 [ 5.80292102e+00 -6.38628891e+00 -2.28980078e-13  8.31714725e+00
   4.63450914e-01 -1.83669770e-15  4.02760415e+00  2.29423303e-05
  -7.65603535e+00 -1.59792834e-08  6.36727908e+00]
 [-8.74317959e+00  4.46634380e+00  5.72325997e+00 -8.35824435e+00
   2.28857399e+00 -1.83669770e-15 -5.68393652e+00  2.40213542e+00
  -2.04721003e-06 -5.63246921e+00  9.98214034e-10]
 [ 5.48103358e+00  7.63759673e+00 -1.76950939e+00 -1.26720253e+00
   4.91216814e+00 -1.83669770e-15  2.76128973e+00  2.40213542e+00
  -2.04721003e-06 -5.63246921e+00 -6.14587430e+00]]Population:
[[ 0.00000000e+00  0.00000000e+00 -7.32320583e+00 -7.32320583e+00
  -8.74317959e+00 -8.74317959e+00  5.52665875e-01 -8.74317959e+00
   0.00000000e+00 -7.32320583e+00]
 [-7.02739644e+00 -1.45799022e-12 -7.02739644e+00 -1.45799022e-12
   4.46634380e+00 -7.02739644e+00 -1.43337832e+00  3.84553910e+00
   3.44455074e+00 -1.45799022e-12]
 [-2.28980078e-13 -2.28980078e-13 -2.28980078e-13 -2.28980078e-13
  -2.44572601e+00  2.77724519e+00  5.72325997e+00  5.72325997e+00
  -2.28980078e-13 -1.76950939e+00]
 [ 4.62010753e-11  4.62010753e-11  4.62010753e-11  5.68300617e+00
  -7.93057129e+00  4.62010753e-11  5.68300617e+00 -8.35824435e+00
   4.62010753e-11  4.62010753e-11]
 [-1.75214813e-10 -1.75214813e-10  1.77674247e+00 -1.75214813e-10
  -8.29406399e+00  2.28857399e+00  1.77674247e+00  1.77674247e+00
  -9.46278442e-01 -5.61921959e+00]
 [-1.83669770e-15 -1.83669770e-15  3.73476823e+00 -1.83669770e-15
   1.28768777e+00 -1.84922802e+00 -1.83669770e-15 -1.83669770e-15
  -1.83669770e-15 -1.83669770e-15]
 [ 8.52944060e-16  8.52944060e-16  8.52944060e-16  1.65095610e-01
  -6.16382747e+00  8.52944060e-16  1.65095610e-01 -5.68393652e+00
   2.21645073e-01  8.52944060e-16]
 [ 2.29423303e-05  2.29423303e-05  2.29423303e-05  2.29423303e-05
   2.40213542e+00  2.29423303e-05  6.66352057e+00  2.40213542e+00
   2.29423303e-05  2.29423303e-05]
 [-2.04721003e-06 -2.04721003e-06 -2.04721003e-06  1.40343667e+00
   6.63592335e+00 -2.04721003e-06  1.65780041e+00 -2.04721003e-06
   8.77626087e+00  5.90949110e+00]
 [-1.59792834e-08 -1.59792834e-08 -1.59792834e-08 -1.59792834e-08
  -1.59792834e-08 -6.95762468e+00 -5.63246921e+00 -2.59962812e+00
   8.97030770e+00 -1.59792834e-08]
 [ 9.98214034e-10  9.98214034e-10 -1.56671987e+00 -1.61447757e+00
   9.98214034e-10 -2.86474047e+00  9.98214034e-10 -1.61447757e+00
  -4.61915349e+00  1.02479287e+00]]
Train validation errors
[[13517372707.713192, 368243047773.0036], [13510723304.19212, 368296592820.6967], [5.113653797653387e+42, 5.2036395929186574e+42], [1.1820767260666927e+33, 2.2363198168288948e+33], [6.079066541684428e+41, 6.186097890656732e+41], [1.2538393970077028e+42, 1.2759605101761569e+42], [6.040455663386183e+30, 1.1574862852760795e+31], [1.261324365517655e+33, 2.38990449039158e+33], [8.922703220386475e+33, 1.6845097141800252e+34], [4.789616167830685e+32, 9.06194702292066e+32]]
Selected parents:
[[ 0.00000000e+00 -7.02739644e+00 -2.28980078e-13  4.62010753e-11
  -1.75214813e-10 -1.83669770e-15  8.52944060e-16  2.29423303e-05
  -2.04721003e-06 -1.59792834e-08  9.98214034e-10]
 [ 0.00000000e+00 -1.45799022e-12 -2.28980078e-13  4.62010753e-11
  -1.75214813e-10 -1.83669770e-15  8.52944060e-16  2.29423303e-05
  -2.04721003e-06 -1.59792834e-08  9.98214034e-10]
 [-7.32320583e+00 -1.45799022e-12 -2.28980078e-13  5.68300617e+00
  -1.75214813e-10 -1.83669770e-15  1.65095610e-01  2.29423303e-05
   1.40343667e+00 -1.59792834e-08 -1.61447757e+00]
 [ 5.52665875e-01 -1.43337832e+00  5.72325997e+00  5.68300617e+00
   1.77674247e+00 -1.83669770e-15  1.65095610e-01  6.66352057e+00
   1.65780041e+00 -5.63246921e+00  9.98214034e-10]
 [-8.74317959e+00  3.84553910e+00  5.72325997e+00 -8.35824435e+00
   1.77674247e+00 -1.83669770e-15 -5.68393652e+00  2.40213542e+00
  -2.04721003e-06 -2.59962812e+00 -1.61447757e+00]
 [-7.32320583e+00 -1.45799022e-12 -1.76950939e+00  4.62010753e-11
  -5.61921959e+00 -1.83669770e-15  8.52944060e-16  2.29423303e-05
   5.90949110e+00 -1.59792834e-08  1.02479287e+00]]Population:
[[ 0.00000000e+00  0.00000000e+00 -3.58795456e+00 -7.32320583e+00
  -2.46750525e+00  0.00000000e+00  5.52665875e-01  5.52665875e-01
   0.00000000e+00 -7.32320583e+00]
 [-7.02739644e+00 -1.45799022e-12  2.72225825e+00 -7.52690456e+00
  -5.67915190e+00 -7.57510079e+00 -1.43337832e+00 -1.43337832e+00
   5.17478481e+00 -1.45799022e-12]
 [-2.28980078e-13 -2.28980078e-13  5.72325997e+00  1.17770334e+00
  -8.74725961e+00 -3.21349126e+00  5.72325997e+00  7.75788432e+00
   8.34019765e+00  4.71813986e+00]
 [ 4.62010753e-11  4.62010753e-11  5.68300617e+00  5.68300617e+00
   4.62010753e-11  4.62010753e-11  4.62010753e-11  5.68300617e+00
   4.62010753e-11  5.68300617e+00]
 [-1.75214813e-10 -1.75214813e-10 -5.61921959e+00 -5.61921959e+00
  -1.75214813e-10 -5.96013105e+00 -1.75214813e-10  1.77674247e+00
  -1.75214813e-10 -1.75214813e-10]
 [-1.83669770e-15 -1.83669770e-15 -8.06187991e+00 -3.19677514e+00
  -1.81474301e+00 -1.83669770e-15 -1.83669770e-15 -1.83669770e-15
  -1.83669770e-15 -1.83669770e-15]
 [ 8.52944060e-16  8.52944060e-16 -8.84787972e+00  8.52944060e-16
   8.52944060e-16  8.52944060e-16 -5.96825185e+00  1.65095610e-01
   8.52944060e-16  8.52944060e-16]
 [ 2.29423303e-05  2.29423303e-05  6.66352057e+00  2.29423303e-05
   2.29423303e-05  1.43627498e+00 -6.22121020e+00 -3.15194355e+00
   2.29423303e-05  2.29423303e-05]
 [-2.04721003e-06 -2.04721003e-06 -4.90756955e+00 -3.80082915e+00
  -2.04721003e-06  3.84453404e+00 -4.62910041e+00 -2.04721003e-06
  -3.02402859e+00 -2.04721003e-06]
 [-1.59792834e-08 -1.59792834e-08 -5.63246921e+00 -1.59792834e-08
  -1.59792834e-08  6.70483513e-01 -8.07888482e+00 -1.59792834e-08
  -4.93561380e+00 -1.59792834e-08]
 [ 9.98214034e-10  9.98214034e-10 -1.12624864e+00 -5.11815525e+00
  -4.03636438e+00  9.98214034e-10  9.98214034e-10 -1.65289404e+00
  -1.61447757e+00 -1.61447757e+00]]
Train validation errors
[[13517372707.713192, 368243047773.0036], [13510723304.19212, 368296592820.6967], [2.3828277064775926e+43, 2.424789138353342e+43], [3.74700690367465e+42, 3.813112027885285e+42], [1.2075577910321012e+42, 1.2288783863422675e+42], [1.0804577308378841e+29, 2.0856195599774842e+29], [1.2887633663600012e+31, 2.4727149115020453e+31], [1.2399572463578022e+33, 2.3458484101188102e+33], [1.3360319215725302e+33, 2.5346291980340502e+33], [1.182950565998146e+33, 2.2379950360261846e+33]]
Selected parents:
[[ 0.00000000e+00 -7.02739644e+00 -2.28980078e-13  4.62010753e-11
  -1.75214813e-10 -1.83669770e-15  8.52944060e-16  2.29423303e-05
  -2.04721003e-06 -1.59792834e-08  9.98214034e-10]
 [ 0.00000000e+00 -1.45799022e-12 -2.28980078e-13  4.62010753e-11
  -1.75214813e-10 -1.83669770e-15  8.52944060e-16  2.29423303e-05
  -2.04721003e-06 -1.59792834e-08  9.98214034e-10]
 [ 0.00000000e+00 -7.57510079e+00 -3.21349126e+00  4.62010753e-11
  -5.96013105e+00 -1.83669770e-15  8.52944060e-16  1.43627498e+00
   3.84453404e+00  6.70483513e-01  9.98214034e-10]
 [ 5.52665875e-01 -1.43337832e+00  5.72325997e+00  4.62010753e-11
  -1.75214813e-10 -1.83669770e-15 -5.96825185e+00 -6.22121020e+00
  -4.62910041e+00 -8.07888482e+00  9.98214034e-10]
 [ 5.52665875e-01 -1.43337832e+00  7.75788432e+00  5.68300617e+00
   1.77674247e+00 -1.83669770e-15  1.65095610e-01 -3.15194355e+00
  -2.04721003e-06 -1.59792834e-08 -1.65289404e+00]
 [-7.32320583e+00 -1.45799022e-12  4.71813986e+00  5.68300617e+00
  -1.75214813e-10 -1.83669770e-15  8.52944060e-16  2.29423303e-05
  -2.04721003e-06 -1.59792834e-08 -1.61447757e+00]]Population:
[[ 0.00000000e+00  0.00000000e+00  0.00000000e+00  6.50669222e-01
   5.52665875e-01 -2.06493924e+00  0.00000000e+00  1.11478014e+00
   4.32852241e+00 -7.75097436e+00]
 [-7.02739644e+00 -1.45799022e-12  4.99281849e+00 -7.02739644e+00
  -1.45799022e-12 -1.45799022e-12 -1.45799022e-12 -1.45799022e-12
  -1.43337832e+00 -7.02739644e+00]
 [-2.28980078e-13 -2.28980078e-13 -2.28980078e-13 -2.28980078e-13
  -2.28980078e-13  5.72325997e+00  4.17882712e+00  4.71813986e+00
   5.72325997e+00 -2.28980078e-13]
 [ 4.62010753e-11  4.62010753e-11  4.62010753e-11  2.44633607e-01
   4.62010753e-11  4.62010753e-11 -7.34317262e+00  5.28427445e+00
   4.62010753e-11  4.57867261e+00]
 [-1.75214813e-10 -1.75214813e-10 -1.75214813e-10 -1.75214813e-10
  -1.75214813e-10 -1.75214813e-10 -1.75214813e-10 -1.75214813e-10
  -1.75214813e-10 -6.40298425e+00]
 [-1.83669770e-15 -1.83669770e-15 -7.69720884e+00 -1.83669770e-15
  -1.83669770e-15 -1.83669770e-15  2.88306294e+00 -1.83669770e-15
  -1.83669770e-15 -1.83669770e-15]
 [ 8.52944060e-16  8.52944060e-16  8.52944060e-16  8.52944060e-16
   6.45476515e+00 -3.99212379e+00  8.52944060e-16  3.36946527e+00
  -4.91827322e+00  8.52944060e-16]
 [ 2.29423303e-05  2.29423303e-05  2.29423303e-05  2.29423303e-05
  -6.22121020e+00  4.82115641e+00  2.29423303e-05  2.29423303e-05
   2.29423303e-05  2.29423303e-05]
 [-2.04721003e-06 -2.04721003e-06  6.82136625e+00 -2.04721003e-06
  -2.04721003e-06  4.22466738e+00 -2.04721003e-06 -2.04721003e-06
  -4.62910041e+00 -7.92066877e+00]
 [-1.59792834e-08 -1.59792834e-08 -1.59792834e-08 -1.59792834e-08
  -8.07888482e+00 -1.59792834e-08 -2.12746093e+00 -1.59792834e-08
  -8.07888482e+00 -7.03650237e-01]
 [ 9.98214034e-10  9.98214034e-10 -2.73929016e+00  9.98214034e-10
   9.98214034e-10 -2.94393221e+00  9.98214034e-10 -1.61447757e+00
   9.98214034e-10  1.49761404e+00]]
Train validation errors
[[13517372707.713192, 368243047773.0036], [13510723304.19212, 368296592820.6967], [2.1721616563716068e+43, 2.210422980153557e+43], [13615890579.271172, 375065349004.8688], [1.2596399338591706e+31, 2.41485093557338e+31], [3.9284042826647497e+33, 7.431919986192915e+33], [3.0473583627057476e+42, 3.101010608779319e+42], [1.1829505659990289e+33, 2.2379950360280693e+33], [1.2879237432052887e+31, 2.471086037088399e+31], [9.941030690125052e+32, 1.8797051219313174e+33]]
Selected parents:
[[ 0.00000000e+00 -7.02739644e+00 -2.28980078e-13  4.62010753e-11
  -1.75214813e-10 -1.83669770e-15  8.52944060e-16  2.29423303e-05
  -2.04721003e-06 -1.59792834e-08  9.98214034e-10]
 [ 0.00000000e+00 -1.45799022e-12 -2.28980078e-13  4.62010753e-11
  -1.75214813e-10 -1.83669770e-15  8.52944060e-16  2.29423303e-05
  -2.04721003e-06 -1.59792834e-08  9.98214034e-10]
 [ 6.50669222e-01 -7.02739644e+00 -2.28980078e-13  2.44633607e-01
  -1.75214813e-10 -1.83669770e-15  8.52944060e-16  2.29423303e-05
  -2.04721003e-06 -1.59792834e-08  9.98214034e-10]
 [ 5.52665875e-01 -1.45799022e-12 -2.28980078e-13  4.62010753e-11
  -1.75214813e-10 -1.83669770e-15  6.45476515e+00 -6.22121020e+00
  -2.04721003e-06 -8.07888482e+00  9.98214034e-10]
 [ 4.32852241e+00 -1.43337832e+00  5.72325997e+00  4.62010753e-11
  -1.75214813e-10 -1.83669770e-15 -4.91827322e+00  2.29423303e-05
  -4.62910041e+00 -8.07888482e+00  9.98214034e-10]
 [-7.75097436e+00 -7.02739644e+00 -2.28980078e-13  4.57867261e+00
  -6.40298425e+00 -1.83669770e-15  8.52944060e-16  2.29423303e-05
  -7.92066877e+00 -7.03650237e-01  1.49761404e+00]]Population:
[[ 0.00000000e+00  0.00000000e+00  0.00000000e+00  6.50669222e-01
   5.74851441e+00  9.76715457e-01  0.00000000e+00 -3.86211664e+00
   5.40689700e+00 -4.22916780e+00]
 [-7.02739644e+00 -1.45799022e-12  4.55738547e+00 -7.02739644e+00
  -7.02739644e+00 -7.02739644e+00 -7.02739644e+00 -7.02739644e+00
  -7.41480076e+00 -1.22628271e+00]
 [-2.28980078e-13 -2.28980078e-13 -3.13009279e+00 -2.28980078e-13
  -2.28980078e-13 -2.28980078e-13 -3.19768169e+00 -2.28980078e-13
   1.60259288e+00 -2.28980078e-13]
 [ 4.62010753e-11  4.62010753e-11 -5.34869307e+00  2.44633607e-01
   4.62010753e-11  4.62010753e-11  4.62010753e-11 -6.46285731e+00
   4.62010753e-11  4.62010753e-11]
 [-1.75214813e-10 -1.75214813e-10 -1.75214813e-10 -1.75214813e-10
  -1.75214813e-10 -1.75214813e-10 -1.75214813e-10 -1.75214813e-10
  -1.75214813e-10 -1.75214813e-10]
 [-1.83669770e-15 -1.83669770e-15 -1.83669770e-15  6.11764894e+00
  -1.83669770e-15  4.50850884e+00 -1.83669770e-15 -1.83669770e-15
  -1.83669770e-15 -1.83669770e-15]
 [ 8.52944060e-16  8.52944060e-16  8.52944060e-16  8.52944060e-16
  -5.04227090e+00  8.52944060e-16  8.52944060e-16  8.52944060e-16
  -4.91827322e+00  8.52944060e-16]
 [ 2.29423303e-05  2.29423303e-05  2.29423303e-05  1.70419074e+00
   3.15849339e+00 -6.40339763e+00  2.29423303e-05 -5.43408055e+00
   2.29423303e-05  6.38258062e-01]
 [-2.04721003e-06 -2.04721003e-06 -5.88331437e+00  5.52111522e+00
  -2.09850118e+00 -1.27735210e+00 -1.41842008e+00 -2.14996970e+00
  -4.62910041e+00  3.47072799e+00]
 [-1.59792834e-08 -1.59792834e-08 -1.59792834e-08 -8.32332389e-01
  -1.59792834e-08 -1.59792834e-08 -1.59792834e-08 -1.59792834e-08
  -8.07888482e+00 -1.59792834e-08]
 [ 9.98214034e-10  9.98214034e-10  4.25910560e+00  3.36346852e+00
   9.98214034e-10  9.98214034e-10  9.98214034e-10  9.98214034e-10
   8.59477885e+00  4.34293804e+00]]
Train validation errors
[[13517372707.713192, 368243047773.0036], [13510723304.19212, 368296592820.6967], [8.222982114634731e+33, 1.5556613803585606e+34], [1.372145140785496e+43, 1.3963205091011867e+43], [3.424036394533463e+26, 6.614568068115601e+26], [7.452149279505709e+42, 7.583355469578592e+42], [1.6614193847064947e+26, 3.221105510240755e+26], [4.208525324348924e+26, 8.201637532475463e+26], [3.224720566221502e+34, 6.094799340408464e+34], [8.565759136139107e+33, 1.6205497355666865e+34]]
Selected parents:
[[ 0.00000000e+00 -7.02739644e+00 -2.28980078e-13  4.62010753e-11
  -1.75214813e-10 -1.83669770e-15  8.52944060e-16  2.29423303e-05
  -2.04721003e-06 -1.59792834e-08  9.98214034e-10]
 [ 0.00000000e+00 -1.45799022e-12 -2.28980078e-13  4.62010753e-11
  -1.75214813e-10 -1.83669770e-15  8.52944060e-16  2.29423303e-05
  -2.04721003e-06 -1.59792834e-08  9.98214034e-10]
 [ 0.00000000e+00  4.55738547e+00 -3.13009279e+00 -5.34869307e+00
  -1.75214813e-10 -1.83669770e-15  8.52944060e-16  2.29423303e-05
  -5.88331437e+00 -1.59792834e-08  4.25910560e+00]
 [ 5.74851441e+00 -7.02739644e+00 -2.28980078e-13  4.62010753e-11
  -1.75214813e-10 -1.83669770e-15 -5.04227090e+00  3.15849339e+00
  -2.09850118e+00 -1.59792834e-08  9.98214034e-10]
 [ 0.00000000e+00 -7.02739644e+00 -3.19768169e+00  4.62010753e-11
  -1.75214813e-10 -1.83669770e-15  8.52944060e-16  2.29423303e-05
  -1.41842008e+00 -1.59792834e-08  9.98214034e-10]
 [-3.86211664e+00 -7.02739644e+00 -2.28980078e-13 -6.46285731e+00
  -1.75214813e-10 -1.83669770e-15  8.52944060e-16 -5.43408055e+00
  -2.14996970e+00 -1.59792834e-08  9.98214034e-10]]Population:
[[ 0.00000000e+00  0.00000000e+00 -3.86211664e+00 -3.86211664e+00
   0.00000000e+00  0.00000000e+00  0.00000000e+00  0.00000000e+00
   5.92497349e+00  0.00000000e+00]
 [-7.02739644e+00 -1.45799022e-12 -4.81907848e+00 -7.57675143e-01
  -1.45799022e-12 -2.35131501e+00 -7.02739644e+00  1.25185467e+00
   4.55738547e+00 -7.02739644e+00]
 [-2.28980078e-13 -2.28980078e-13 -2.28980078e-13 -2.28980078e-13
  -2.28980078e-13 -2.28980078e-13 -2.28980078e-13 -3.07500786e+00
  -2.28980078e-13  7.07629184e+00]
 [ 4.62010753e-11  4.62010753e-11  4.62010753e-11  3.36260808e+00
   4.62010753e-11  2.84519024e+00 -3.91133439e+00  4.62010753e-11
  -5.34869307e+00  4.62010753e-11]
 [-1.75214813e-10 -1.75214813e-10 -1.75214813e-10 -1.75214813e-10
  -1.75214813e-10 -1.75214813e-10 -1.75214813e-10 -1.75214813e-10
  -1.75214813e-10 -1.75214813e-10]
 [-1.83669770e-15 -1.83669770e-15 -1.83669770e-15 -1.83669770e-15
   1.52576616e+00 -1.83669770e-15 -7.37096208e+00 -8.83278177e-01
  -6.55992270e+00  5.59697764e+00]
 [ 8.52944060e-16  8.52944060e-16  8.52944060e-16  4.20697225e+00
   8.52944060e-16  8.52944060e-16  8.52944060e-16  8.52944060e-16
   8.52944060e-16  8.52944060e-16]
 [ 2.29423303e-05  2.29423303e-05 -5.43408055e+00 -3.36749693e+00
   2.29423303e-05 -5.43408055e+00  2.29423303e-05 -5.45952303e+00
   3.05169235e+00  2.29423303e-05]
 [-2.04721003e-06 -2.04721003e-06 -2.04721003e-06  3.20567746e-01
  -2.04721003e-06 -6.79782681e+00  2.52655796e+00 -2.04721003e-06
   8.75882884e+00 -5.88331437e+00]
 [-1.59792834e-08 -1.59792834e-08 -1.59792834e-08 -3.95351301e-01
  -1.59792834e-08 -1.59792834e-08 -1.59792834e-08 -1.59792834e-08
   7.87362702e+00 -8.31497107e+00]
 [ 9.98214034e-10  9.98214034e-10  9.98214034e-10  9.98214034e-10
   9.98214034e-10 -4.17012815e+00  9.98214034e-10  9.98214034e-10
   9.98214034e-10  9.98214034e-10]]
Train validation errors
[[13517372707.713192, 368243047773.0036], [13510723304.19212, 368296592820.6967], [1.0554143412299384e+24, 2.0625560786429896e+24], [2.9390183512089856e+28, 5.627920161054277e+28], [8.534766704449066e+41, 8.68503401317146e+41], [7.903373632809113e+33, 1.4952490416464266e+34], [1.9918840265199348e+43, 2.0269541116836015e+43], [2.860294171911038e+41, 2.9106539243213185e+41], [1.5776564918919553e+43, 1.6054325871967548e+43], [1.1484761765089628e+43, 1.1686960078441902e+43]]
Selected parents:
[[ 0.00000000e+00 -7.02739644e+00 -2.28980078e-13  4.62010753e-11
  -1.75214813e-10 -1.83669770e-15  8.52944060e-16  2.29423303e-05
  -2.04721003e-06 -1.59792834e-08  9.98214034e-10]
 [ 0.00000000e+00 -1.45799022e-12 -2.28980078e-13  4.62010753e-11
  -1.75214813e-10 -1.83669770e-15  8.52944060e-16  2.29423303e-05
  -2.04721003e-06 -1.59792834e-08  9.98214034e-10]
 [-3.86211664e+00 -4.81907848e+00 -2.28980078e-13  4.62010753e-11
  -1.75214813e-10 -1.83669770e-15  8.52944060e-16 -5.43408055e+00
  -2.04721003e-06 -1.59792834e-08  9.98214034e-10]
 [-3.86211664e+00 -7.57675143e-01 -2.28980078e-13  3.36260808e+00
  -1.75214813e-10 -1.83669770e-15  4.20697225e+00 -3.36749693e+00
   3.20567746e-01 -3.95351301e-01  9.98214034e-10]
 [ 0.00000000e+00 -2.35131501e+00 -2.28980078e-13  2.84519024e+00
  -1.75214813e-10 -1.83669770e-15  8.52944060e-16 -5.43408055e+00
  -6.79782681e+00 -1.59792834e-08 -4.17012815e+00]
 [ 0.00000000e+00  1.25185467e+00 -3.07500786e+00  4.62010753e-11
  -1.75214813e-10 -8.83278177e-01  8.52944060e-16 -5.45952303e+00
  -2.04721003e-06 -1.59792834e-08  9.98214034e-10]]Population:
[[ 0.00000000e+00  0.00000000e+00  0.00000000e+00  0.00000000e+00
   0.00000000e+00  0.00000000e+00  0.00000000e+00  7.28252566e+00
  -3.86211664e+00 -1.29291322e+00]
 [-7.02739644e+00 -1.45799022e-12 -1.45799022e-12 -7.57675143e-01
  -7.02739644e+00 -7.12457768e+00  8.74938070e+00  7.63471341e+00
  -4.81907848e+00  5.73690586e+00]
 [-2.28980078e-13 -2.28980078e-13 -2.28980078e-13 -2.28980078e-13
   6.60676192e+00 -2.28980078e-13 -2.28980078e-13 -2.28980078e-13
  -2.28980078e-13 -2.28980078e-13]
 [ 4.62010753e-11  4.62010753e-11  3.36260808e+00  3.56136212e+00
   4.02504012e-01  6.07779788e+00 -3.05272362e+00  3.36260808e+00
   4.62010753e-11  1.08692278e-01]
 [-1.75214813e-10 -1.75214813e-10  7.75326008e+00 -1.75214813e-10
   4.52234557e+00 -1.75214813e-10 -1.75214813e-10 -6.57228990e-01
  -1.75214813e-10 -1.75214813e-10]
 [-1.83669770e-15 -1.83669770e-15  1.34837609e+00 -1.83669770e-15
  -1.83669770e-15 -4.49274391e+00 -2.63818097e+00 -1.83669770e-15
  -1.83669770e-15 -1.83669770e-15]
 [ 8.52944060e-16  8.52944060e-16 -9.58146065e-01 -6.73224224e+00
   8.52944060e-16  8.52944060e-16  4.20697225e+00  4.20697225e+00
   3.25784650e+00  2.04898797e+00]
 [ 2.29423303e-05  2.29423303e-05 -6.52705954e+00 -3.36749693e+00
  -2.27603042e+00  2.29423303e-05 -3.36749693e+00 -3.36749693e+00
   6.01079808e-02 -5.43408055e+00]
 [-2.04721003e-06 -2.04721003e-06  6.65274270e+00  3.20567746e-01
  -2.04721003e-06 -2.04721003e-06  6.03901425e+00  3.20567746e-01
  -2.04721003e-06  5.23873199e+00]
 [-1.59792834e-08 -1.59792834e-08 -6.47828587e+00 -3.95351301e-01
  -1.59792834e-08 -1.59792834e-08 -1.59792834e-08 -3.95351301e-01
  -1.59792834e-08 -1.59792834e-08]
 [ 9.98214034e-10  9.98214034e-10  9.98214034e-10 -1.10477204e-01
   9.98214034e-10  9.98214034e-10 -7.81198784e+00  9.98214034e-10
   2.68998782e+00  4.66650654e-01]]
Train validation errors
[[13517372707.713192, 368243047773.0036], [13510723304.19212, 368296592820.6967], [6.665536697056268e+41, 6.782878823189444e+41], [6.360189602523802e+30, 1.207081952116345e+31], [1.851476286683159e+23, 3.618248668166407e+23], [7.400124504646056e+42, 7.53041474362166e+42], [2.5521566670500772e+42, 2.5972592222690334e+42], [2.93901838629882e+28, 5.627920236131798e+28], [3.2840015678851847e+33, 6.212921790319527e+33], [9.97549761788167e+31, 1.887459743719181e+32]]
Selected parents:
[[ 0.00000000e+00 -7.02739644e+00 -2.28980078e-13  4.62010753e-11
  -1.75214813e-10 -1.83669770e-15  8.52944060e-16  2.29423303e-05
  -2.04721003e-06 -1.59792834e-08  9.98214034e-10]
 [ 0.00000000e+00 -1.45799022e-12 -2.28980078e-13  4.62010753e-11
  -1.75214813e-10 -1.83669770e-15  8.52944060e-16  2.29423303e-05
  -2.04721003e-06 -1.59792834e-08  9.98214034e-10]
 [ 0.00000000e+00 -7.57675143e-01 -2.28980078e-13  3.56136212e+00
  -1.75214813e-10 -1.83669770e-15 -6.73224224e+00 -3.36749693e+00
   3.20567746e-01 -3.95351301e-01 -1.10477204e-01]
 [ 0.00000000e+00 -7.02739644e+00  6.60676192e+00  4.02504012e-01
   4.52234557e+00 -1.83669770e-15  8.52944060e-16 -2.27603042e+00
  -2.04721003e-06 -1.59792834e-08  9.98214034e-10]
 [ 7.28252566e+00  7.63471341e+00 -2.28980078e-13  3.36260808e+00
  -6.57228990e-01 -1.83669770e-15  4.20697225e+00 -3.36749693e+00
   3.20567746e-01 -3.95351301e-01  9.98214034e-10]
 [-1.29291322e+00  5.73690586e+00 -2.28980078e-13  1.08692278e-01
  -1.75214813e-10 -1.83669770e-15  2.04898797e+00 -5.43408055e+00
   5.23873199e+00 -1.59792834e-08  4.66650654e-01]]Best offspring gen errors:
[[1.35173727e+10 3.68243048e+11]
 [1.35173727e+10 3.68243048e+11]
 [1.35173727e+10 3.68243048e+11]
 [1.35173727e+10 3.68243048e+11]
 [1.35173727e+10 3.68243048e+11]
 [1.35173727e+10 3.68243048e+11]
 [1.35173727e+10 3.68243048e+11]
 [1.35173727e+10 3.68243048e+11]
 [1.35173727e+10 3.68243048e+11]
 [1.35173727e+10 3.68243048e+11]]