Fitness funtion: -1 * (train_validation_error[:, 1] + train_validation_error[:, 0])
Initialed with the best that we have until now
Starting all over again with new root population
No of generations: 5
Population size: 10
Mutation coefficient: 0.2
Split point: 7
Two offspring per pair
Population:
[[ 0.00000000e+00 -2.10199507e-12 -2.28980078e-13  4.62010753e-11
  -2.55395144e-10 -1.83669770e-15  8.52944060e-16  1.39756047e-05
  -2.04721003e-06 -1.59792834e-08  9.98214034e-10]
 [ 0.00000000e+00 -6.62015276e-13 -1.69931947e-13  5.26682576e-11
  -1.79023327e-10 -1.70241187e-15  9.35778401e-16  2.18451610e-05
  -2.04721003e-06 -2.08824053e-08  9.98214034e-10]
 [ 0.00000000e+00 -1.43833479e-12 -1.58879922e-13  4.62010753e-11
  -2.28932802e-10 -1.83669770e-15  8.37809038e-16  1.68498301e-05
  -1.99030233e-06 -1.59792834e-08  9.77363352e-10]
 [ 5.30878418e-01 -1.45799022e-12 -1.65638324e-13  4.97082290e-11
  -2.65031419e-10 -1.38215878e-15  8.43333649e-16  2.29423303e-05
  -2.04721003e-06 -1.59792834e-08  1.08323175e-09]
 [ 0.00000000e+00 -2.30791653e-12 -1.53184062e-13  4.62010753e-11
  -1.75214813e-10 -1.72935994e-15  8.52944060e-16  2.03749676e-05
  -1.85703949e-06 -1.59792834e-08  9.98214034e-10]
 [ 0.00000000e+00 -1.31882656e-12 -2.28980078e-13  3.86349499e-11
  -1.75214813e-10 -1.83669770e-15  7.96396730e-16  2.10829889e-05
  -1.15394647e-06 -9.08342954e-09  1.00651129e-09]
 [-3.25605164e-01 -2.22743245e-12 -2.47294961e-13  4.33784192e-11
  -1.75214813e-10 -1.83669770e-15  8.82707393e-16  2.13078878e-05
  -1.34868148e-06 -1.59792834e-08  9.99008777e-10]
 [ 6.41802232e-01 -6.97651380e-13 -2.28980078e-13  3.72260706e-11
  -1.75214813e-10 -1.83669770e-15  8.52944060e-16  2.29423303e-05
  -2.04721003e-06 -1.59792834e-08  9.98214034e-10]
 [-2.83282515e-01 -1.03349561e-12 -2.34470827e-13  4.45854111e-11
  -2.34464575e-10 -1.83669770e-15  7.64786346e-16  1.50213274e-05
  -2.04721003e-06 -2.18053350e-08  9.10582703e-10]
 [ 2.05946294e-01 -1.32560896e-12 -2.28980078e-13  4.62010753e-11
  -1.75214813e-10 -1.12620265e-15  8.52944060e-16  2.29423303e-05
  -1.27374829e-06 -1.71572300e-08  9.98214034e-10]]
Train validation errors
[[2.86946232e+12 4.17660164e+12]
 [5.22007573e+12 7.98660316e+12]
 [1.18958955e+12 1.44287026e+12]
 [4.30556313e+12 1.02144011e+13]
 [1.81305138e+12 5.01318074e+12]
 [1.19305996e+14 2.45087277e+14]
 [3.69775291e+13 7.81772232e+13]
 [1.35107494e+10 3.68296704e+11]
 [3.45900001e+13 6.08455269e+13]
 [4.78417814e+13 9.72276655e+13]]
Selected parents:
[[ 0.00000000e+00  0.00000000e+00  0.00000000e+00  5.30878418e-01
   0.00000000e+00  6.41802232e-01]
 [-2.10199507e-12 -6.62015276e-13 -1.43833479e-12 -1.45799022e-12
  -2.30791653e-12 -6.97651380e-13]
 [-2.28980078e-13 -1.69931947e-13 -1.58879922e-13 -1.65638324e-13
  -1.53184062e-13 -2.28980078e-13]
 [ 4.62010753e-11  5.26682576e-11  4.62010753e-11  4.97082290e-11
   4.62010753e-11  3.72260706e-11]
 [-2.55395144e-10 -1.79023327e-10 -2.28932802e-10 -2.65031419e-10
  -1.75214813e-10 -1.75214813e-10]
 [-1.83669770e-15 -1.70241187e-15 -1.83669770e-15 -1.38215878e-15
  -1.72935994e-15 -1.83669770e-15]
 [ 8.52944060e-16  9.35778401e-16  8.37809038e-16  8.43333649e-16
   8.52944060e-16  8.52944060e-16]
 [ 1.39756047e-05  2.18451610e-05  1.68498301e-05  2.29423303e-05
   2.03749676e-05  2.29423303e-05]
 [-2.04721003e-06 -2.04721003e-06 -1.99030233e-06 -2.04721003e-06
  -1.85703949e-06 -2.04721003e-06]
 [-1.59792834e-08 -2.08824053e-08 -1.59792834e-08 -1.59792834e-08
  -1.59792834e-08 -1.59792834e-08]
 [ 9.98214034e-10  9.98214034e-10  9.77363352e-10  1.08323175e-09
   9.98214034e-10  9.98214034e-10]]Population:
[[ 0.00000000e+00 -1.43833479e-12 -1.58879922e-13  4.62010753e-11
  -2.28932802e-10 -1.83669770e-15  8.37809038e-16  1.68498301e-05
  -1.99030233e-06 -1.59792834e-08  9.77363352e-10]
 [ 6.41802232e-01 -6.97651380e-13 -2.28980078e-13  3.72260706e-11
  -1.75214813e-10 -1.83669770e-15  8.52944060e-16  2.29423303e-05
  -2.04721003e-06 -1.59792834e-08  9.98214034e-10]
 [ 5.30878418e-01 -1.54956702e-12 -2.00150417e-13  4.97082290e-11
  -3.19716589e-10 -1.83669770e-15  9.21179712e-16  6.54749789e-06
  -1.41662228e-06 -1.59792834e-08  1.14980938e-09]
 [ 5.30878418e-01 -1.29090406e-12 -2.25165576e-13  4.62010753e-11
  -2.55395144e-10 -1.83669770e-15  8.70684288e-16  1.39756047e-05
  -2.74189197e-06 -1.84377399e-08  9.39438843e-10]
 [ 6.41802232e-01 -6.97651380e-13 -1.89961385e-13  3.94831888e-11
  -3.01976968e-10 -1.83669770e-15  8.01793400e-16  1.91229533e-05
  -2.04721003e-06 -1.59792834e-08  9.98214034e-10]
 [ 6.41802232e-01 -1.44635931e-12 -2.45451204e-13  4.62010753e-11
  -1.72757362e-10 -1.83669770e-15  9.08091407e-16  2.48425033e-05
  -2.04721003e-06 -1.59792834e-08  9.99537216e-10]
 [-1.41523999e-01 -6.97651380e-13 -2.27309369e-13  4.45993396e-11
  -1.93731219e-10 -1.70241187e-15  9.35778401e-16  2.18451610e-05
  -2.04721003e-06 -1.40516123e-08  1.06845529e-09]
 [ 6.71733371e-01 -7.84760497e-13 -2.21802354e-13  3.72260706e-11
  -1.32473248e-10 -1.79428184e-15  9.04779544e-16  2.29423303e-05
  -2.04721003e-06 -1.43128036e-08  1.03811714e-09]
 [ 0.00000000e+00 -2.72145631e-12 -2.28980078e-13  4.21750436e-11
  -2.55395144e-10 -1.06454852e-15  7.73952608e-16  1.39756047e-05
  -2.26276285e-06 -1.59792834e-08  9.98738631e-10]
 [ 0.00000000e+00 -6.85266548e-13 -1.91593821e-13  4.11797698e-11
  -2.28932802e-10 -2.68139980e-15  8.87443385e-16  1.68498301e-05
  -1.62525812e-06 -1.59792834e-08  9.98214034e-10]]
Train validation errors
[[1.18958955e+12 1.44287026e+12]
 [1.35107494e+10 3.68296704e+11]
 [3.69249540e+13 7.27493587e+13]
 [1.04974205e+14 1.95321583e+14]
 [5.27346276e+11 6.17267345e+11]
 [1.66942844e+11 1.07640683e+12]
 [4.90537483e+12 1.20071847e+13]
 [2.58737372e+12 7.07341451e+12]
 [1.01602569e+13 1.86883282e+13]
 [5.52572201e+12 1.38041255e+13]]
Selected parents:
[[ 0.00000000e+00  6.41802232e-01  6.41802232e-01  6.41802232e-01
  -1.41523999e-01  6.71733371e-01]
 [-1.43833479e-12 -6.97651380e-13 -6.97651380e-13 -1.44635931e-12
  -6.97651380e-13 -7.84760497e-13]
 [-1.58879922e-13 -2.28980078e-13 -1.89961385e-13 -2.45451204e-13
  -2.27309369e-13 -2.21802354e-13]
 [ 4.62010753e-11  3.72260706e-11  3.94831888e-11  4.62010753e-11
   4.45993396e-11  3.72260706e-11]
 [-2.28932802e-10 -1.75214813e-10 -3.01976968e-10 -1.72757362e-10
  -1.93731219e-10 -1.32473248e-10]
 [-1.83669770e-15 -1.83669770e-15 -1.83669770e-15 -1.83669770e-15
  -1.70241187e-15 -1.79428184e-15]
 [ 8.37809038e-16  8.52944060e-16  8.01793400e-16  9.08091407e-16
   9.35778401e-16  9.04779544e-16]
 [ 1.68498301e-05  2.29423303e-05  1.91229533e-05  2.48425033e-05
   2.18451610e-05  2.29423303e-05]
 [-1.99030233e-06 -2.04721003e-06 -2.04721003e-06 -2.04721003e-06
  -2.04721003e-06 -2.04721003e-06]
 [-1.59792834e-08 -1.59792834e-08 -1.59792834e-08 -1.59792834e-08
  -1.40516123e-08 -1.43128036e-08]
 [ 9.77363352e-10  9.98214034e-10  9.98214034e-10  9.99537216e-10
   1.06845529e-09  1.03811714e-09]]Population:
[[ 6.41802232e-01 -6.97651380e-13 -2.28980078e-13  3.72260706e-11
  -1.75214813e-10 -1.83669770e-15  8.52944060e-16  2.29423303e-05
  -2.04721003e-06 -1.59792834e-08  9.98214034e-10]
 [ 6.41802232e-01 -1.44635931e-12 -2.45451204e-13  4.62010753e-11
  -1.72757362e-10 -1.83669770e-15  9.08091407e-16  2.48425033e-05
  -2.04721003e-06 -1.59792834e-08  9.99537216e-10]
 [ 6.97232112e-01 -1.44635931e-12 -2.62739311e-13  4.40067588e-11
  -2.24673097e-10 -1.83669770e-15  9.28376205e-16  2.74023266e-05
  -2.83065863e-06 -1.83578823e-08  1.06481223e-09]
 [ 6.41802232e-01 -7.11494586e-13 -1.25435150e-13  4.02360595e-11
  -3.66194194e-10 -1.83669770e-15  7.82824186e-16  2.48425033e-05
  -2.04721003e-06 -1.59792834e-08  9.99537216e-10]
 [ 6.58406425e-01 -1.43833479e-12 -7.19020821e-14  4.62010753e-11
  -2.82108649e-10 -1.83669770e-15  8.37809038e-16  2.29423303e-05
  -1.98735288e-06 -1.59792834e-08  9.77363352e-10]
 [ 6.41802232e-01 -1.53535871e-12 -1.80533303e-13  3.72260706e-11
  -1.75214813e-10 -1.49460066e-15  9.06935729e-16  2.96162833e-05
  -1.99030233e-06 -2.15850663e-08  9.77363352e-10]
 [ 6.41802232e-01 -6.62089553e-13 -2.45451204e-13  3.72260706e-11
  -2.01512987e-10 -1.25902309e-15  8.52944060e-16  2.96766030e-05
  -2.04721003e-06 -1.59792834e-08  1.01897255e-09]
 [ 6.41802232e-01 -2.12598189e-12 -2.93373546e-13  3.81245620e-11
  -1.72757362e-10 -1.34943778e-15  8.82073157e-16  2.36554073e-05
  -2.36257495e-06 -2.47523527e-08  1.02324196e-09]
 [ 6.41802232e-01 -7.07064218e-13 -2.64236038e-13  3.72260706e-11
  -3.01976968e-10 -1.67749148e-15  8.72895646e-16  2.29423303e-05
  -2.80823474e-06 -1.59792834e-08  9.98214034e-10]
 [ 6.41802232e-01 -6.50680533e-13 -1.12384965e-13  3.94831888e-11
  -3.01976968e-10 -2.51291523e-15  8.73185407e-16  2.54264759e-05
  -2.92869215e-06 -1.59792834e-08  9.10163392e-10]]
Train validation errors
[[1.35107494e+10 3.68296704e+11]
 [1.66942844e+11 1.07640683e+12]
 [3.49631907e+13 6.16296585e+13]
 [1.66942843e+11 1.07640682e+12]
 [2.74010192e+10 4.80911000e+11]
 [9.21184849e+11 9.96517033e+11]
 [4.10239445e+12 9.78503305e+12]
 [3.29161542e+13 6.01069391e+13]
 [4.65739267e+13 8.38751574e+13]
 [9.58879429e+13 1.69979637e+14]]
Selected parents:
[[ 6.41802232e-01  6.41802232e-01  6.41802232e-01  6.58406425e-01
   6.41802232e-01  6.41802232e-01]
 [-6.97651380e-13 -1.44635931e-12 -7.11494586e-13 -1.43833479e-12
  -1.53535871e-12 -6.62089553e-13]
 [-2.28980078e-13 -2.45451204e-13 -1.25435150e-13 -7.19020821e-14
  -1.80533303e-13 -2.45451204e-13]
 [ 3.72260706e-11  4.62010753e-11  4.02360595e-11  4.62010753e-11
   3.72260706e-11  3.72260706e-11]
 [-1.75214813e-10 -1.72757362e-10 -3.66194194e-10 -2.82108649e-10
  -1.75214813e-10 -2.01512987e-10]
 [-1.83669770e-15 -1.83669770e-15 -1.83669770e-15 -1.83669770e-15
  -1.49460066e-15 -1.25902309e-15]
 [ 8.52944060e-16  9.08091407e-16  7.82824186e-16  8.37809038e-16
   9.06935729e-16  8.52944060e-16]
 [ 2.29423303e-05  2.48425033e-05  2.48425033e-05  2.29423303e-05
   2.96162833e-05  2.96766030e-05]
 [-2.04721003e-06 -2.04721003e-06 -2.04721003e-06 -1.98735288e-06
  -1.99030233e-06 -2.04721003e-06]
 [-1.59792834e-08 -1.59792834e-08 -1.59792834e-08 -1.59792834e-08
  -2.15850663e-08 -1.59792834e-08]
 [ 9.98214034e-10  9.99537216e-10  9.99537216e-10  9.77363352e-10
   9.77363352e-10  1.01897255e-09]]Population:
[[ 6.41802232e-01 -6.97651380e-13 -2.28980078e-13  3.72260706e-11
  -1.75214813e-10 -1.83669770e-15  8.52944060e-16  2.29423303e-05
  -2.04721003e-06 -1.59792834e-08  9.98214034e-10]
 [ 6.58406425e-01 -1.43833479e-12 -7.19020821e-14  4.62010753e-11
  -2.82108649e-10 -1.83669770e-15  8.37809038e-16  2.29423303e-05
  -1.98735288e-06 -1.59792834e-08  9.77363352e-10]
 [ 6.41802232e-01 -2.25895809e-12 -2.22712478e-13  4.22091268e-11
  -1.75214813e-10 -1.83669770e-15  9.08091407e-16  2.48425033e-05
  -1.18309123e-06 -1.59792834e-08  9.99537216e-10]
 [ 5.64411057e-01 -1.53535871e-12 -1.80533303e-13  4.52941655e-11
  -1.75214813e-10 -1.15839413e-15  9.06935729e-16  3.64315769e-05
  -2.04721003e-06 -2.15850663e-08  9.86592521e-10]
 [ 6.24996717e-01 -6.97651380e-13 -9.42427267e-14  3.53184827e-11
  -3.86098809e-10 -1.83669770e-15  8.55487651e-16  2.48425033e-05
  -2.04721003e-06 -1.59792834e-08  9.99537216e-10]
 [ 6.41802232e-01 -6.97651380e-13 -2.90628905e-13  3.29940070e-11
  -1.75214813e-10 -1.83669770e-15  8.52944060e-16  2.29423303e-05
  -2.04721003e-06 -9.09812462e-09  1.07853616e-09]
 [ 6.41802232e-01 -1.53535871e-12 -2.43964421e-13  3.72260706e-11
  -1.75214813e-10 -2.36598278e-15  9.75151018e-16  2.96162833e-05
  -2.68174386e-06 -1.88619793e-08  1.12995890e-09]
 [ 7.17710967e-01 -6.02480996e-13 -1.80533303e-13  3.07249707e-11
  -2.23973774e-10 -1.25902309e-15  8.30615850e-16  2.78408284e-05
  -2.04721003e-06 -1.12209495e-08  1.04284298e-09]
 [ 6.41802232e-01 -7.11729720e-13 -2.44357351e-13  3.72260706e-11
  -1.75214813e-10 -2.31749474e-15  8.34319489e-16  2.29423303e-05
  -1.99030233e-06 -2.39520611e-08  1.05579497e-09]
 [ 6.41802232e-01 -6.97651380e-13 -2.28980078e-13  3.72260706e-11
  -1.75214813e-10 -1.49460066e-15  8.52944060e-16  3.46908450e-05
  -2.25689484e-06 -7.52518670e-09  9.98647909e-10]]
Train validation errors
[[1.35107494e+10 3.68296704e+11]
 [2.74010192e+10 4.80911000e+11]
 [6.77404176e+13 1.41158772e+14]
 [9.97883265e+10 4.00286830e+11]
 [1.66942839e+11 1.07640681e+12]
 [2.22838554e+13 4.85307735e+13]
 [1.07810365e+13 1.66673024e+13]
 [1.82286933e+13 3.88016272e+13]
 [4.34573324e+12 5.44918596e+12]
 [1.86494453e+13 3.84571650e+13]]
Selected parents:
[[ 6.41802232e-01  6.58406425e-01  5.64411057e-01  6.24996717e-01
   6.41802232e-01  6.41802232e-01]
 [-6.97651380e-13 -1.43833479e-12 -1.53535871e-12 -6.97651380e-13
  -1.53535871e-12 -7.11729720e-13]
 [-2.28980078e-13 -7.19020821e-14 -1.80533303e-13 -9.42427267e-14
  -2.43964421e-13 -2.44357351e-13]
 [ 3.72260706e-11  4.62010753e-11  4.52941655e-11  3.53184827e-11
   3.72260706e-11  3.72260706e-11]
 [-1.75214813e-10 -2.82108649e-10 -1.75214813e-10 -3.86098809e-10
  -1.75214813e-10 -1.75214813e-10]
 [-1.83669770e-15 -1.83669770e-15 -1.15839413e-15 -1.83669770e-15
  -2.36598278e-15 -2.31749474e-15]
 [ 8.52944060e-16  8.37809038e-16  9.06935729e-16  8.55487651e-16
   9.75151018e-16  8.34319489e-16]
 [ 2.29423303e-05  2.29423303e-05  3.64315769e-05  2.48425033e-05
   2.96162833e-05  2.29423303e-05]
 [-2.04721003e-06 -1.98735288e-06 -2.04721003e-06 -2.04721003e-06
  -2.68174386e-06 -1.99030233e-06]
 [-1.59792834e-08 -1.59792834e-08 -2.15850663e-08 -1.59792834e-08
  -1.88619793e-08 -2.39520611e-08]
 [ 9.98214034e-10  9.77363352e-10  9.86592521e-10  9.99537216e-10
   1.12995890e-09  1.05579497e-09]]Population:
[[ 6.41802232e-01 -6.97651380e-13 -2.28980078e-13  3.72260706e-11
  -1.75214813e-10 -1.83669770e-15  8.52944060e-16  2.29423303e-05
  -2.04721003e-06 -1.59792834e-08  9.98214034e-10]
 [ 6.58406425e-01 -1.43833479e-12 -7.19020821e-14  4.62010753e-11
  -2.82108649e-10 -1.83669770e-15  8.37809038e-16  2.29423303e-05
  -1.98735288e-06 -1.59792834e-08  9.77363352e-10]
 [ 6.85003099e-01 -6.97651380e-13 -2.28980078e-13  3.39287172e-11
  -1.75214813e-10 -1.59215879e-15  9.15741419e-16  2.29423303e-05
  -2.68174386e-06 -2.19265778e-08  9.98214034e-10]
 [ 6.60311602e-01 -1.69518538e-12 -2.43964421e-13  3.72260706e-11
  -1.75214813e-10 -1.83459292e-15  8.52944060e-16  2.96162833e-05
  -2.04721003e-06 -1.88619793e-08  1.12995890e-09]
 [ 6.41802232e-01 -7.11729720e-13 -6.29236559e-14  3.72260706e-11
  -2.64597101e-10 -2.89770877e-15  7.71365444e-16  1.86219636e-05
  -1.99030233e-06 -1.62910814e-08  1.33420598e-09]
 [ 6.58406425e-01 -1.43833479e-12 -7.19020821e-14  3.72260706e-11
  -2.82108649e-10 -1.83669770e-15  8.64153699e-16  2.29423303e-05
  -1.43797061e-06 -1.23755344e-08  9.77363352e-10]
 [ 6.41802232e-01 -7.35653318e-13 -2.49342278e-13  4.62010753e-11
  -1.36633924e-10 -1.83669770e-15  9.18487987e-16  2.48023274e-05
  -2.04721003e-06 -1.59792834e-08  9.98214034e-10]
 [ 6.41802232e-01 -1.34426290e-12 -2.91403795e-13  3.72260706e-11
  -1.81109480e-10 -2.51555191e-15  8.52944060e-16  2.29423303e-05
  -2.36781081e-06 -1.59792834e-08  1.04845750e-09]
 [ 6.36363730e-01 -6.97651380e-13 -1.95769018e-13  2.74867323e-11
  -4.15527983e-10 -2.36598278e-15  8.71628154e-16  2.51635301e-05
  -2.04721003e-06 -2.09291643e-08  1.06786327e-09]
 [ 6.41802232e-01 -1.53535871e-12 -2.43964421e-13  4.46340911e-11
  -1.59441748e-10 -2.36598278e-15  9.36389012e-16  3.26756007e-05
  -2.80095864e-06 -1.14952578e-08  9.50383821e-10]]
Train validation errors
[[1.35107494e+10 3.68296704e+11]
 [2.74010192e+10 4.80911000e+11]
 [6.69968467e+13 1.23656208e+14]
 [7.77818349e+12 1.84553736e+13]
 [3.82948369e+13 8.27401957e+13]
 [4.41690745e+13 9.40938093e+13]
 [1.40832896e+11 9.84891807e+11]
 [4.87378038e+12 6.75414221e+12]
 [4.17082527e+11 2.66992589e+11]
 [2.10731987e+13 3.06638412e+13]]
Selected parents:
[[ 6.41802232e-01  6.58406425e-01  6.60311602e-01  6.41802232e-01
   6.41802232e-01  6.36363730e-01]
 [-6.97651380e-13 -1.43833479e-12 -1.69518538e-12 -7.35653318e-13
  -1.34426290e-12 -6.97651380e-13]
 [-2.28980078e-13 -7.19020821e-14 -2.43964421e-13 -2.49342278e-13
  -2.91403795e-13 -1.95769018e-13]
 [ 3.72260706e-11  4.62010753e-11  3.72260706e-11  4.62010753e-11
   3.72260706e-11  2.74867323e-11]
 [-1.75214813e-10 -2.82108649e-10 -1.75214813e-10 -1.36633924e-10
  -1.81109480e-10 -4.15527983e-10]
 [-1.83669770e-15 -1.83669770e-15 -1.83459292e-15 -1.83669770e-15
  -2.51555191e-15 -2.36598278e-15]
 [ 8.52944060e-16  8.37809038e-16  8.52944060e-16  9.18487987e-16
   8.52944060e-16  8.71628154e-16]
 [ 2.29423303e-05  2.29423303e-05  2.96162833e-05  2.48023274e-05
   2.29423303e-05  2.51635301e-05]
 [-2.04721003e-06 -1.98735288e-06 -2.04721003e-06 -2.04721003e-06
  -2.36781081e-06 -2.04721003e-06]
 [-1.59792834e-08 -1.59792834e-08 -1.88619793e-08 -1.59792834e-08
  -1.59792834e-08 -2.09291643e-08]
 [ 9.98214034e-10  9.77363352e-10  1.12995890e-09  9.98214034e-10
   1.04845750e-09  1.06786327e-09]]Best offspring gen errors:
[[1.35107494e+10 3.68296704e+11]
 [1.35107494e+10 3.68296704e+11]
 [1.35107494e+10 3.68296704e+11]
 [1.35107494e+10 3.68296704e+11]
 [1.35107494e+10 3.68296704e+11]]