Fitness funtion: -1 * (train_validation_error[:, 1] + train_validation_error[:, 0])
Starting all over again with new root population
No of generations: 10
Population size: 10
Mutation coefficient: 0.2
Split point: 7
Two offspring per pair
Population:
[[ 0.00000000e+00  0.00000000e+00  0.00000000e+00  0.00000000e+00
   0.00000000e+00  0.00000000e+00  1.09852119e+00  1.09852119e+00
   4.05741465e+00 -9.55151475e+00]
 [ 1.77968504e+00  1.77968504e+00  6.35837479e+00 -3.88827936e+00
  -1.09048908e-01  1.95810441e+00 -2.54172264e+00 -5.56361430e+00
   3.90591678e+00  1.77968504e+00]
 [-9.45049799e+00 -2.18243600e+00 -6.26306164e+00 -2.18243600e+00
  -2.18243600e+00 -7.75349027e+00  4.00453792e+00 -2.18243600e+00
   2.09424844e+00  8.09279482e+00]
 [ 4.62010753e-11 -6.60468559e+00 -6.60468559e+00 -5.62933961e+00
  -6.60468559e+00 -6.60468559e+00 -8.41215122e+00  4.37665594e+00
  -6.60468559e+00 -5.12656489e+00]
 [ 1.11145475e+00  1.11145475e+00  1.11145475e+00  2.67631938e+00
   1.11145475e+00  1.11145475e+00 -6.58627405e+00 -7.07488416e+00
  -4.32386403e+00  1.11145475e+00]
 [-1.83669770e-15 -1.83669770e-15 -1.83669770e-15 -1.83669770e-15
  -1.83669770e-15 -1.83669770e-15 -1.83669770e-15  3.37449382e+00
   7.57889818e+00 -6.60466040e+00]
 [-4.04401088e+00 -4.04401088e+00 -4.04401088e+00 -2.76008367e-01
  -4.04401088e+00 -4.04401088e+00 -9.53138679e-02 -2.76008367e-01
   8.93901575e+00 -5.31934469e+00]
 [ 2.29423303e-05  2.29423303e-05 -5.92318240e+00  8.18720544e+00
  -8.23337526e+00 -8.23337526e+00  2.06387366e-01 -8.23337526e+00
  -8.83463785e+00 -8.23337526e+00]
 [-2.04721003e-06 -2.04721003e-06 -2.04721003e-06 -2.04721003e-06
  -2.04721003e-06 -2.04721003e-06 -2.04721003e-06  6.70070720e+00
  -2.04721003e-06 -2.04721003e-06]
 [-1.59792834e-08 -1.59792834e-08 -1.59792834e-08  8.00308816e+00
   5.93251671e-01  4.09504466e+00 -1.59792834e-08  8.00308816e+00
  -6.06522331e+00 -1.59792834e-08]
 [ 9.98214034e-10  9.98214034e-10 -1.71979096e-01  9.98214034e-10
   9.98214034e-10  9.98214034e-10  9.98214034e-10  9.98214034e-10
   9.98214034e-10  9.98214034e-10]]
Train validation errors
[[4171453585961.779, 9750931654423.016], [3561150154654.3057, 7748505459231.911], [1.343101633878344e+31, 2.541055981325319e+31], [1.2363824408213806e+31, 2.37026988777676e+31], [6.707467618763722e+28, 1.2857024496068278e+29], [3.228691008853559e+30, 6.189544462762353e+30], [1.5212735292230213e+21, 2.972767532496939e+21], [4.174787110510586e+42, 4.248295158768144e+42], [2.1058497941845343e+43, 2.1429256382565486e+43], [1.5992511911652404e+43, 1.6274083961898972e+43]]
Selected parents:
[[ 0.00000000e+00  1.77968504e+00 -9.45049799e+00  4.62010753e-11
   1.11145475e+00 -1.83669770e-15 -4.04401088e+00  2.29423303e-05
  -2.04721003e-06 -1.59792834e-08  9.98214034e-10]
 [ 0.00000000e+00  1.77968504e+00 -2.18243600e+00 -6.60468559e+00
   1.11145475e+00 -1.83669770e-15 -4.04401088e+00  2.29423303e-05
  -2.04721003e-06 -1.59792834e-08  9.98214034e-10]
 [ 0.00000000e+00 -3.88827936e+00 -2.18243600e+00 -5.62933961e+00
   2.67631938e+00 -1.83669770e-15 -2.76008367e-01  8.18720544e+00
  -2.04721003e-06  8.00308816e+00  9.98214034e-10]
 [ 0.00000000e+00 -1.09048908e-01 -2.18243600e+00 -6.60468559e+00
   1.11145475e+00 -1.83669770e-15 -4.04401088e+00 -8.23337526e+00
  -2.04721003e-06  5.93251671e-01  9.98214034e-10]
 [ 0.00000000e+00  1.95810441e+00 -7.75349027e+00 -6.60468559e+00
   1.11145475e+00 -1.83669770e-15 -4.04401088e+00 -8.23337526e+00
  -2.04721003e-06  4.09504466e+00  9.98214034e-10]
 [ 1.09852119e+00 -2.54172264e+00  4.00453792e+00 -8.41215122e+00
  -6.58627405e+00 -1.83669770e-15 -9.53138679e-02  2.06387366e-01
  -2.04721003e-06 -1.59792834e-08  9.98214034e-10]]Population:
[[ 0.00000000e+00  0.00000000e+00  0.00000000e+00 -4.76324561e+00
  -9.30632420e+00  0.00000000e+00 -6.70264977e+00  0.00000000e+00
   1.09852119e+00  0.00000000e+00]
 [ 1.77968504e+00  1.77968504e+00 -4.91761879e+00  1.77968504e+00
   1.77968504e+00  1.77968504e+00  1.77968504e+00  1.77968504e+00
  -2.54172264e+00  1.77968504e+00]
 [-9.45049799e+00 -2.18243600e+00  2.10111614e+00 -2.18243600e+00
  -2.18243600e+00 -1.35096758e-01  9.32751177e+00 -9.45049799e+00
   4.00453792e+00  4.00453792e+00]
 [ 4.62010753e-11 -6.60468559e+00  4.62010753e-11  4.05384101e+00
   4.62010753e-11 -5.62933961e+00  4.62010753e-11  4.62010753e-11
  -4.61236433e+00 -5.34618537e+00]
 [ 1.11145475e+00  1.11145475e+00 -2.65044610e+00  3.51169451e+00
   2.67631938e+00  2.67631938e+00  1.11145475e+00  1.11145475e+00
   1.11145475e+00 -1.35495473e+00]
 [-1.83669770e-15 -1.83669770e-15  1.36339205e+00 -1.83669770e-15
  -8.31665152e+00 -1.83669770e-15  8.78992910e+00  4.79078600e+00
  -1.83669770e-15 -1.83669770e-15]
 [-4.04401088e+00 -4.04401088e+00 -6.68268972e-02 -4.04401088e+00
  -1.88739407e-01 -2.76008367e-01  2.46916239e+00 -4.04401088e+00
  -9.53138679e-02 -4.04401088e+00]
 [ 2.29423303e-05  2.29423303e-05 -1.30358682e-01 -6.33242982e+00
   8.18720544e+00  2.29423303e-05  2.29423303e-05  2.29423303e-05
   2.06387366e-01 -7.85160812e+00]
 [-2.04721003e-06 -2.04721003e-06 -2.04721003e-06 -2.04721003e-06
  -2.04721003e-06 -2.04721003e-06 -2.04721003e-06 -2.04721003e-06
  -2.04721003e-06 -2.04721003e-06]
 [-1.59792834e-08 -1.59792834e-08  8.00308816e+00 -5.38872292e+00
  -1.59792834e-08 -1.59792834e-08 -2.01391534e+00  4.50735420e+00
  -1.59792834e-08 -9.54940731e+00]
 [ 9.98214034e-10  9.98214034e-10 -1.16890208e+00 -4.32116735e-01
   9.98214034e-10 -8.54353628e+00  9.98214034e-10  9.98214034e-10
   9.98214034e-10  8.70997550e+00]]
Train validation errors
[[4171453585961.779, 9750931654423.016], [3561150154654.3057, 7748505459231.911], [6.814541618528608e+41, 6.934410471564067e+41], [1.3314710232642412e+32, 2.5404184174348022e+32], [2.535786626368771e+43, 2.58043293489627e+43], [3.3126678997842107e+34, 6.267154798281619e+34], [2.8326069312291533e+43, 2.8824789026387193e+43], [8.41452827487168e+42, 8.562682292822152e+42], [1.5221965395288727e+21, 2.97485426075542e+21], [3.291906201774172e+34, 6.22076930175502e+34]]
Selected parents:
[[ 0.00000000e+00  1.77968504e+00 -9.45049799e+00  4.62010753e-11
   1.11145475e+00 -1.83669770e-15 -4.04401088e+00  2.29423303e-05
  -2.04721003e-06 -1.59792834e-08  9.98214034e-10]
 [ 0.00000000e+00  1.77968504e+00 -2.18243600e+00 -6.60468559e+00
   1.11145475e+00 -1.83669770e-15 -4.04401088e+00  2.29423303e-05
  -2.04721003e-06 -1.59792834e-08  9.98214034e-10]
 [-4.76324561e+00  1.77968504e+00 -2.18243600e+00  4.05384101e+00
   3.51169451e+00 -1.83669770e-15 -4.04401088e+00 -6.33242982e+00
  -2.04721003e-06 -5.38872292e+00 -4.32116735e-01]
 [ 0.00000000e+00  1.77968504e+00 -1.35096758e-01 -5.62933961e+00
   2.67631938e+00 -1.83669770e-15 -2.76008367e-01  2.29423303e-05
  -2.04721003e-06 -1.59792834e-08 -8.54353628e+00]
 [ 1.09852119e+00 -2.54172264e+00  4.00453792e+00 -4.61236433e+00
   1.11145475e+00 -1.83669770e-15 -9.53138679e-02  2.06387366e-01
  -2.04721003e-06 -1.59792834e-08  9.98214034e-10]
 [ 0.00000000e+00  1.77968504e+00  4.00453792e+00 -5.34618537e+00
  -1.35495473e+00 -1.83669770e-15 -4.04401088e+00 -7.85160812e+00
  -2.04721003e-06 -9.54940731e+00  8.70997550e+00]]Population:
[[ 0.00000000e+00  0.00000000e+00  0.00000000e+00  0.00000000e+00
  -9.98923454e+00  0.00000000e+00  1.09852119e+00  1.09852119e+00
   6.52749535e+00  9.07678755e+00]
 [ 1.77968504e+00  1.77968504e+00  5.79448647e-01 -2.36109833e+00
   1.77968504e+00  2.46666689e+00  1.77968504e+00  1.77968504e+00
   1.77968504e+00 -1.51148649e+00]
 [-9.45049799e+00 -2.18243600e+00  4.00453792e+00 -2.18243600e+00
  -2.18243600e+00  6.79219330e+00 -1.35096758e-01 -1.18274622e+00
  -7.46934101e+00 -2.18243600e+00]
 [ 4.62010753e-11 -6.60468559e+00 -5.34618537e+00 -6.60468559e+00
   2.53167609e+00  4.62010753e-11 -2.21487304e+00 -4.61236433e+00
   4.62010753e-11  6.84316764e-01]
 [ 1.11145475e+00  1.11145475e+00 -1.35495473e+00 -1.35495473e+00
   1.11145475e+00  1.11145475e+00  1.11145475e+00  2.67631938e+00
   1.11145475e+00  1.11145475e+00]
 [-1.83669770e-15 -1.83669770e-15 -1.83669770e-15 -1.83669770e-15
  -3.67706207e+00 -1.83669770e-15 -1.83669770e-15  9.80689631e+00
  -1.83669770e-15 -1.83669770e-15]
 [-4.04401088e+00 -4.04401088e+00 -4.04401088e+00 -4.04401088e+00
  -4.04401088e+00 -4.04401088e+00 -2.76008367e-01  8.97881720e+00
  -4.04401088e+00 -4.04401088e+00]
 [ 2.29423303e-05  2.29423303e-05 -9.73956058e-01 -7.85160812e+00
   2.29423303e-05 -8.78543885e+00  6.01604853e+00  1.87017717e-01
   2.29423303e-05 -7.24592413e+00]
 [-2.04721003e-06 -2.04721003e-06 -2.04721003e-06 -6.19745033e+00
  -2.04721003e-06 -1.92313122e+00 -8.30579344e-01  8.40553051e+00
  -2.04721003e-06 -2.04721003e-06]
 [-1.59792834e-08 -1.59792834e-08 -1.59792834e-08 -4.64935480e+00
  -1.59792834e-08 -1.02011699e+00 -1.59792834e-08 -1.59792834e-08
  -1.59792834e-08  2.45879247e+00]
 [ 9.98214034e-10  9.98214034e-10  9.98214034e-10  8.70997550e+00
   9.98214034e-10  3.49445819e+00 -8.54353628e+00 -8.54353628e+00
   9.98214034e-10  9.98214034e-10]]
Train validation errors
[[4171453585961.779, 9750931654423.016], [3561150154654.3057, 7748505459231.911], [3.390603360714009e+22, 6.626134669689097e+22], [3.366907913670291e+34, 6.366245951867848e+34], [4.95698517895242e+42, 5.0442603029261783e+42], [5.47384749386717e+33, 1.0352693070900308e+34], [3.31290185320101e+34, 6.267600520388511e+34], [3.5257750902800203e+43, 3.5877833336819587e+43], [4179027789468.178, 9765114063072.21], [1.1630659624919974e+30, 2.229628978578903e+30]]
Selected parents:
[[ 0.00000000e+00  1.77968504e+00 -9.45049799e+00  4.62010753e-11
   1.11145475e+00 -1.83669770e-15 -4.04401088e+00  2.29423303e-05
  -2.04721003e-06 -1.59792834e-08  9.98214034e-10]
 [ 0.00000000e+00  1.77968504e+00 -2.18243600e+00 -6.60468559e+00
   1.11145475e+00 -1.83669770e-15 -4.04401088e+00  2.29423303e-05
  -2.04721003e-06 -1.59792834e-08  9.98214034e-10]
 [ 0.00000000e+00  5.79448647e-01  4.00453792e+00 -5.34618537e+00
  -1.35495473e+00 -1.83669770e-15 -4.04401088e+00 -9.73956058e-01
  -2.04721003e-06 -1.59792834e-08  9.98214034e-10]
 [ 0.00000000e+00  2.46666689e+00  6.79219330e+00  4.62010753e-11
   1.11145475e+00 -1.83669770e-15 -4.04401088e+00 -8.78543885e+00
  -1.92313122e+00 -1.02011699e+00  3.49445819e+00]
 [ 6.52749535e+00  1.77968504e+00 -7.46934101e+00  4.62010753e-11
   1.11145475e+00 -1.83669770e-15 -4.04401088e+00  2.29423303e-05
  -2.04721003e-06 -1.59792834e-08  9.98214034e-10]
 [ 9.07678755e+00 -1.51148649e+00 -2.18243600e+00  6.84316764e-01
   1.11145475e+00 -1.83669770e-15 -4.04401088e+00 -7.24592413e+00
  -2.04721003e-06  2.45879247e+00  9.98214034e-10]]Population:
[[ 0.00000000e+00  0.00000000e+00  3.85817836e+00  0.00000000e+00
   6.17713467e+00  0.00000000e+00  6.52749535e+00  0.00000000e+00
   0.00000000e+00 -5.61344689e-01]
 [ 1.77968504e+00  1.77968504e+00  5.79448647e-01  5.79448647e-01
   1.77968504e+00  1.77968504e+00 -1.28699531e+00  1.77968504e+00
   1.23578199e+00  1.77968504e+00]
 [-9.45049799e+00 -2.18243600e+00  4.00453792e+00  4.00453792e+00
  -2.18243600e+00 -9.45049799e+00 -7.46934101e+00 -7.46934101e+00
   4.00453792e+00 -7.46934101e+00]
 [ 4.62010753e-11 -6.60468559e+00 -6.60468559e+00 -5.34618537e+00
  -6.60468559e+00  3.50198101e+00 -6.60468559e+00  4.62010753e-11
   4.62010753e-11  4.62010753e-11]
 [ 1.11145475e+00  1.11145475e+00 -1.35495473e+00 -4.14828430e+00
   1.11145475e+00  4.26197031e+00  1.11145475e+00  1.11145475e+00
   9.88710853e+00  1.11145475e+00]
 [-1.83669770e-15 -1.83669770e-15 -1.83669770e-15 -1.83669770e-15
  -1.83669770e-15 -1.83669770e-15 -1.83669770e-15 -1.83669770e-15
  -1.83669770e-15 -1.83669770e-15]
 [-4.04401088e+00 -4.04401088e+00 -4.04401088e+00 -4.04401088e+00
  -4.04401088e+00 -4.04401088e+00 -4.04401088e+00 -4.04401088e+00
  -3.48877441e+00 -4.04401088e+00]
 [ 2.29423303e-05  2.29423303e-05 -4.45716401e+00 -9.73956058e-01
   2.29423303e-05 -6.59214267e+00  2.29423303e-05 -5.12114763e+00
  -7.42669265e+00 -9.73956058e-01]
 [-2.04721003e-06 -2.04721003e-06 -2.04721003e-06 -2.04721003e-06
   7.18585003e+00  7.76364272e+00  4.39822239e-01 -2.04721003e-06
   5.36593362e+00 -8.52769323e+00]
 [-1.59792834e-08 -1.59792834e-08 -1.59792834e-08 -1.59792834e-08
  -1.59792834e-08 -1.59792834e-08 -1.59792834e-08 -1.59792834e-08
  -1.59792834e-08  5.45613422e+00]
 [ 9.98214034e-10  9.98214034e-10  6.17203144e+00  9.98214034e-10
   9.98214034e-10  9.98214034e-10  9.98214034e-10  9.98214034e-10
   9.98214034e-10  4.37497810e+00]]
Train validation errors
[[4171453585961.779, 9750931654423.016], [3561150154654.3057, 7748505459231.911], [1.7288347209883562e+34, 3.2707377945596873e+34], [3.390759565124681e+22, 6.626488410756533e+22], [4.2640997314925114e+27, 8.267097382367864e+27], [4.8121088152604995e+27, 9.311131303939405e+27], [1.59745845443292e+25, 3.097100694650632e+25], [9.373551147024763e+23, 1.8318363576876228e+24], [2.249786381895075e+27, 4.3474749064875084e+27], [9.116163354188066e+33, 1.7266898886665677e+34]]
Selected parents:
[[ 0.00000000e+00  1.77968504e+00 -9.45049799e+00  4.62010753e-11
   1.11145475e+00 -1.83669770e-15 -4.04401088e+00  2.29423303e-05
  -2.04721003e-06 -1.59792834e-08  9.98214034e-10]
 [ 0.00000000e+00  1.77968504e+00 -2.18243600e+00 -6.60468559e+00
   1.11145475e+00 -1.83669770e-15 -4.04401088e+00  2.29423303e-05
  -2.04721003e-06 -1.59792834e-08  9.98214034e-10]
 [ 0.00000000e+00  5.79448647e-01  4.00453792e+00 -5.34618537e+00
  -4.14828430e+00 -1.83669770e-15 -4.04401088e+00 -9.73956058e-01
  -2.04721003e-06 -1.59792834e-08  9.98214034e-10]
 [ 6.52749535e+00 -1.28699531e+00 -7.46934101e+00 -6.60468559e+00
   1.11145475e+00 -1.83669770e-15 -4.04401088e+00  2.29423303e-05
   4.39822239e-01 -1.59792834e-08  9.98214034e-10]
 [ 0.00000000e+00  1.77968504e+00 -7.46934101e+00  4.62010753e-11
   1.11145475e+00 -1.83669770e-15 -4.04401088e+00 -5.12114763e+00
  -2.04721003e-06 -1.59792834e-08  9.98214034e-10]
 [ 0.00000000e+00  1.23578199e+00  4.00453792e+00  4.62010753e-11
   9.88710853e+00 -1.83669770e-15 -3.48877441e+00 -7.42669265e+00
   5.36593362e+00 -1.59792834e-08  9.98214034e-10]]Population:
[[ 0.00000000e+00  0.00000000e+00  0.00000000e+00 -7.30021047e+00
   0.00000000e+00  8.94441711e+00  6.52749535e+00  5.47392156e+00
   6.15445748e+00  0.00000000e+00]
 [ 1.77968504e+00  1.77968504e+00  1.77968504e+00  1.77968504e+00
  -1.90633051e+00  1.77968504e+00  1.77968504e+00 -2.68895275e+00
   1.77968504e+00  1.77968504e+00]
 [-9.45049799e+00 -2.18243600e+00 -9.45049799e+00 -8.87234896e+00
  -7.19282948e+00 -2.18243600e+00 -7.46934101e+00 -7.46934101e+00
  -3.15249189e+00  8.38297090e+00]
 [ 4.62010753e-11 -6.60468559e+00  4.62010753e-11  4.62010753e-11
   3.50260258e+00 -6.60468559e+00  4.62010753e-11 -6.60468559e+00
  -6.60468559e+00 -7.45978514e+00]
 [ 1.11145475e+00  1.11145475e+00  1.11145475e+00  1.11145475e+00
   9.03934405e+00  1.11145475e+00  1.11145475e+00  1.11145475e+00
  -6.00346031e-01  1.11145475e+00]
 [-1.83669770e-15 -1.83669770e-15 -1.83669770e-15 -1.83669770e-15
  -9.20486592e+00 -1.83669770e-15 -8.39307171e+00 -1.83669770e-15
  -1.83669770e-15 -5.70337468e+00]
 [-4.04401088e+00 -4.04401088e+00  7.18390667e+00  3.42891283e+00
  -4.04401088e+00 -4.04401088e+00 -4.04401088e+00 -4.04401088e+00
  -4.04401088e+00 -4.04401088e+00]
 [ 2.29423303e-05  2.29423303e-05 -5.12114763e+00  2.29423303e-05
   2.29423303e-05  2.29423303e-05 -5.12114763e+00  2.29423303e-05
  -9.73956058e-01 -2.77352959e+00]
 [-2.04721003e-06 -2.04721003e-06 -2.04721003e-06 -2.04721003e-06
  -3.87281086e+00 -2.04721003e-06 -2.04721003e-06  4.39822239e-01
   3.20809781e+00 -2.04721003e-06]
 [-1.59792834e-08 -1.59792834e-08 -5.21897972e+00 -1.59792834e-08
  -1.59792834e-08 -1.59792834e-08 -1.59792834e-08 -1.59792834e-08
  -1.59792834e-08 -1.59792834e-08]
 [ 9.98214034e-10  9.98214034e-10  9.98214034e-10  9.98214034e-10
   3.52313354e-01 -9.92076396e+00  9.98214034e-10 -4.51578485e+00
   9.98214034e-10  9.98214034e-10]]
Train validation errors
[[4171453585961.779, 9750931654423.016], [3561150154654.3057, 7748505459231.911], [5.257669957211217e+30, 1.0079479716854756e+31], [4173644035421.6157, 9755032869923.848], [3.1063441605433967e+43, 3.161033354953179e+43], [4.466761837346374e+34, 8.45055668984272e+34], [2.5826024925375047e+43, 2.6280730651064896e+43], [9.254076737640476e+33, 1.7507540512575293e+34], [8.397452895950112e+26, 1.626944738184175e+27], [1.1925579860690074e+43, 1.2135547498091556e+43]]
Selected parents:
[[ 0.00000000e+00  1.77968504e+00 -9.45049799e+00  4.62010753e-11
   1.11145475e+00 -1.83669770e-15 -4.04401088e+00  2.29423303e-05
  -2.04721003e-06 -1.59792834e-08  9.98214034e-10]
 [ 0.00000000e+00  1.77968504e+00 -2.18243600e+00 -6.60468559e+00
   1.11145475e+00 -1.83669770e-15 -4.04401088e+00  2.29423303e-05
  -2.04721003e-06 -1.59792834e-08  9.98214034e-10]
 [ 0.00000000e+00  1.77968504e+00 -9.45049799e+00  4.62010753e-11
   1.11145475e+00 -1.83669770e-15  7.18390667e+00 -5.12114763e+00
  -2.04721003e-06 -5.21897972e+00  9.98214034e-10]
 [-7.30021047e+00  1.77968504e+00 -8.87234896e+00  4.62010753e-11
   1.11145475e+00 -1.83669770e-15  3.42891283e+00  2.29423303e-05
  -2.04721003e-06 -1.59792834e-08  9.98214034e-10]
 [ 5.47392156e+00 -2.68895275e+00 -7.46934101e+00 -6.60468559e+00
   1.11145475e+00 -1.83669770e-15 -4.04401088e+00  2.29423303e-05
   4.39822239e-01 -1.59792834e-08 -4.51578485e+00]
 [ 6.15445748e+00  1.77968504e+00 -3.15249189e+00 -6.60468559e+00
  -6.00346031e-01 -1.83669770e-15 -4.04401088e+00 -9.73956058e-01
   3.20809781e+00 -1.59792834e-08  9.98214034e-10]]Population:
[[ 0.00000000e+00  0.00000000e+00 -8.69206425e+00  9.66827374e+00
   6.15445748e+00  0.00000000e+00  0.00000000e+00  0.00000000e+00
   0.00000000e+00  0.00000000e+00]
 [ 1.77968504e+00  1.77968504e+00  4.91375067e+00 -2.68895275e+00
   7.69293230e+00  1.77968504e+00  1.77968504e+00  1.77968504e+00
   1.77968504e+00 -3.21337975e+00]
 [-9.45049799e+00 -2.18243600e+00 -7.46934101e+00 -9.45049799e+00
   5.38693453e+00 -2.18243600e+00 -9.47755597e+00 -9.45049799e+00
  -1.36240268e+00 -2.18243600e+00]
 [ 4.62010753e-11 -6.60468559e+00  4.62010753e-11  4.62010753e-11
  -6.60468559e+00 -6.60468559e+00  4.62010753e-11  6.10823428e+00
  -6.60468559e+00 -6.60468559e+00]
 [ 1.11145475e+00  1.11145475e+00  1.11145475e+00  1.11145475e+00
  -6.00346031e-01  7.97009911e+00  7.66094524e+00  1.11145475e+00
   1.11145475e+00  1.11145475e+00]
 [-1.83669770e-15 -1.83669770e-15 -1.58486690e-01 -5.63443276e-01
  -1.83669770e-15 -1.83669770e-15 -1.83669770e-15 -8.56111549e-01
  -5.27057604e+00 -8.50130225e+00]
 [-4.04401088e+00 -4.04401088e+00  8.16129060e+00  7.18390667e+00
  -4.04401088e+00  4.12818018e+00  7.18390667e+00  7.18390667e+00
  -3.82512304e+00 -1.58179384e+00]
 [ 2.29423303e-05  2.29423303e-05 -5.12114763e+00  3.90851209e+00
   2.29423303e-05  2.29423303e-05  2.29423303e-05 -5.12114763e+00
  -5.12114763e+00  2.29423303e-05]
 [-2.04721003e-06 -2.04721003e-06 -2.04721003e-06 -2.04721003e-06
   3.20809781e+00  3.75402599e+00  3.03108747e+00 -2.04721003e-06
  -2.04721003e-06  9.66157214e+00]
 [-1.59792834e-08 -1.59792834e-08  6.16720260e+00 -5.21897972e+00
  -1.59792834e-08 -1.59792834e-08 -1.59792834e-08 -2.05267990e+00
  -5.21897972e+00 -1.59792834e-08]
 [ 9.98214034e-10  9.98214034e-10  9.98214034e-10 -4.51578485e+00
   9.98214034e-10  9.98214034e-10 -5.01522857e+00  9.98214034e-10
   9.98214034e-10  9.98214034e-10]]
Train validation errors
[[4171453585961.779, 9750931654423.016], [3561150154654.3057, 7748505459231.911], [9.208296720899846e+39, 9.370255742987584e+39], [1.1645136580220627e+41, 1.185229244214578e+41], [8.498974070027455e+26, 1.6477533657595938e+27], [1.163767310842052e+27, 2.256274110315558e+27], [1.1409350147007711e+34, 2.158492072540157e+34], [2.6870624913566653e+41, 2.7343752410323584e+41], [1.018432910639371e+43, 1.0363644121451544e+43], [2.6496383407551347e+43, 2.6962891498444005e+43]]
Selected parents:
[[ 0.00000000e+00  1.77968504e+00 -9.45049799e+00  4.62010753e-11
   1.11145475e+00 -1.83669770e-15 -4.04401088e+00  2.29423303e-05
  -2.04721003e-06 -1.59792834e-08  9.98214034e-10]
 [ 0.00000000e+00  1.77968504e+00 -2.18243600e+00 -6.60468559e+00
   1.11145475e+00 -1.83669770e-15 -4.04401088e+00  2.29423303e-05
  -2.04721003e-06 -1.59792834e-08  9.98214034e-10]
 [-8.69206425e+00  4.91375067e+00 -7.46934101e+00  4.62010753e-11
   1.11145475e+00 -1.58486690e-01  8.16129060e+00 -5.12114763e+00
  -2.04721003e-06  6.16720260e+00  9.98214034e-10]
 [ 6.15445748e+00  7.69293230e+00  5.38693453e+00 -6.60468559e+00
  -6.00346031e-01 -1.83669770e-15 -4.04401088e+00  2.29423303e-05
   3.20809781e+00 -1.59792834e-08  9.98214034e-10]
 [ 0.00000000e+00  1.77968504e+00 -2.18243600e+00 -6.60468559e+00
   7.97009911e+00 -1.83669770e-15  4.12818018e+00  2.29423303e-05
   3.75402599e+00 -1.59792834e-08  9.98214034e-10]
 [ 0.00000000e+00  1.77968504e+00 -9.47755597e+00  4.62010753e-11
   7.66094524e+00 -1.83669770e-15  7.18390667e+00  2.29423303e-05
   3.03108747e+00 -1.59792834e-08 -5.01522857e+00]]Population:
[[ 0.00000000e+00  0.00000000e+00  9.38859570e+00  0.00000000e+00
   1.88349720e+00  0.00000000e+00 -4.29641500e+00 -5.82849052e+00
   0.00000000e+00  0.00000000e+00]
 [ 1.77968504e+00  1.77968504e+00  1.77968504e+00  2.17431287e+00
   1.77968504e+00 -1.73885720e+00  4.91375067e+00  4.91375067e+00
  -8.45267765e+00  8.24404950e-01]
 [-9.45049799e+00 -2.18243600e+00 -2.18243600e+00 -2.18243600e+00
  -9.47755597e+00 -2.18243600e+00 -7.46934101e+00 -5.29406749e+00
  -9.47755597e+00  5.03991559e+00]
 [ 4.62010753e-11 -6.60468559e+00  4.62010753e-11 -6.60468559e+00
  -6.60468559e+00  9.27137190e-01  8.19685651e+00  4.62010753e-11
  -4.66026780e+00 -6.60468559e+00]
 [ 1.11145475e+00  1.11145475e+00 -9.20034637e+00  7.97009911e+00
   7.66094524e+00  7.97009911e+00  7.66094524e+00 -9.25204629e+00
   7.66094524e+00  2.57030316e+00]
 [-1.83669770e-15 -1.83669770e-15 -1.83669770e-15  9.02341635e+00
  -1.83669770e-15 -1.83669770e-15 -1.58486690e-01  5.90943944e+00
   8.02365231e+00 -8.12401017e-01]
 [-4.04401088e+00 -4.04401088e+00  7.74726851e+00  4.12818018e+00
  -2.31959906e+00  4.12818018e+00  8.16129060e+00  7.18390667e+00
   2.09635420e+00 -5.27237329e+00]
 [ 2.29423303e-05  2.29423303e-05  2.29423303e-05 -3.99420663e+00
   2.29423303e-05  2.29423303e-05  6.43647011e-01  2.29423303e-05
   2.29423303e-05  2.29423303e-05]
 [-2.04721003e-06 -2.04721003e-06  3.75402599e+00  3.03108747e+00
   3.75402599e+00  3.75402599e+00  7.69261056e+00  3.03108747e+00
   6.62791537e+00 -2.04721003e-06]
 [-1.59792834e-08 -1.59792834e-08 -1.59792834e-08 -1.59792834e-08
  -1.59792834e-08 -1.59792834e-08  6.16720260e+00  6.16720260e+00
  -1.59792834e-08 -1.59792834e-08]
 [ 9.98214034e-10  9.98214034e-10  9.98214034e-10 -2.88903258e+00
  -5.01522857e+00  9.98214034e-10  9.98214034e-10 -6.17614293e+00
  -5.01522857e+00 -9.84521366e-01]]
Train validation errors
[[4171453585961.779, 9750931654423.016], [3561150154654.3057, 7748505459231.911], [1.163765297914465e+27, 2.2562701724938338e+27], [2.9850305182886005e+43, 3.037565188649302e+43], [1.1407951997803564e+34, 2.158224036764942e+34], [1.1637673270721248e+27, 2.2562741470698297e+27], [9.208284742733335e+39, 9.370239131118054e+39], [1.2802056834187664e+43, 1.302716483745412e+43], [2.360165713665673e+43, 2.4016871603650985e+43], [2.419860754219437e+41, 2.4625312407217213e+41]]
Selected parents:
[[ 0.00000000e+00  1.77968504e+00 -9.45049799e+00  4.62010753e-11
   1.11145475e+00 -1.83669770e-15 -4.04401088e+00  2.29423303e-05
  -2.04721003e-06 -1.59792834e-08  9.98214034e-10]
 [ 0.00000000e+00  1.77968504e+00 -2.18243600e+00 -6.60468559e+00
   1.11145475e+00 -1.83669770e-15 -4.04401088e+00  2.29423303e-05
  -2.04721003e-06 -1.59792834e-08  9.98214034e-10]
 [ 9.38859570e+00  1.77968504e+00 -2.18243600e+00  4.62010753e-11
  -9.20034637e+00 -1.83669770e-15  7.74726851e+00  2.29423303e-05
   3.75402599e+00 -1.59792834e-08  9.98214034e-10]
 [ 1.88349720e+00  1.77968504e+00 -9.47755597e+00 -6.60468559e+00
   7.66094524e+00 -1.83669770e-15 -2.31959906e+00  2.29423303e-05
   3.75402599e+00 -1.59792834e-08 -5.01522857e+00]
 [ 0.00000000e+00 -1.73885720e+00 -2.18243600e+00  9.27137190e-01
   7.97009911e+00 -1.83669770e-15  4.12818018e+00  2.29423303e-05
   3.75402599e+00 -1.59792834e-08  9.98214034e-10]
 [-4.29641500e+00  4.91375067e+00 -7.46934101e+00  8.19685651e+00
   7.66094524e+00 -1.58486690e-01  8.16129060e+00  6.43647011e-01
   7.69261056e+00  6.16720260e+00  9.98214034e-10]]Population:
[[ 0.00000000e+00  0.00000000e+00 -3.11340704e+00 -4.96774691e+00
   0.00000000e+00  0.00000000e+00 -6.28331735e+00  0.00000000e+00
   0.00000000e+00  3.47550658e+00]
 [ 1.77968504e+00  1.77968504e+00  9.30410577e+00  1.88842142e+00
  -1.73885720e+00 -1.73885720e+00  4.51696170e-01  4.91375067e+00
  -1.73885720e+00  1.77968504e+00]
 [-9.45049799e+00 -2.18243600e+00 -9.45049799e+00 -7.46934101e+00
  -2.18243600e+00 -2.18243600e+00 -7.46934101e+00 -7.46934101e+00
  -2.79048914e+00 -9.45049799e+00]
 [ 4.62010753e-11 -6.60468559e+00 -8.55585244e+00  4.62010753e-11
   9.27137190e-01  1.69964696e-01  8.19685651e+00  8.19685651e+00
   4.62010753e-11  4.62010753e-11]
 [ 1.11145475e+00  1.11145475e+00  1.11145475e+00  7.66094524e+00
   1.11145475e+00  1.11145475e+00  1.11145475e+00  7.66094524e+00
   2.73170890e+00  1.11145475e+00]
 [-1.83669770e-15 -1.83669770e-15 -1.83669770e-15 -1.58486690e-01
  -1.79957666e+00 -4.57950625e+00 -1.58486690e-01  8.93962252e+00
  -1.83669770e-15 -1.83669770e-15]
 [-4.04401088e+00 -4.04401088e+00 -4.04401088e+00  8.16129060e+00
   4.12818018e+00 -4.04401088e+00 -4.04401088e+00  8.16129060e+00
  -4.04401088e+00  8.11984338e+00]
 [ 2.29423303e-05  2.29423303e-05  2.29423303e-05  6.43647011e-01
   5.82952399e+00  2.29423303e-05  6.43647011e-01  7.47115488e+00
   9.65005568e+00  9.35852698e+00]
 [-2.04721003e-06 -2.04721003e-06 -2.04721003e-06 -2.04721003e-06
   3.75402599e+00 -2.04721003e-06  7.69261056e+00  7.69261056e+00
  -4.27423883e+00  5.13326234e+00]
 [-1.59792834e-08 -1.59792834e-08  6.16720260e+00  6.16720260e+00
  -1.59792834e-08 -2.01763619e+00  6.16720260e+00 -1.59792834e-08
  -1.59792834e-08 -1.59792834e-08]
 [ 9.98214034e-10  9.98214034e-10  9.98214034e-10  9.12630451e+00
   8.72982152e+00 -8.61560251e+00  9.98214034e-10  9.98214034e-10
   9.98214034e-10 -9.10696248e+00]]
Train validation errors
[[4171453585961.779, 9750931654423.016], [3561150154654.3057, 7748505459231.911], [7.335566926498391e+30, 1.406288265650523e+31], [9.17431944112324e+39, 9.323919553586208e+39], [1.1869193854528898e+42, 1.2076887717021827e+42], [7.689634008852313e+42, 7.825344838549382e+42], [9.208284742735037e+39, 9.370239131120492e+39], [2.9299085839757896e+43, 2.981494023493113e+43], [1.377515591091558e+27, 2.6558626498984063e+27], [3.762131425398927e+34, 7.117432048442922e+34]]
Selected parents:
[[ 0.00000000e+00  1.77968504e+00 -9.45049799e+00  4.62010753e-11
   1.11145475e+00 -1.83669770e-15 -4.04401088e+00  2.29423303e-05
  -2.04721003e-06 -1.59792834e-08  9.98214034e-10]
 [ 0.00000000e+00  1.77968504e+00 -2.18243600e+00 -6.60468559e+00
   1.11145475e+00 -1.83669770e-15 -4.04401088e+00  2.29423303e-05
  -2.04721003e-06 -1.59792834e-08  9.98214034e-10]
 [-3.11340704e+00  9.30410577e+00 -9.45049799e+00 -8.55585244e+00
   1.11145475e+00 -1.83669770e-15 -4.04401088e+00  2.29423303e-05
  -2.04721003e-06  6.16720260e+00  9.98214034e-10]
 [-4.96774691e+00  1.88842142e+00 -7.46934101e+00  4.62010753e-11
   7.66094524e+00 -1.58486690e-01  8.16129060e+00  6.43647011e-01
  -2.04721003e-06  6.16720260e+00  9.12630451e+00]
 [ 0.00000000e+00 -1.73885720e+00 -2.79048914e+00  4.62010753e-11
   2.73170890e+00 -1.83669770e-15 -4.04401088e+00  9.65005568e+00
  -4.27423883e+00 -1.59792834e-08  9.98214034e-10]
 [ 3.47550658e+00  1.77968504e+00 -9.45049799e+00  4.62010753e-11
   1.11145475e+00 -1.83669770e-15  8.11984338e+00  9.35852698e+00
   5.13326234e+00 -1.59792834e-08 -9.10696248e+00]]Population:
[[ 0.00000000e+00  0.00000000e+00  0.00000000e+00  0.00000000e+00
  -4.96774691e+00 -4.96774691e+00  4.15296061e+00  0.00000000e+00
   0.00000000e+00  0.00000000e+00]
 [ 1.77968504e+00  1.77968504e+00  1.77968504e+00  1.77968504e+00
   8.47210726e+00 -4.46676272e+00  1.77968504e+00  1.77968504e+00
  -8.50963490e+00  1.77968504e+00]
 [-9.45049799e+00 -2.18243600e+00 -9.45049799e+00 -2.18243600e+00
  -8.90933050e+00 -7.46934101e+00 -9.45049799e+00 -2.18243600e+00
  -2.18243600e+00 -2.18243600e+00]
 [ 4.62010753e-11 -6.60468559e+00  6.38381313e+00 -6.60468559e+00
   4.62010753e-11  4.62010753e-11 -3.47536761e+00 -6.60468559e+00
  -3.54729111e-01 -6.67392197e+00]
 [ 1.11145475e+00  1.11145475e+00  1.11145475e+00  1.11145475e+00
   7.66094524e+00  7.66094524e+00  1.11145475e+00  1.11145475e+00
   2.73170890e+00  2.73170890e+00]
 [-1.83669770e-15 -1.83669770e-15 -1.83669770e-15 -1.83669770e-15
   4.17625573e+00 -1.58486690e-01  7.96166714e+00 -8.17997241e+00
  -1.83669770e-15 -1.83669770e-15]
 [-4.04401088e+00 -4.04401088e+00 -4.04401088e+00 -4.04401088e+00
   8.16129060e+00  8.11984338e+00 -4.04401088e+00 -4.04401088e+00
  -9.42185898e+00 -4.04401088e+00]
 [ 2.29423303e-05  2.29423303e-05  2.29423303e-05  2.29423303e-05
  -5.74087962e+00 -3.72936387e-01  6.86782588e+00  2.29423303e-05
   9.65005568e+00  2.29423303e-05]
 [-2.04721003e-06 -2.04721003e-06  7.58330917e+00 -2.04721003e-06
  -2.04721003e-06 -2.04721003e-06 -2.04721003e-06 -2.04721003e-06
  -4.27423883e+00  9.31594382e+00]
 [-1.59792834e-08 -1.59792834e-08 -1.59792834e-08 -8.46502947e+00
   6.16720260e+00  6.03884354e-01 -1.59792834e-08 -3.52333491e+00
   2.57043651e+00 -1.59792834e-08]
 [ 9.98214034e-10  9.98214034e-10  9.98214034e-10  5.20381147e+00
   9.12630451e+00 -9.10696248e+00  9.98214034e-10  9.98214034e-10
  -9.90492945e+00  9.98214034e-10]]
Train validation errors
[[4171453585961.779, 9750931654423.016], [3561150154654.3057, 7748505459231.911], [4.748851311351905e+27, 9.20691793800044e+27], [1.1494419546437635e+34, 2.1708509982823966e+34], [6.395162443398588e+42, 6.508074052076338e+42], [9.242698575204492e+39, 9.41721618524849e+39], [2.323933693854055e+43, 2.364850016163037e+43], [2.45312466971404e+43, 2.496316083603433e+43], [4.407421913002734e+34, 8.336142002874619e+34], [7.166791067815848e+27, 1.3894740587134381e+28]]
Selected parents:
[[ 0.00000000e+00  1.77968504e+00 -9.45049799e+00  4.62010753e-11
   1.11145475e+00 -1.83669770e-15 -4.04401088e+00  2.29423303e-05
  -2.04721003e-06 -1.59792834e-08  9.98214034e-10]
 [ 0.00000000e+00  1.77968504e+00 -2.18243600e+00 -6.60468559e+00
   1.11145475e+00 -1.83669770e-15 -4.04401088e+00  2.29423303e-05
  -2.04721003e-06 -1.59792834e-08  9.98214034e-10]
 [ 0.00000000e+00  1.77968504e+00 -9.45049799e+00  6.38381313e+00
   1.11145475e+00 -1.83669770e-15 -4.04401088e+00  2.29423303e-05
   7.58330917e+00 -1.59792834e-08  9.98214034e-10]
 [ 0.00000000e+00  1.77968504e+00 -2.18243600e+00 -6.60468559e+00
   1.11145475e+00 -1.83669770e-15 -4.04401088e+00  2.29423303e-05
  -2.04721003e-06 -8.46502947e+00  5.20381147e+00]
 [ 0.00000000e+00 -8.50963490e+00 -2.18243600e+00 -3.54729111e-01
   2.73170890e+00 -1.83669770e-15 -9.42185898e+00  9.65005568e+00
  -4.27423883e+00  2.57043651e+00 -9.90492945e+00]
 [ 0.00000000e+00  1.77968504e+00 -2.18243600e+00 -6.67392197e+00
   2.73170890e+00 -1.83669770e-15 -4.04401088e+00  2.29423303e-05
   9.31594382e+00 -1.59792834e-08  9.98214034e-10]]Population:
[[ 0.00000000e+00  0.00000000e+00  0.00000000e+00  0.00000000e+00
   0.00000000e+00  0.00000000e+00 -5.54922910e+00  6.89418152e+00
   2.44588656e+00  0.00000000e+00]
 [ 1.77968504e+00  1.77968504e+00  1.77968504e+00  1.77968504e+00
   1.77968504e+00  8.43679234e+00  1.77968504e+00  1.77968504e+00
  -4.94367613e+00 -2.40213402e+00]
 [-9.45049799e+00 -2.18243600e+00 -2.18243600e+00 -2.90149534e+00
  -9.45049799e+00 -9.19547385e+00 -9.45049799e+00 -2.18243600e+00
   1.99536859e+00 -7.75384227e+00]
 [ 4.62010753e-11 -6.60468559e+00  3.75783671e+00 -7.65443954e+00
   6.38381313e+00  1.83875323e+00  4.62010753e-11 -6.60468559e+00
  -6.60468559e+00 -6.60468559e+00]
 [ 1.11145475e+00  1.11145475e+00  1.11145475e+00  1.11145475e+00
   1.11145475e+00  1.11145475e+00  1.11145475e+00 -1.61662887e+00
   1.11145475e+00  1.11145475e+00]
 [-1.83669770e-15 -1.83669770e-15 -1.83669770e-15 -1.83669770e-15
  -2.62881341e+00 -1.83669770e-15 -1.83669770e-15 -1.83669770e-15
  -1.83669770e-15 -1.83669770e-15]
 [-4.04401088e+00 -4.04401088e+00 -4.04401088e+00 -4.04401088e+00
   3.09516103e+00 -4.04401088e+00  3.16328133e+00  1.16267580e+00
  -2.67451512e+00 -4.37929473e+00]
 [ 2.29423303e-05  2.29423303e-05 -4.77766661e+00  2.29423303e-05
   3.12132108e+00  9.12470456e+00  2.29423303e-05  2.29423303e-05
  -5.81567517e+00  2.29423303e-05]
 [-2.04721003e-06 -2.04721003e-06  2.88725403e+00  7.58330917e+00
   7.58330917e+00  7.58330917e+00 -2.04721003e-06 -2.04721003e-06
  -2.04721003e-06  7.72309554e+00]
 [-1.59792834e-08 -1.59792834e-08 -1.59792834e-08 -1.59792834e-08
  -1.59792834e-08 -1.59792834e-08 -1.59792834e-08 -1.59792834e-08
  -4.70452353e+00 -1.59792834e-08]
 [ 9.98214034e-10  9.98214034e-10  9.98214034e-10  6.33326420e+00
   9.98214034e-10  9.98214034e-10  9.98214034e-10  9.98214034e-10
   9.98214034e-10  9.98214034e-10]]
Train validation errors
[[4171453585961.779, 9750931654423.016], [3561150154654.3057, 7748505459231.911], [6.442480762734176e+26, 1.244086331796675e+27], [1.8222150983465845e+34, 3.4474505768225665e+34], [2.533583293877286e+42, 2.578190738134268e+42], [4.977398350116743e+27, 9.6750114329193e+27], [4171442536073.884, 9750908462538.27], [9806569417879.783, 17377564566673.475], [4.2731501910517426e+30, 8.192076960452761e+30], [4.925540016175489e+27, 9.549476212028527e+27]]
Selected parents:
[[ 0.00000000e+00  1.77968504e+00 -9.45049799e+00  4.62010753e-11
   1.11145475e+00 -1.83669770e-15 -4.04401088e+00  2.29423303e-05
  -2.04721003e-06 -1.59792834e-08  9.98214034e-10]
 [ 0.00000000e+00  1.77968504e+00 -2.18243600e+00 -6.60468559e+00
   1.11145475e+00 -1.83669770e-15 -4.04401088e+00  2.29423303e-05
  -2.04721003e-06 -1.59792834e-08  9.98214034e-10]
 [ 0.00000000e+00  1.77968504e+00 -2.18243600e+00  3.75783671e+00
   1.11145475e+00 -1.83669770e-15 -4.04401088e+00 -4.77766661e+00
   2.88725403e+00 -1.59792834e-08  9.98214034e-10]
 [-5.54922910e+00  1.77968504e+00 -9.45049799e+00  4.62010753e-11
   1.11145475e+00 -1.83669770e-15  3.16328133e+00  2.29423303e-05
  -2.04721003e-06 -1.59792834e-08  9.98214034e-10]
 [ 6.89418152e+00  1.77968504e+00 -2.18243600e+00 -6.60468559e+00
  -1.61662887e+00 -1.83669770e-15  1.16267580e+00  2.29423303e-05
  -2.04721003e-06 -1.59792834e-08  9.98214034e-10]
 [ 0.00000000e+00 -2.40213402e+00 -7.75384227e+00 -6.60468559e+00
   1.11145475e+00 -1.83669770e-15 -4.37929473e+00  2.29423303e-05
   7.72309554e+00 -1.59792834e-08  9.98214034e-10]]Best offspring gen errors:
[[3.56115015e+12 7.74850546e+12]
 [3.56115015e+12 7.74850546e+12]
 [3.56115015e+12 7.74850546e+12]
 [3.56115015e+12 7.74850546e+12]
 [3.56115015e+12 7.74850546e+12]
 [3.56115015e+12 7.74850546e+12]
 [3.56115015e+12 7.74850546e+12]
 [3.56115015e+12 7.74850546e+12]
 [3.56115015e+12 7.74850546e+12]
 [3.56115015e+12 7.74850546e+12]]