No of generations: 8
Population size: 8
Mutation coefficient: 0.1
Split point: 7
One offspring per pair
Population:
[[ 0.00000000e+00 -7.94804524e+00  5.98216267e+00 -3.54120149e+00
  -4.43338848e-01 -3.22566620e+00  1.00159096e+00  2.85243204e+00]
 [-1.45799022e-12  4.03859126e+00  9.63783840e+00  2.41550575e+00
   6.46540188e+00  4.46425789e+00 -8.47684107e+00  8.18107713e+00]
 [-2.28980078e-13 -6.74043157e+00  6.87070334e+00 -5.15728370e+00
  -5.69014926e+00 -4.66205486e-01  3.72610083e+00  9.19058307e+00]
 [ 4.62010753e-11  6.57889334e-01  2.97044741e+00  6.86565903e+00
  -5.00698739e-01  5.48351901e+00  3.10152261e+00 -2.11637801e+00]
 [-1.75214813e-10  1.29771293e+00 -2.95504586e+00 -6.24518340e+00
   1.42894700e+00 -5.43785581e+00 -1.41935195e+00 -4.43927408e+00]
 [-1.83669770e-15  1.80235039e+00  8.53253118e+00 -5.59795299e+00
   4.35847570e+00  4.68024311e+00 -8.40978365e+00  2.07368083e+00]
 [ 8.52944060e-16  8.28721589e+00  9.36726187e+00  6.87886111e+00
   9.07130602e+00  6.20185056e-01 -5.30453075e+00 -7.67674968e+00]
 [ 2.29423303e-05 -1.56479686e+00 -1.24475616e+00 -5.75280404e+00
  -6.48544232e+00  6.89631060e-01 -2.52586118e+00 -3.18529477e-01]
 [-2.04721003e-06 -4.12460198e+00  8.50077921e+00 -7.32127965e+00
   2.64732076e+00  5.27525142e+00 -1.03392134e-01  3.03541262e+00]
 [-1.59792834e-08  9.20470741e+00  7.71728027e+00 -6.75417643e+00
  -7.52846124e+00  8.00767149e+00 -8.77043937e+00  5.16911289e+00]
 [ 9.98214034e-10 -6.19269397e+00 -3.41514141e-01  6.65271012e+00
  -1.36776826e+00  3.51199549e+00 -1.71224162e+00  8.71294392e+00]]
Train validation errors
[[13510723304.19212, 368296592820.6967], [1.1906970613719221e+42, 1.2115728648063019e+42], [2.669137052528086e+43, 2.716129968607084e+43], [1.1487930015672503e+43, 1.1689895107594024e+43], [6.964264285851946e+42, 7.086826381614816e+42], [8.031088423051942e+42, 8.172628250502137e+42], [2.592934859104854e+43, 2.638600349925473e+43], [1.576950267928137e+42, 1.6048640487131484e+42]]
Population:
[[ 0.00000000e+00  2.85243204e+00  1.00159096e+00  2.85243204e+00
   2.85243204e+00 -7.94804524e+00  2.85243204e+00 -7.94804524e+00]
 [-1.45799022e-12 -5.64409895e+00 -8.47684107e+00  8.18107713e+00
  -4.25719383e+00  4.03859126e+00  8.18107713e+00  4.03859126e+00]
 [-2.28980078e-13  9.19058307e+00  1.97984900e+00  9.19058307e+00
   9.19058307e+00  3.81000013e+00  9.19058307e+00 -6.74043157e+00]
 [ 4.62010753e-11 -2.11637801e+00  3.10152261e+00 -2.11637801e+00
  -2.11637801e+00  6.57889334e-01 -2.11637801e+00  6.57889334e-01]
 [-1.75214813e-10 -4.43927408e+00 -1.41935195e+00 -4.43927408e+00
  -4.43927408e+00  1.29771293e+00 -4.43927408e+00  1.29771293e+00]
 [-1.83669770e-15  2.07368083e+00 -8.40978365e+00 -8.34376786e+00
   2.07368083e+00  1.80235039e+00  2.07368083e+00  1.80235039e+00]
 [ 8.52944060e-16 -7.67674968e+00 -5.30453075e+00 -7.67674968e+00
  -7.67674968e+00  3.22881633e+00 -7.67674968e+00  8.28721589e+00]
 [-3.18529477e-01  2.29423303e-05 -5.88784303e+00 -2.52586118e+00
  -1.56479686e+00 -3.18529477e-01 -1.56479686e+00 -3.18529477e-01]
 [ 3.03541262e+00 -2.04721003e-06  3.03541262e+00 -1.03392134e-01
  -4.12460198e+00  3.03541262e+00 -4.12460198e+00  3.03541262e+00]
 [ 5.16911289e+00 -1.59792834e-08  5.16911289e+00 -8.77043937e+00
   9.20470741e+00  5.16911289e+00  9.20470741e+00  5.16911289e+00]
 [ 8.71294392e+00  9.98214034e-10  8.71294392e+00 -1.71224162e+00
  -6.19269397e+00 -4.17136006e+00 -6.19269397e+00  8.71294392e+00]]
Train validation errors
[[3.5296251114014964e+34, 6.681520086983058e+34], [1.5765201437721588e+42, 1.604277134367782e+42], [2.5927230570427783e+43, 2.6383113180752845e+43], [2.5523864781853507e+43, 2.597337952166645e+43], [1.576227176230276e+42, 1.6038775334894873e+42], [1.1907793864280197e+42, 1.2116851441840366e+42], [1.576227176230276e+42, 1.6038775334894873e+42], [1.1913255427243094e+42, 1.2124303042929754e+42]]
Population:
[[ 0.00000000e+00  2.85243204e+00 -7.94804524e+00  0.00000000e+00
   2.85243204e+00 -7.94804524e+00 -7.94804524e+00  2.85243204e+00]
 [-1.45799022e-12  8.18107713e+00  4.03859126e+00 -1.45799022e-12
  -4.25719383e+00  4.03859126e+00  4.03859126e+00  8.18107713e+00]
 [-2.28980078e-13  9.19058307e+00 -6.74043157e+00 -2.28980078e-13
   9.19058307e+00  3.81000013e+00  3.81000013e+00 -4.94546556e+00]
 [ 4.62010753e-11 -2.11637801e+00 -9.35398398e+00  4.62010753e-11
  -2.11637801e+00  6.57889334e-01  6.57889334e-01 -2.11637801e+00]
 [-1.75214813e-10 -4.43927408e+00  1.29771293e+00 -1.75214813e-10
  -4.43927408e+00  1.29771293e+00 -1.96544045e+00 -4.43927408e+00]
 [-5.52286726e+00  2.07368083e+00  1.80235039e+00 -1.83669770e-15
   2.07368083e+00  1.80235039e+00  1.80235039e+00  2.07368083e+00]
 [ 8.52944060e-16 -7.67674968e+00  8.28721589e+00  8.52944060e-16
  -7.67674968e+00  3.22881633e+00  3.22881633e+00 -7.67674968e+00]
 [-9.38757377e+00 -3.18529477e-01 -3.18529477e-01 -3.18529477e-01
  -9.60674780e+00 -1.56479686e+00 -1.56479686e+00 -3.18529477e-01]
 [-4.12460198e+00  3.03541262e+00  3.03541262e+00  3.03541262e+00
   3.03541262e+00 -4.12460198e+00  6.92007683e-01  3.03541262e+00]
 [ 9.20470741e+00  5.16911289e+00  5.16911289e+00  5.16911289e+00
   5.16911289e+00  9.20470741e+00  9.20470741e+00  5.16911289e+00]
 [ 7.67374069e+00  8.71294392e+00  8.71294392e+00  8.71294392e+00
  -4.17136006e+00 -6.19269397e+00 -6.19269397e+00 -4.17136006e+00]]
Train validation errors
[[1.118163383227286e+43, 1.1378149024220055e+43], [1.576950267928137e+42, 1.6048640487131484e+42], [1.1913255427243089e+42, 1.2124303042929746e+42], [3.5296251114014964e+34, 6.681520086983058e+34], [1.5763218922667425e+42, 1.6040067129307114e+42], [1.1906970613719221e+42, 1.2115728648063019e+42], [1.1906971453772614e+42, 1.2115729812900976e+42], [1.576321896048335e+42, 1.6040067182175602e+42]]
Population:
[[ 2.85243204e+00  2.85243204e+00 -7.94804524e+00  3.83667658e+00
  -5.66735397e+00  0.00000000e+00 -7.94804524e+00 -7.94804524e+00]
 [-4.25719383e+00  8.18107713e+00  4.03859126e+00  4.03859126e+00
   9.81927774e+00 -1.45799022e-12  4.03859126e+00  4.03859126e+00]
 [ 9.19058307e+00  9.19058307e+00  3.81000013e+00  3.81000013e+00
   3.81000013e+00 -2.28980078e-13  3.81000013e+00 -6.74043157e+00]
 [-2.11637801e+00 -2.11637801e+00  6.57889334e-01  6.57889334e-01
   6.57889334e-01  4.62010753e-11  6.57889334e-01 -9.35398398e+00]
 [-6.67477080e+00 -4.43927408e+00  1.29771293e+00 -1.96544045e+00
   1.29771293e+00 -1.75214813e-10 -1.96544045e+00  1.29771293e+00]
 [ 2.07368083e+00  2.07368083e+00  1.80235039e+00  1.80235039e+00
   1.80235039e+00 -1.83669770e-15  1.80235039e+00  1.80235039e+00]
 [-7.67674968e+00 -7.67674968e+00  3.22881633e+00  3.22881633e+00
   3.22881633e+00  8.52944060e-16  3.22881633e+00 -7.72853113e+00]
 [-3.18529477e-01 -9.60674780e+00 -1.56479686e+00 -1.56479686e+00
  -3.18529477e-01 -1.56479686e+00 -3.00222210e+00 -1.56479686e+00]
 [ 3.03541262e+00  3.03541262e+00  6.92007683e-01 -4.12460198e+00
   3.03541262e+00  9.67975314e-01  2.46394769e+00  6.92007683e-01]
 [ 5.16911289e+00  5.16911289e+00  9.20470741e+00  9.20470741e+00
   5.16911289e+00  9.20470741e+00  5.16911289e+00  9.20470741e+00]
 [ 2.28658695e+00 -4.17136006e+00 -6.19269397e+00 -6.19269397e+00
   8.71294392e+00 -6.19269397e+00 -7.63335466e+00 -6.19269397e+00]]
Train validation errors
[[1.576636833481903e+42, 1.6044363988437635e+42], [1.5763218922667425e+42, 1.6040067129307114e+42], [1.1906971453772707e+42, 1.2115729812901114e+42], [1.1906970613719127e+42, 1.2115728648062881e+42], [1.1913255427243094e+42, 1.2124303042929754e+42], [1.6371530514408914e+34, 3.092428715593422e+34], [1.1906326497564851e+42, 1.2114849541394482e+42], [1.1906971453772702e+42, 1.2115729812901106e+42]]
Population:
[[ 0.00000000e+00 -7.94804524e+00 -8.21945973e+00 -7.94804524e+00
  -7.94804524e+00  2.85243204e+00  0.00000000e+00 -7.94804524e+00]
 [-1.45799022e-12  6.35172050e+00  4.03859126e+00  4.03859126e+00
  -5.42317711e+00 -4.25719383e+00 -1.45799022e-12  4.03859126e+00]
 [-2.28980078e-13  3.81000013e+00  3.81000013e+00 -6.74043157e+00
   3.81000013e+00 -6.25893875e+00 -2.28980078e-13  3.81000013e+00]
 [ 4.62010753e-11  6.57889334e-01  6.57889334e-01 -9.35398398e+00
   6.57889334e-01 -5.00895060e+00  4.62010753e-11  6.57889334e-01]
 [ 2.34357300e+00 -1.96544045e+00 -1.96544045e+00  1.29771293e+00
  -1.96544045e+00 -6.67477080e+00 -1.75214813e-10 -1.96544045e+00]
 [-1.83669770e-15  1.80235039e+00  1.80235039e+00  1.80235039e+00
   1.80235039e+00  2.07368083e+00 -9.65549414e+00  1.80235039e+00]
 [ 8.52944060e-16  3.22881633e+00  3.22881633e+00 -7.72853113e+00
   3.22881633e+00 -7.67674968e+00  8.52944060e-16  3.22881633e+00]
 [-3.00222210e+00 -1.56479686e+00 -1.56479686e+00 -4.78626742e+00
  -3.18529477e-01 -3.00222210e+00 -3.00222210e+00  6.42792197e+00]
 [ 2.46394769e+00 -4.71919201e+00  6.92007683e-01  2.46394769e+00
   3.03541262e+00  2.46394769e+00  2.46394769e+00  9.67975314e-01]
 [ 5.16911289e+00  9.20470741e+00  9.20470741e+00  5.16911289e+00
   5.16911289e+00  5.16911289e+00  5.16911289e+00  9.20470741e+00]
 [-7.63335466e+00  6.12933721e+00 -6.19269397e+00 -7.63335466e+00
   2.28658695e+00 -7.63335466e+00 -7.63335466e+00 -6.19269397e+00]]
Train validation errors
[[2.5717701383544754e+34, 4.862075739975292e+34], [1.1912193480865175e+42, 1.2122854446264057e+42], [1.1906971453772614e+42, 1.2115729812900976e+42], [1.1906326491252352e+42, 1.2114849532569625e+42], [1.1910531152807746e+42, 1.2120586021059094e+42], [1.576153066520041e+42, 1.6037763858649935e+42], [3.4181130820174695e+43, 3.4783533090242077e+43], [1.1906971530185515e+42, 1.2115729919179133e+42]]
Population:
[[-7.94804524e+00 -7.94804524e+00 -7.94804524e+00 -7.94804524e+00
  -8.21945973e+00  0.00000000e+00 -7.94804524e+00 -8.21945973e+00]
 [ 4.03859126e+00  4.03859126e+00  4.03859126e+00  4.03859126e+00
   4.03859126e+00 -1.45799022e-12  8.07216716e+00  4.03859126e+00]
 [-6.74043157e+00  3.81000013e+00 -6.74043157e+00  3.81000013e+00
   9.82199549e+00 -2.28980078e-13  3.81000013e+00  3.81000013e+00]
 [-9.35398398e+00  6.57889334e-01 -9.35398398e+00  4.91753506e+00
   6.57889334e-01  4.62010753e-11  6.57889334e-01  6.57889334e-01]
 [ 1.29771293e+00 -1.96544045e+00  1.29771293e+00 -1.96544045e+00
  -1.96544045e+00  2.34357300e+00 -1.96544045e+00 -1.96544045e+00]
 [ 1.80235039e+00 -9.82495730e+00  1.80235039e+00  1.80235039e+00
   1.80235039e+00 -1.83669770e-15  1.80235039e+00  1.80235039e+00]
 [-7.72853113e+00  3.22881633e+00  2.84355565e+00  3.22881633e+00
   3.22881633e+00  8.52944060e-16  3.22881633e+00  7.03971124e+00]
 [ 6.42792197e+00  6.70630426e+00  6.42792197e+00 -4.78626742e+00
  -3.00222210e+00  5.70231916e+00 -1.56479686e+00 -1.56479686e+00]
 [ 9.67975314e-01  2.46394769e+00  9.67975314e-01  2.46394769e+00
   2.46394769e+00  6.92007683e-01  6.92007683e-01 -4.71919201e+00]
 [ 9.20470741e+00  5.16911289e+00  9.20470741e+00  5.16911289e+00
   5.16911289e+00  9.20470741e+00  9.20470741e+00  9.20470741e+00]
 [-6.19269397e+00  7.17908453e+00 -6.19269397e+00 -7.63335466e+00
  -7.63335466e+00 -6.19269397e+00 -6.19269397e+00  6.12933721e+00]]
Train validation errors
[[1.1906971530185603e+42, 1.2115729919179257e+42], [3.538802979821632e+43, 3.6010504981176723e+43], [1.1906971530185603e+42, 1.2115729919179257e+42], [1.190632649125227e+42, 1.21148495325695e+42], [1.1906326497564851e+42, 1.2114849541394482e+42], [1.637183288292786e+34, 3.0924841294830843e+34], [1.1906971453772614e+42, 1.2115729812900976e+42], [1.1912193480865175e+42, 1.2122854446264057e+42]]
Population:
[[-7.94804524e+00  9.21205301e+00 -8.21945973e+00  0.00000000e+00
   0.00000000e+00 -7.94804524e+00 -8.21945973e+00 -7.94804524e+00]
 [ 4.66763292e+00  9.30094416e+00  4.03859126e+00 -1.45799022e-12
  -1.45799022e-12  8.07216716e+00  4.03859126e+00  4.03859126e+00]
 [ 3.81000013e+00  9.82199549e+00  9.82199549e+00 -3.84418177e+00
  -2.28980078e-13  3.81000013e+00  9.82199549e+00  3.81000013e+00]
 [ 6.57889334e-01  6.57889334e-01  6.57889334e-01  4.62010753e-11
   4.62010753e-11  6.57889334e-01  6.57889334e-01  4.91753506e+00]
 [-1.96544045e+00 -1.96544045e+00 -1.96544045e+00  2.34357300e+00
   2.34357300e+00 -1.96544045e+00 -1.96544045e+00 -1.96544045e+00]
 [ 9.00231628e+00  1.80235039e+00  1.80235039e+00 -1.83669770e-15
  -1.83669770e-15 -8.38584374e-01  1.80235039e+00  1.80235039e+00]
 [ 3.22881633e+00  3.22881633e+00  3.22881633e+00  8.52944060e-16
   8.52944060e-16  3.22881633e+00  3.22881633e+00  3.22881633e+00]
 [-3.00222210e+00 -1.56479686e+00  5.70231916e+00 -3.00222210e+00
  -1.56479686e+00  5.70231916e+00 -4.78626742e+00 -3.00222210e+00]
 [ 2.46394769e+00  6.92007683e-01  6.92007683e-01  2.46394769e+00
   6.92007683e-01  6.92007683e-01  2.46394769e+00  2.46394769e+00]
 [ 5.16911289e+00  9.20470741e+00  9.20470741e+00  5.16911289e+00
   9.20470741e+00  9.20470741e+00  5.16911289e+00  5.16911289e+00]
 [-7.63335466e+00 -6.19269397e+00 -6.19269397e+00 -8.73350900e-01
  -6.19269397e+00 -6.19269397e+00 -7.63335466e+00 -7.63335466e+00]]
Train validation errors
[[2.97098826935249e+43, 3.0232417214950203e+43], [1.1906971453772614e+42, 1.2115729812900976e+42], [1.1906971479487129e+42, 1.2115729848850286e+42], [2.6767025819456872e+32, 5.026402030083084e+32], [1.6372170033738873e+34, 3.0925511789470126e+34], [2.5793407953513837e+41, 2.625164351878955e+41], [1.1906326491252266e+42, 1.21148495325695e+42], [1.1906326497564856e+42, 1.2114849541394482e+42]]
Population:
[[-7.94804524e+00  0.00000000e+00  9.21205301e+00  0.00000000e+00
  -8.21945973e+00  0.00000000e+00 -1.42392865e-01  0.00000000e+00]
 [ 8.07216716e+00 -1.45799022e-12  9.30094416e+00 -1.45799022e-12
   4.03859126e+00 -1.45799022e-12  9.30094416e+00 -1.45799022e-12]
 [ 3.81000013e+00 -3.84418177e+00  9.82199549e+00 -2.28980078e-13
   9.82199549e+00 -2.28980078e-13  9.82199549e+00 -3.84418177e+00]
 [ 6.57889334e-01  4.62010753e-11  6.57889334e-01  4.62010753e-11
   6.57889334e-01  4.62010753e-11  6.57889334e-01  4.62010753e-11]
 [-1.96544045e+00  2.34357300e+00 -1.96544045e+00  2.34357300e+00
   7.81427095e+00  2.34357300e+00 -1.96544045e+00  2.34357300e+00]
 [-8.38584374e-01 -1.83669770e-15  1.80235039e+00 -1.83669770e-15
   1.80235039e+00 -9.46799721e+00  1.80235039e+00 -1.83669770e-15]
 [ 3.22881633e+00  8.52944060e-16  3.22881633e+00  8.52944060e-16
   3.22881633e+00  8.52944060e-16  3.22881633e+00  8.52944060e-16]
 [-3.00222210e+00  5.70231916e+00 -1.56479686e+00  9.24142998e+00
  -1.56479686e+00 -4.78626742e+00 -3.00222210e+00 -1.56479686e+00]
 [-9.30578020e+00 -4.12278018e+00  6.92007683e-01  6.92007683e-01
   6.92007683e-01  2.46394769e+00  2.46394769e+00  6.92007683e-01]
 [ 5.16911289e+00  9.20470741e+00  9.20470741e+00  9.20470741e+00
   9.20470741e+00  5.16911289e+00  5.16911289e+00  9.20470741e+00]
 [-8.73350900e-01 -6.19269397e+00 -6.19269397e+00 -6.19269397e+00
  -6.19269397e+00 -7.63335466e+00 -8.73350900e-01 -6.19269397e+00]]
Train validation errors
[[2.5783085468196925e+41, 2.6237561225216015e+41], [1.6382992459345801e+34, 3.0946211114822234e+34], [1.1906971453772614e+42, 1.2115729812900976e+42], [1.6371668690675305e+34, 3.0924514764277073e+34], [1.1906971453772903e+42, 1.2115729812901391e+42], [3.2866547821803266e+43, 3.344579339312685e+43], [1.1909191613769938e+42, 1.2118758413236008e+42], [1.6372170033739601e+34, 3.092551178947155e+34]]
