Fitness funtion: -1 * (train_validation_error[:, 1] + train_validation_error[:, 0])
Initialed with the best that we have until now
Starting all over again with new root population
No of generations: 5
Population size: 10
Mutation coefficient: 0.2
Split point: 7
Two offspring per pair
Population:
[[-3.89749305e-01  0.00000000e+00  5.04483508e-01  0.00000000e+00
   0.00000000e+00  0.00000000e+00 -2.62722513e-01 -5.68633399e-01
  -5.22305135e-01  0.00000000e+00]
 [-2.33347673e-12 -1.35449878e-12 -1.86960346e-12 -1.77225540e-12
  -1.76734494e-12 -1.77745891e-12 -1.45799022e-12 -1.45799022e-12
  -1.45799022e-12 -1.78582900e-12]
 [-2.06438646e-13 -2.85747350e-13 -2.28980078e-13 -2.28980078e-13
  -2.28980078e-13 -2.28980078e-13 -2.28980078e-13 -2.28980078e-13
  -2.28980078e-13 -1.93235126e-13]
 [ 4.63062591e-11  4.62010753e-11  4.17961380e-11  4.62010753e-11
   4.62010753e-11  5.39109940e-11  4.62010753e-11  4.62010753e-11
   4.75633237e-11  4.62010753e-11]
 [-2.60583637e-10 -1.75214813e-10 -1.28072621e-10 -1.11819061e-10
  -1.30750534e-10 -1.59442085e-10 -1.11881811e-10 -1.80991365e-10
  -1.75214813e-10 -1.27135138e-10]
 [-1.83669770e-15 -1.83669770e-15 -2.49447957e-15 -2.20872023e-15
  -1.83669770e-15 -1.83669770e-15 -1.83669770e-15 -1.83669770e-15
  -1.43804202e-15 -1.83669770e-15]
 [ 8.52944060e-16  8.52944060e-16  8.73401780e-16  8.52944060e-16
   8.19617556e-16  8.52944060e-16  8.52944060e-16  9.13757823e-16
   8.52944060e-16  7.94224460e-16]
 [ 2.36156533e-05  2.29423303e-05  1.89854862e-05  1.44798740e-05
   2.29423303e-05  2.29423303e-05  2.29423303e-05  2.29423303e-05
   2.29423303e-05  1.61585094e-05]
 [-1.30380368e-06 -2.77519374e-06 -1.57176544e-06 -2.04721003e-06
  -2.04721003e-06 -2.27629341e-06 -2.04721003e-06 -2.01955966e-06
  -2.81846595e-06 -1.89752702e-06]
 [-1.59792834e-08 -2.44537621e-08 -1.59792834e-08 -1.59792834e-08
  -1.59792834e-08 -1.59792834e-08 -1.44121402e-08 -1.44001662e-08
  -1.59792834e-08 -1.59792834e-08]
 [ 9.98214034e-10  1.00854469e-09  9.98214034e-10  9.98214034e-10
   9.98214034e-10  1.06096881e-09  9.73201690e-10  9.52001877e-10
   9.98214034e-10  9.98214034e-10]]
Train validation errors
[[47401721179272.23, 99861470241051.03], [100765828050990.73, 186704108531769.56], [10803392529061.855, 25441604701633.492], [3223120135696.0977, 4398676152066.911], [13510723306.466742, 368296592886.55035], [576085151503.8677, 760352183938.676], [51390759988.22226, 584260651596.4991], [29243441077.32705, 301622652642.8264], [46114410724696.32, 83948275341839.0], [205304429482.04538, 528722562853.4525]]
Selected parents:
[[ 0.00000000e+00 -1.77225540e-12 -2.28980078e-13  4.62010753e-11
  -1.11819061e-10 -2.20872023e-15  8.52944060e-16  1.44798740e-05
  -2.04721003e-06 -1.59792834e-08  9.98214034e-10]
 [ 0.00000000e+00 -1.76734494e-12 -2.28980078e-13  4.62010753e-11
  -1.30750534e-10 -1.83669770e-15  8.19617556e-16  2.29423303e-05
  -2.04721003e-06 -1.59792834e-08  9.98214034e-10]
 [ 0.00000000e+00 -1.77745891e-12 -2.28980078e-13  5.39109940e-11
  -1.59442085e-10 -1.83669770e-15  8.52944060e-16  2.29423303e-05
  -2.27629341e-06 -1.59792834e-08  1.06096881e-09]
 [-2.62722513e-01 -1.45799022e-12 -2.28980078e-13  4.62010753e-11
  -1.11881811e-10 -1.83669770e-15  8.52944060e-16  2.29423303e-05
  -2.04721003e-06 -1.44121402e-08  9.73201690e-10]
 [-5.68633399e-01 -1.45799022e-12 -2.28980078e-13  4.62010753e-11
  -1.80991365e-10 -1.83669770e-15  9.13757823e-16  2.29423303e-05
  -2.01955966e-06 -1.44001662e-08  9.52001877e-10]
 [ 0.00000000e+00 -1.78582900e-12 -1.93235126e-13  4.62010753e-11
  -1.27135138e-10 -1.83669770e-15  7.94224460e-16  1.61585094e-05
  -1.89752702e-06 -1.59792834e-08  9.98214034e-10]]Population:
[[ 0.00000000e+00 -5.68633399e-01  2.21911399e-01 -6.31687240e-01
  -2.23060451e-01 -5.77456337e-01  8.11735375e-02 -5.68633399e-01
   0.00000000e+00  0.00000000e+00]
 [-1.76734494e-12 -1.45799022e-12 -1.77745891e-12 -2.26154910e-12
  -1.45799022e-12 -1.45799022e-12 -1.45799022e-12 -1.77745891e-12
  -1.76734494e-12 -1.76734494e-12]
 [-2.28980078e-13 -2.28980078e-13 -2.28980078e-13 -2.28980078e-13
  -2.28980078e-13 -2.28980078e-13 -2.28980078e-13 -2.28980078e-13
  -2.53726211e-13 -2.28980078e-13]
 [ 4.62010753e-11  4.62010753e-11  5.39109940e-11  5.10207709e-11
   4.62010753e-11  4.58782984e-11  6.11533261e-11  4.62010753e-11
   5.39109940e-11  4.40807337e-11]
 [-1.30750534e-10 -1.80991365e-10 -1.59442085e-10 -2.41329710e-10
  -1.80991365e-10 -1.85039794e-10 -2.03592563e-10 -1.59442085e-10
  -1.59442085e-10 -1.53108915e-10]
 [-1.83669770e-15 -1.83669770e-15 -1.83669770e-15 -1.83669770e-15
  -1.18497654e-15 -1.83669770e-15 -1.69747381e-15 -1.83669770e-15
  -1.05722074e-15 -2.01472843e-15]
 [ 8.19617556e-16  9.13757823e-16  8.18775064e-16  8.95648980e-16
   9.13757823e-16  9.51224184e-16  9.21557210e-16  9.37173754e-16
   8.52944060e-16  7.32964015e-16]
 [ 2.29423303e-05  2.29423303e-05  2.29423303e-05  3.08923167e-05
   1.56619912e-05  2.29423303e-05  1.87944991e-05  2.29423303e-05
   1.41179498e-05  2.29423303e-05]
 [-2.04721003e-06 -2.01955966e-06 -2.27629341e-06 -2.01955966e-06
  -1.78874842e-06 -1.41165556e-06 -2.90875030e-06 -3.13644407e-06
  -2.27629341e-06 -2.71827680e-06]
 [-1.59792834e-08 -1.44001662e-08 -1.59792834e-08 -1.59792834e-08
  -1.55154727e-08 -1.88530936e-08 -1.44001662e-08 -1.44001662e-08
  -1.59792834e-08 -1.59792834e-08]
 [ 9.98214034e-10  9.52001877e-10  9.52001877e-10  9.52001877e-10
   9.12923154e-10  9.52001877e-10  1.06096881e-09  1.06096881e-09
   1.06096881e-09  9.98214034e-10]]
Train validation errors
[[13510723306.466742, 368296592886.55035], [29243441077.32705, 301622652642.8264], [9355395135131.777, 14978845197403.463], [691902940534.8074, 2353179532184.6694], [271108979560.14886, 233088808920.5578], [12969146196713.943, 28684427240665.426], [42127689748255.04, 76658396535140.52], [62278555179982.06, 112508734762805.34], [3945752057775.7524, 7303161445972.57], [38276894814292.55, 67224349697762.06]]
Selected parents:
[[ 0.00000000e+00 -1.76734494e-12 -2.28980078e-13  4.62010753e-11
  -1.30750534e-10 -1.83669770e-15  8.19617556e-16  2.29423303e-05
  -2.04721003e-06 -1.59792834e-08  9.98214034e-10]
 [-5.68633399e-01 -1.45799022e-12 -2.28980078e-13  4.62010753e-11
  -1.80991365e-10 -1.83669770e-15  9.13757823e-16  2.29423303e-05
  -2.01955966e-06 -1.44001662e-08  9.52001877e-10]
 [ 2.21911399e-01 -1.77745891e-12 -2.28980078e-13  5.39109940e-11
  -1.59442085e-10 -1.83669770e-15  8.18775064e-16  2.29423303e-05
  -2.27629341e-06 -1.59792834e-08  9.52001877e-10]
 [-6.31687240e-01 -2.26154910e-12 -2.28980078e-13  5.10207709e-11
  -2.41329710e-10 -1.83669770e-15  8.95648980e-16  3.08923167e-05
  -2.01955966e-06 -1.59792834e-08  9.52001877e-10]
 [-2.23060451e-01 -1.45799022e-12 -2.28980078e-13  4.62010753e-11
  -1.80991365e-10 -1.18497654e-15  9.13757823e-16  1.56619912e-05
  -1.78874842e-06 -1.55154727e-08  9.12923154e-10]
 [ 0.00000000e+00 -1.76734494e-12 -2.53726211e-13  5.39109940e-11
  -1.59442085e-10 -1.05722074e-15  8.52944060e-16  1.41179498e-05
  -2.27629341e-06 -1.59792834e-08  1.06096881e-09]]Population:
[[ 0.00000000e+00 -5.68633399e-01 -2.23060451e-01 -2.33220184e-01
  -5.04459814e-01 -5.68633399e-01 -5.68633399e-01  2.29755889e-01
   0.00000000e+00 -5.62454933e-01]
 [-1.76734494e-12 -1.45799022e-12 -1.45799022e-12 -1.82034026e-12
  -1.61483533e-12 -1.76734494e-12 -2.38023230e-12 -1.77745891e-12
  -1.52741198e-12 -1.76734494e-12]
 [-2.28980078e-13 -2.28980078e-13 -2.53726211e-13 -3.34144624e-13
  -2.28980078e-13 -2.28980078e-13 -1.56809736e-13 -2.28980078e-13
  -2.53726211e-13 -2.28980078e-13]
 [ 4.62010753e-11  4.62010753e-11  5.48830677e-11  6.00788017e-11
   4.48644641e-11  4.62010753e-11  4.62010753e-11  5.11135825e-11
   4.62010753e-11  5.39573909e-11]
 [-1.30750534e-10 -1.80991365e-10 -1.80991365e-10 -1.80991365e-10
  -1.80991365e-10 -1.30750534e-10 -2.51633208e-10 -2.28325761e-10
  -2.42639627e-10 -1.74344007e-10]
 [-1.83669770e-15 -1.83669770e-15 -1.18497654e-15 -1.19273841e-15
  -1.83669770e-15 -1.80638055e-15 -2.45080981e-15 -1.83669770e-15
  -2.92702890e-16 -1.13868367e-15]
 [ 8.19617556e-16  9.13757823e-16  9.37539737e-16  8.70530178e-16
   9.51655647e-16  8.19617556e-16  9.13757823e-16  8.71001054e-16
   8.64712480e-16  9.09527355e-16]
 [ 2.29423303e-05  2.29423303e-05  1.79698756e-05  1.56619912e-05
   2.29423303e-05  2.29423303e-05  2.63188554e-05  2.29423303e-05
   2.29423303e-05  2.29423303e-05]
 [-2.04721003e-06 -2.01955966e-06 -1.94541200e-06 -2.27629341e-06
  -2.01955966e-06 -1.61531141e-06 -1.50486946e-06 -2.27629341e-06
  -2.01955966e-06 -2.01955966e-06]
 [-1.59792834e-08 -1.44001662e-08 -2.06119259e-08 -1.55154727e-08
  -1.44001662e-08 -1.59792834e-08 -1.44001662e-08 -1.44001662e-08
  -7.92645687e-09 -1.65217690e-08]
 [ 9.98214034e-10  9.52001877e-10  7.47101649e-10  9.12923154e-10
   9.38594820e-10  9.50419146e-10  9.52001877e-10  9.52001877e-10
   1.06096881e-09  9.52001877e-10]]
Train validation errors
[[13510723306.466742, 368296592886.55035], [29243441077.32705, 301622652642.8264], [48972353799703.59, 89043295515609.5], [21846595225231.656, 39793603367530.02], [137397260926.00229, 160411905899.77402], [8629931723937.984, 20250628797348.21], [24205827862734.895, 55467165990647.71], [5704327488279.03, 8530727992085.727], [35613744042372.77, 69899831867676.77], [372110923902.33875, 513554351556.0587]]
Selected parents:
[[ 0.00000000e+00 -1.76734494e-12 -2.28980078e-13  4.62010753e-11
  -1.30750534e-10 -1.83669770e-15  8.19617556e-16  2.29423303e-05
  -2.04721003e-06 -1.59792834e-08  9.98214034e-10]
 [-5.68633399e-01 -1.45799022e-12 -2.28980078e-13  4.62010753e-11
  -1.80991365e-10 -1.83669770e-15  9.13757823e-16  2.29423303e-05
  -2.01955966e-06 -1.44001662e-08  9.52001877e-10]
 [-5.04459814e-01 -1.61483533e-12 -2.28980078e-13  4.48644641e-11
  -1.80991365e-10 -1.83669770e-15  9.51655647e-16  2.29423303e-05
  -2.01955966e-06 -1.44001662e-08  9.38594820e-10]
 [-5.68633399e-01 -1.76734494e-12 -2.28980078e-13  4.62010753e-11
  -1.30750534e-10 -1.80638055e-15  8.19617556e-16  2.29423303e-05
  -1.61531141e-06 -1.59792834e-08  9.50419146e-10]
 [ 2.29755889e-01 -1.77745891e-12 -2.28980078e-13  5.11135825e-11
  -2.28325761e-10 -1.83669770e-15  8.71001054e-16  2.29423303e-05
  -2.27629341e-06 -1.44001662e-08  9.52001877e-10]
 [-5.62454933e-01 -1.76734494e-12 -2.28980078e-13  5.39573909e-11
  -1.74344007e-10 -1.13868367e-15  9.09527355e-16  2.29423303e-05
  -2.01955966e-06 -1.65217690e-08  9.52001877e-10]]Population:
[[ 0.00000000e+00 -5.68633399e-01 -5.46889024e-01 -5.62454933e-01
  -5.68633399e-01 -5.68633399e-01 -5.22673200e-01 -5.68633399e-01
  -5.68633399e-01 -5.68633399e-01]
 [-1.76734494e-12 -1.45799022e-12 -1.45799022e-12 -1.76734494e-12
  -1.45799022e-12 -2.42280115e-12 -1.26320555e-12 -2.29440194e-12
  -1.76734494e-12 -1.76734494e-12]
 [-2.28980078e-13 -2.28980078e-13 -2.74811177e-13 -2.28980078e-13
  -2.85271995e-13 -2.28980078e-13 -2.28980078e-13 -2.05412226e-13
  -2.21849742e-13 -1.85636181e-13]
 [ 4.62010753e-11  4.62010753e-11  6.19351497e-11  5.39573909e-11
   4.29319782e-11  4.62010753e-11  4.62010753e-11  5.38443788e-11
   4.62010753e-11  4.62010753e-11]
 [-1.30750534e-10 -1.80991365e-10 -1.80991365e-10 -1.74344007e-10
  -1.80991365e-10 -1.27487196e-10 -1.30750534e-10 -2.20626342e-10
  -1.30750534e-10 -1.30750534e-10]
 [-1.83669770e-15 -1.83669770e-15 -1.13868367e-15 -2.46711188e-15
  -1.66284976e-15 -1.13868367e-15 -1.83669770e-15 -1.10837392e-15
  -2.14389428e-15 -2.54231367e-15]
 [ 8.19617556e-16  9.13757823e-16  9.13757823e-16  9.26937880e-16
   9.13757823e-16  9.28257434e-16  8.19617556e-16  8.19617556e-16
   9.95177570e-16  8.19617556e-16]
 [ 2.29423303e-05  2.29423303e-05  1.51708352e-05  2.29423303e-05
   2.29423303e-05  2.29423303e-05  2.29423303e-05  2.27309582e-05
   2.29423303e-05  2.29423303e-05]
 [-2.04721003e-06 -2.01955966e-06 -2.01955966e-06 -2.01955966e-06
  -2.01955966e-06 -2.73365369e-06 -2.47864180e-06 -2.25661128e-06
  -2.01955966e-06 -1.61531141e-06]
 [-1.59792834e-08 -1.44001662e-08 -2.33695428e-08 -7.18795891e-09
  -1.31875562e-08 -1.65217690e-08 -1.59792834e-08 -1.44001662e-08
  -2.10944410e-08 -1.44001662e-08]
 [ 9.98214034e-10  9.52001877e-10  9.76315877e-10  9.52001877e-10
   9.84737859e-10  1.01907241e-09  9.98214034e-10  9.52001877e-10
   9.52001877e-10  9.50419146e-10]]
Train validation errors
[[13510723306.466742, 368296592886.55035], [29243441077.32705, 301622652642.8264], [20676809799965.855, 36946688696979.29], [7924345959097.727, 19669487481752.176], [1673058089414.369, 4847871111584.478], [31947065839664.867, 58654613307570.61], [15325493918783.553, 25815495954645.367], [3499385975096.785, 5591454474788.077], [9847156147639.021, 15130211414816.27], [10406772212329.3, 25720126507408.805]]
Selected parents:
[[ 0.00000000e+00 -1.76734494e-12 -2.28980078e-13  4.62010753e-11
  -1.30750534e-10 -1.83669770e-15  8.19617556e-16  2.29423303e-05
  -2.04721003e-06 -1.59792834e-08  9.98214034e-10]
 [-5.68633399e-01 -1.45799022e-12 -2.28980078e-13  4.62010753e-11
  -1.80991365e-10 -1.83669770e-15  9.13757823e-16  2.29423303e-05
  -2.01955966e-06 -1.44001662e-08  9.52001877e-10]
 [-5.62454933e-01 -1.76734494e-12 -2.28980078e-13  5.39573909e-11
  -1.74344007e-10 -2.46711188e-15  9.26937880e-16  2.29423303e-05
  -2.01955966e-06 -7.18795891e-09  9.52001877e-10]
 [-5.68633399e-01 -1.45799022e-12 -2.85271995e-13  4.29319782e-11
  -1.80991365e-10 -1.66284976e-15  9.13757823e-16  2.29423303e-05
  -2.01955966e-06 -1.31875562e-08  9.84737859e-10]
 [-5.68633399e-01 -2.29440194e-12 -2.05412226e-13  5.38443788e-11
  -2.20626342e-10 -1.10837392e-15  8.19617556e-16  2.27309582e-05
  -2.25661128e-06 -1.44001662e-08  9.52001877e-10]
 [-5.68633399e-01 -1.76734494e-12 -2.21849742e-13  4.62010753e-11
  -1.30750534e-10 -2.14389428e-15  9.95177570e-16  2.29423303e-05
  -2.01955966e-06 -2.10944410e-08  9.52001877e-10]]Population:
[[ 0.00000000e+00 -5.68633399e-01  0.00000000e+00 -3.96022303e-01
  -5.68633399e-01 -6.19885438e-01 -5.68633399e-01 -6.09340058e-01
   0.00000000e+00 -5.79885952e-01]
 [-1.76734494e-12 -1.45799022e-12 -1.45799022e-12 -1.76734494e-12
  -1.58867405e-12 -2.29440194e-12 -1.57870608e-12 -1.45799022e-12
  -1.76734494e-12 -2.29440194e-12]
 [-2.28980078e-13 -2.28980078e-13 -2.85271995e-13 -2.28980078e-13
  -2.92698190e-13 -1.74971320e-13 -2.17917130e-13 -3.53448882e-13
  -2.28980078e-13 -2.55302735e-13]
 [ 4.62010753e-11  4.62010753e-11  4.29319782e-11  4.19715180e-11
   5.18810623e-11  5.53877472e-11  5.06706140e-11  4.06797610e-11
   4.67520755e-11  4.62010753e-11]
 [-1.30750534e-10 -1.80991365e-10 -1.17162629e-10 -1.30750534e-10
  -2.15674243e-10 -1.80991365e-10 -2.20732572e-10 -1.80991365e-10
  -1.30750534e-10 -1.30750534e-10]
 [-1.83669770e-15 -1.83669770e-15 -1.98086983e-15 -1.66284976e-15
  -9.17346178e-16 -1.66284976e-15 -9.37569527e-16 -1.66284976e-15
  -1.10837392e-15 -9.69631610e-16]
 [ 8.19617556e-16  9.13757823e-16  7.73198732e-16  9.13757823e-16
   9.55861996e-16  8.19617556e-16  9.13757823e-16  9.23124296e-16
   8.19617556e-16  7.85465239e-16]
 [ 2.29423303e-05  2.29423303e-05  2.29423303e-05  2.29423303e-05
   2.29423303e-05  2.09941306e-05  2.64077897e-05  2.55469550e-05
   2.27309582e-05  3.10296142e-05]
 [-2.04721003e-06 -2.01955966e-06 -2.01955966e-06 -2.78063183e-06
  -2.58738367e-06 -2.91389847e-06 -1.78991601e-06 -2.48563343e-06
  -2.42104339e-06 -2.55418050e-06]
 [-1.59792834e-08 -1.44001662e-08 -1.31875562e-08 -1.94755871e-08
  -7.55777686e-09 -1.44001662e-08 -1.31875562e-08 -7.03680904e-09
  -2.07104048e-08 -1.59792834e-08]
 [ 9.98214034e-10  9.52001877e-10  9.40255586e-10  1.00164091e-09
   9.84737859e-10  1.01100122e-09  9.32532932e-10  9.98214034e-10
   9.64094698e-10  9.99654560e-10]]
Train validation errors
[[13510723306.466742, 368296592886.55035], [29243441077.32705, 301622652642.8264], [84305868276.26082, 628635100845.69], [63834455104927.42, 117098709591430.92], [2268455940989.9663, 2075717051706.0696], [51603441563039.08, 93551021568966.92], [10781875094166.94, 23486026104965.145], [1434021783988.8542, 1529128403910.8042], [33671117874425.227, 62126887240050.9], [7399105815206.153, 11655474690385.834]]
Selected parents:
[[ 0.00000000e+00 -1.76734494e-12 -2.28980078e-13  4.62010753e-11
  -1.30750534e-10 -1.83669770e-15  8.19617556e-16  2.29423303e-05
  -2.04721003e-06 -1.59792834e-08  9.98214034e-10]
 [-5.68633399e-01 -1.45799022e-12 -2.28980078e-13  4.62010753e-11
  -1.80991365e-10 -1.83669770e-15  9.13757823e-16  2.29423303e-05
  -2.01955966e-06 -1.44001662e-08  9.52001877e-10]
 [ 0.00000000e+00 -1.45799022e-12 -2.85271995e-13  4.29319782e-11
  -1.17162629e-10 -1.98086983e-15  7.73198732e-16  2.29423303e-05
  -2.01955966e-06 -1.31875562e-08  9.40255586e-10]
 [-5.68633399e-01 -1.58867405e-12 -2.92698190e-13  5.18810623e-11
  -2.15674243e-10 -9.17346178e-16  9.55861996e-16  2.29423303e-05
  -2.58738367e-06 -7.55777686e-09  9.84737859e-10]
 [-6.09340058e-01 -1.45799022e-12 -3.53448882e-13  4.06797610e-11
  -1.80991365e-10 -1.66284976e-15  9.23124296e-16  2.55469550e-05
  -2.48563343e-06 -7.03680904e-09  9.98214034e-10]
 [-5.79885952e-01 -2.29440194e-12 -2.55302735e-13  4.62010753e-11
  -1.30750534e-10 -9.69631610e-16  7.85465239e-16  3.10296142e-05
  -2.55418050e-06 -1.59792834e-08  9.99654560e-10]]Best offspring gen errors:
[[1.35107233e+10 3.68296593e+11]
 [1.35107233e+10 3.68296593e+11]
 [1.35107233e+10 3.68296593e+11]
 [1.35107233e+10 3.68296593e+11]
 [1.35107233e+10 3.68296593e+11]]