Run 2 of 27th feb is continued, we started with the final parameters of previous run i.e. run4 and simulated x more generations where x =
5
No of generations: 5
Population size: 16
Mutation coefficient: 0.15
Split point: 7
One offspring per pair
Population:
[[ 6.06485918e+00  8.28695565e+00  2.91940245e+00  6.06485918e+00
   8.28695565e+00  8.28695565e+00  8.28695565e+00  8.28695565e+00
   8.28695565e+00  3.72543098e+00  8.28695565e+00  6.06485918e+00
   8.28695565e+00  8.73552754e+00 -6.71564394e+00  6.06485918e+00]
 [-9.85717638e+00  7.52259655e-01  4.30984820e+00  2.71307676e+00
  -9.93553510e+00 -9.93553510e+00 -9.93553510e+00 -9.93553510e+00
   2.71307676e+00  8.33499745e+00 -9.93553510e+00  2.71307676e+00
  -7.40169100e+00 -9.93553510e+00  2.71307676e+00  2.71307676e+00]
 [-5.55743653e-01 -3.93884820e+00 -5.55743653e-01 -5.55743653e-01
  -9.88168928e-01 -9.88168928e-01 -9.88168928e-01 -3.54728368e+00
  -2.16318915e+00 -5.55743653e-01 -9.88168928e-01 -5.55743653e-01
  -3.93884820e+00 -9.88168928e-01  7.62532269e-01 -5.55743653e-01]
 [-1.90910244e+00 -1.90910244e+00 -1.90910244e+00 -1.90910244e+00
  -1.90910244e+00  4.00713214e+00  4.00713214e+00 -1.90910244e+00
  -2.89679497e+00 -1.56028296e-01 -1.90910244e+00 -1.90910244e+00
  -1.90910244e+00  4.52284083e+00 -1.90910244e+00 -1.90910244e+00]
 [ 9.94590058e-01 -3.76372820e+00  9.69022178e+00 -7.61647816e+00
  -3.76372820e+00 -3.76372820e+00 -3.76372820e+00 -3.76372820e+00
  -3.76372820e+00  5.51053180e+00 -3.76372820e+00 -7.61647816e+00
  -3.76372820e+00  8.49272553e+00 -7.61647816e+00 -7.61647816e+00]
 [-1.83669770e-15  4.12580989e+00 -1.83669770e-15  1.05777365e-02
  -1.83669770e-15 -1.83669770e-15  3.60965425e+00 -1.83669770e-15
  -1.83669770e-15 -1.83669770e-15 -3.03262686e-01 -1.83669770e-15
  -1.83669770e-15 -1.83669770e-15 -1.83669770e-15 -1.83669770e-15]
 [-8.13515704e+00  8.92539226e+00  4.28715629e+00 -5.10832486e+00
   3.38965152e+00 -4.69231147e+00 -4.69231147e+00 -4.38966648e-01
  -9.59299233e+00  4.28715629e+00 -4.69231147e+00  4.28715629e+00
  -4.69231147e+00 -4.38966648e-01 -5.64007285e+00  6.12068620e-01]
 [-8.60119449e+00 -5.85117359e-01 -8.60119449e+00  6.83780552e+00
  -8.60119449e+00 -8.60119449e+00 -8.38454969e-01 -8.60119449e+00
  -8.60119449e+00 -8.60119449e+00 -8.60119449e+00 -6.89823397e-01
  -8.60119449e+00 -8.60119449e+00 -8.60119449e+00 -8.60119449e+00]
 [-7.62600389e+00  7.05325044e+00  7.05325044e+00  7.05325044e+00
   7.05325044e+00  7.05325044e+00  7.05325044e+00  7.05325044e+00
   7.05325044e+00  7.05325044e+00  7.05325044e+00  3.27232571e+00
   7.05325044e+00 -6.86407222e+00  7.05325044e+00  7.05325044e+00]
 [ 1.38258792e-01 -9.47631474e+00 -9.47631474e+00 -1.16266970e+00
  -7.22797381e+00 -6.89220091e+00 -9.47631474e+00 -7.22797381e+00
  -9.47631474e+00 -1.72201790e+00 -9.47631474e+00 -9.47631474e+00
  -4.20613814e+00  1.38258792e-01 -9.47631474e+00 -9.47631474e+00]
 [ 2.31606693e-01 -4.15339872e+00 -6.22901221e+00 -4.13510636e+00
   2.31606693e-01  2.31606693e-01  2.31606693e-01  2.31606693e-01
   2.31606693e-01  2.31606693e-01  2.31606693e-01  2.31606693e-01
  -3.74988930e+00  2.31606693e-01  2.31606693e-01  2.77620813e+00]]
Train validation errors
[[2.4236612748730613e+31, 4.586108762998765e+31], [6.240290376211678e+42, 6.350013704642781e+42], [1.869391088739442e+34, 3.5417266120214487e+34], [3.999456377986901e+37, 4.034707851428585e+37], [3.9022382254871806e+30, 6.175694805249457e+30], [4.434289416798953e+30, 7.227759892322701e+30], [4.7769119403569406e+42, 4.8610176748295464e+42], [3.902238225478911e+30, 6.175694805236519e+30], [1.460164138887996e+30, 1.2792347384399612e+30], [1.8117035266504624e+31, 3.395265802123605e+31], [3.371706601638385e+40, 3.431061568826987e+40], [1.3983746327453543e+30, 1.1808776514884962e+30], [6.664733460119318e+33, 1.2622227834903062e+34], [2.4304564693408473e+31, 4.599139157629536e+31], [1.4601641243604673e+30, 1.2792347191892978e+30], [3.0387886017107203e+33, 5.72696648917004e+33]]
Population:
[[ 8.28695565e+00 -6.71564394e+00  6.06485918e+00  6.06485918e+00
   6.06485918e+00  8.28695565e+00  6.06485918e+00  8.28695565e+00
   2.91940245e+00  8.49057298e+00  8.28695565e+00  8.28695565e+00
   8.28695565e+00  8.73552754e+00  6.06485918e+00 -6.68849120e+00]
 [-7.40169100e+00  2.71307676e+00  2.71307676e+00  2.71307676e+00
   2.71307676e+00 -7.40169100e+00  2.71307676e+00 -9.93553510e+00
   4.30984820e+00 -9.93553510e+00 -9.93553510e+00 -9.93553510e+00
  -9.93553510e+00 -9.93553510e+00  2.71307676e+00 -7.40169100e+00]
 [-3.93884820e+00  7.62532269e-01 -5.55743653e-01 -5.55743653e-01
  -5.55743653e-01 -3.93884820e+00 -5.55743653e-01 -9.88168928e-01
  -5.55743653e-01 -9.88168928e-01 -9.88168928e-01 -3.54728368e+00
  -9.88168928e-01 -9.88168928e-01 -5.55743653e-01 -3.93884820e+00]
 [-1.90910244e+00 -1.90910244e+00  2.14948296e+00 -1.90910244e+00
  -1.90910244e+00 -1.90910244e+00 -1.90910244e+00 -5.26273661e+00
  -1.90910244e+00 -6.36474079e+00  4.00713214e+00 -1.90910244e+00
  -1.90910244e+00  4.52284083e+00 -1.90910244e+00 -1.90910244e+00]
 [-3.76372820e+00 -7.61647816e+00 -7.61647816e+00 -7.61647816e+00
  -7.61647816e+00 -3.76372820e+00 -7.61647816e+00 -3.76372820e+00
   9.69022178e+00 -3.76372820e+00 -3.76372820e+00 -3.76372820e+00
  -3.76372820e+00  8.49272553e+00 -7.61647816e+00 -3.76372820e+00]
 [-1.83669770e-15 -1.83669770e-15 -1.83669770e-15 -1.83669770e-15
   1.05777365e-02 -1.83669770e-15 -1.83669770e-15 -1.83669770e-15
  -1.83669770e-15 -3.03262686e-01 -1.83669770e-15 -1.83669770e-15
  -1.83669770e-15 -1.83669770e-15 -1.83669770e-15 -1.83669770e-15]
 [ 8.07399777e+00  4.62926631e+00  4.28715629e+00  6.12068620e-01
  -4.83925421e+00 -4.69231147e+00  6.12068620e-01 -4.69231147e+00
   4.28715629e+00 -4.69231147e+00 -4.69231147e+00 -4.38966648e-01
   2.97542086e+00 -4.38966648e-01  6.12068620e-01 -4.69231147e+00]
 [-8.60119449e+00 -8.60119449e+00 -8.60119449e+00 -6.89823397e-01
  -8.60119449e+00 -8.39670754e+00 -8.60119449e+00 -8.60119449e+00
  -8.60119449e+00 -8.60119449e+00 -8.60119449e+00  4.96244667e+00
  -8.60119449e+00 -8.60119449e+00 -8.60119449e+00  6.01616200e+00]
 [ 7.05325044e+00  7.05325044e+00  7.05325044e+00  3.27232571e+00
   7.05325044e+00  7.05325044e+00  7.05325044e+00  7.05325044e+00
   7.05325044e+00  7.05325044e+00  7.05325044e+00  7.05325044e+00
  -6.86407222e+00  7.05325044e+00  7.05325044e+00  7.05325044e+00]
 [-9.47631474e+00 -4.20613814e+00 -9.47631474e+00 -9.47631474e+00
  -4.20613814e+00 -1.16266970e+00 -6.89220091e+00 -9.47631474e+00
  -9.47631474e+00 -9.47631474e+00 -7.22797381e+00 -4.81558742e+00
   1.38258792e-01 -7.22797381e+00 -4.20613814e+00 -9.47631474e+00]
 [ 2.31606693e-01 -3.17320155e+00  2.77620813e+00  2.31606693e-01
  -3.74988930e+00 -4.13510636e+00  2.31606693e-01  2.77620813e+00
   2.31606693e-01 -6.22901221e+00  2.31606693e-01  2.31606693e-01
   2.31606693e-01  6.36257003e-01 -3.74988930e+00  2.77620813e+00]]
Train validation errors
[[1.4601641389077536e+30, 1.2792347385380163e+30], [4.8097662899831e+33, 9.110812962345373e+33], [3.038788601724976e+33, 5.726966489200706e+33], [1.398374632745355e+30, 1.1808776514884976e+30], [4.007382929688219e+37, 4.0454443418831354e+37], [7.837795766986256e+33, 1.4832006287970525e+34], [4.434289387972563e+30, 7.227759842255608e+30], [3.038788602414232e+33, 5.726966490533477e+33], [1.46016418974582e+30, 1.279234806148757e+30], [3.37631620867078e+40, 3.437351652551886e+40], [3.902238226044521e+30, 6.175694806681472e+30], [8.704814708357513e+30, 1.5614613881690286e+31], [2.430456448883203e+31, 4.599139117574435e+31], [1.1062642780621419e+32, 2.055967918572963e+32], [6.664733461173005e+33, 1.2622227836966264e+34], [3.0390800583637176e+33, 5.727546777726265e+33]]
Population:
[[ 8.28695565e+00  6.06485918e+00  2.91940245e+00  6.06485918e+00
  -4.66280532e+00  6.06485918e+00  8.73552754e+00 -6.68849120e+00
   8.28695565e+00  2.91940245e+00  6.06485918e+00  8.28695565e+00
   6.06485918e+00  6.06485918e+00  6.06485918e+00  6.06485918e+00]
 [-7.40169100e+00  2.71307676e+00  4.30984820e+00  2.71307676e+00
   2.71307676e+00  2.71307676e+00 -9.93553510e+00 -7.40169100e+00
  -9.93553510e+00  4.30984820e+00  2.71307676e+00 -9.93553510e+00
   2.71307676e+00  2.71307676e+00  2.71307676e+00  2.71307676e+00]
 [-3.93884820e+00 -5.55743653e-01 -5.55743653e-01 -5.55743653e-01
  -5.55743653e-01 -5.55743653e-01 -2.55744441e+00  1.26299514e+00
  -9.88168928e-01 -5.55743653e-01 -5.55743653e-01 -9.88168928e-01
  -5.55743653e-01  5.51882099e+00 -5.55743653e-01 -5.55743653e-01]
 [-1.90910244e+00  2.14948296e+00 -1.90910244e+00 -1.90910244e+00
  -1.90910244e+00 -1.90910244e+00  4.52284083e+00 -1.90910244e+00
   4.00713214e+00 -1.90910244e+00 -1.90910244e+00 -6.73512446e+00
  -1.90910244e+00 -7.97333786e+00  2.14948296e+00 -1.90910244e+00]
 [-3.76372820e+00 -7.61647816e+00  9.69022178e+00 -7.61647816e+00
  -7.61647816e+00 -7.61647816e+00  8.49272553e+00 -3.76372820e+00
  -3.76372820e+00  9.69022178e+00 -7.61647816e+00 -3.76372820e+00
  -7.61647816e+00 -7.61647816e+00 -7.61647816e+00 -7.61647816e+00]
 [-1.83669770e-15 -1.83669770e-15 -1.83669770e-15 -1.83669770e-15
  -1.83669770e-15 -8.28232683e+00  6.03466503e+00 -1.83669770e-15
  -1.83669770e-15 -1.83669770e-15 -1.83669770e-15 -1.83669770e-15
  -1.83669770e-15 -6.42102366e+00 -1.83669770e-15 -1.83669770e-15]
 [ 8.07399777e+00  4.28715629e+00  4.28715629e+00  6.12068620e-01
   6.12068620e-01 -4.83925421e+00 -4.38966648e-01 -4.69231147e+00
  -4.69231147e+00  4.28715629e+00  6.12068620e-01 -4.69231147e+00
   6.12068620e-01 -4.83925421e+00  4.28715629e+00  6.12068620e-01]
 [-8.60119449e+00 -3.13133788e+00 -8.60119449e+00 -8.60119449e+00
  -8.60119449e+00 -6.89823397e-01  6.01616200e+00 -8.60119449e+00
  -8.60119449e+00 -8.60119449e+00 -8.60119449e+00 -6.89823397e-01
  -8.60119449e+00 -6.89823397e-01 -6.89823397e-01 -8.60119449e+00]
 [ 7.05325044e+00  7.05325044e+00  7.05325044e+00  7.05325044e+00
   7.05325044e+00  3.27232571e+00  7.05325044e+00  7.05325044e+00
   9.94467607e+00  7.05325044e+00  7.05325044e+00  3.27232571e+00
   7.05325044e+00  3.27232571e+00  3.27232571e+00  7.05325044e+00]
 [-9.47631474e+00 -9.47631474e+00 -4.20613814e+00 -9.47631474e+00
  -4.20613814e+00 -9.47631474e+00 -9.47631474e+00 -7.22797381e+00
  -9.47631474e+00 -7.22797381e+00 -7.22797381e+00 -9.47631474e+00
  -4.20613814e+00 -9.47631474e+00 -9.47631474e+00 -9.47631474e+00]
 [ 2.77620813e+00  2.31606693e-01 -3.74988930e+00  2.31606693e-01
  -3.74988930e+00  2.31606693e-01  2.77620813e+00  6.36257003e-01
   2.31606693e-01  2.31606693e-01  2.31606693e-01  2.31606693e-01
  -3.74988930e+00  2.31606693e-01  2.31606693e-01  2.77620813e+00]]
Train validation errors
[[3.038788602425774e+33, 5.726966490558355e+33], [1.4615292000421827e+30, 1.2823691969739044e+30], [6.664733456437875e+33, 1.2622227827694453e+34], [1.460164124357921e+30, 1.2792347191864943e+30], [6.664733461173005e+33, 1.2622227836966264e+34], [2.5148975059536293e+43, 2.559175796809341e+43], [1.3351620433511258e+43, 1.358682265389129e+43], [1.1062642736346052e+32, 2.0559679101306937e+32], [1.5104460748651619e+30, 1.3608563559010097e+30], [3.9022383177996515e+30, 6.175694961444763e+30], [3.902238199054382e+30, 6.175694760525055e+30], [1.3983746467568726e+30, 1.1808776695115576e+30], [6.664733461173005e+33, 1.2622227836966264e+34], [1.5115553754721827e+43, 1.5381683829036189e+43], [1.3983746328323616e+30, 1.1808776518897748e+30], [3.0387886017107203e+33, 5.72696648917004e+33]]
Population:
[[ 6.06485918e+00  6.06485918e+00 -6.68849120e+00  2.91940245e+00
   2.91940245e+00  6.06485918e+00  2.91940245e+00  6.06485918e+00
   8.28695565e+00  2.91940245e+00  2.91940245e+00  6.06485918e+00
  -4.66280532e+00  6.06485918e+00 -6.68849120e+00  8.28695565e+00]
 [ 2.71307676e+00  2.71307676e+00 -7.40169100e+00  4.30984820e+00
   4.30984820e+00 -8.56674805e+00  4.30984820e+00  2.71307676e+00
  -9.93553510e+00  4.30984820e+00  4.30984820e+00  2.71307676e+00
   2.71307676e+00  2.71307676e+00  8.63393789e+00 -9.93553510e+00]
 [-5.55743653e-01 -5.55743653e-01  1.26299514e+00 -5.55743653e-01
  -5.55743653e-01 -5.55743653e-01 -5.55743653e-01 -5.55743653e-01
  -9.88168928e-01 -5.55743653e-01 -5.55743653e-01 -7.78719869e-01
  -5.55743653e-01 -5.55743653e-01  1.26299514e+00 -9.88168928e-01]
 [-1.90910244e+00  2.14948296e+00 -9.23969258e+00 -1.90910244e+00
  -1.90910244e+00 -1.90910244e+00 -1.90910244e+00 -1.90910244e+00
  -6.73512446e+00 -1.90910244e+00 -1.90910244e+00 -1.90910244e+00
   7.15042400e+00 -1.90910244e+00 -1.90910244e+00  4.00713214e+00]
 [-7.61647816e+00 -7.61647816e+00 -3.76372820e+00  9.69022178e+00
   9.69022178e+00 -7.61647816e+00  9.69022178e+00 -7.61647816e+00
  -3.76372820e+00  9.69022178e+00  9.69022178e+00 -7.61647816e+00
  -7.61647816e+00 -7.61647816e+00 -3.76372820e+00 -3.76372820e+00]
 [-1.83669770e-15 -8.39803660e+00 -1.83669770e-15 -1.83669770e-15
  -5.50778243e+00 -1.83669770e-15 -1.83669770e-15 -1.83669770e-15
  -5.76407020e+00 -1.83669770e-15 -1.83669770e-15 -1.83669770e-15
  -1.83669770e-15 -1.83669770e-15 -1.83669770e-15 -1.83669770e-15]
 [ 6.12068620e-01  4.28715629e+00 -4.69231147e+00  4.28715629e+00
   4.28715629e+00  6.12068620e-01  4.28715629e+00  6.12068620e-01
  -4.69231147e+00  4.28715629e+00  4.28715629e+00  6.12068620e-01
   6.12068620e-01  6.12068620e-01 -4.69231147e+00 -4.69231147e+00]
 [-6.89823397e-01  4.61289287e+00 -8.60119449e+00 -8.60119449e+00
  -8.60119449e+00 -8.60119449e+00 -8.60119449e+00 -8.60119449e+00
  -8.60119449e+00 -3.28145989e+00 -8.60119449e+00  8.13676936e+00
  -8.60119449e+00 -8.60119449e+00 -8.60119449e+00 -8.60119449e+00]
 [ 3.27232571e+00  7.05325044e+00  7.05325044e+00  7.05325044e+00
   7.05325044e+00  7.05325044e+00  7.05325044e+00  7.05325044e+00
   7.05325044e+00  3.27232571e+00  7.05325044e+00  7.05325044e+00
   7.05325044e+00  7.05325044e+00  9.94467607e+00  7.05325044e+00]
 [-9.47631474e+00 -9.47631474e+00 -7.22797381e+00 -7.22797381e+00
  -9.47631474e+00 -4.20613814e+00 -9.47631474e+00 -4.20613814e+00
  -7.22797381e+00 -9.47631474e+00 -7.22797381e+00 -4.20613814e+00
  -7.22797381e+00 -4.20613814e+00 -9.47631474e+00 -7.22797381e+00]
 [ 2.31606693e-01 -7.48124538e+00  2.31606693e-01  6.36257003e-01
   2.31606693e-01 -3.74988930e+00  2.31606693e-01 -3.74988930e+00
   2.31606693e-01  2.31606693e-01  2.31606693e-01 -3.74988930e+00
   2.31606693e-01 -3.74988930e+00  2.31606693e-01  6.36257003e-01]]
Train validation errors
[[1.398374632745355e+30, 1.1808776514884976e+30], [2.585810350862824e+43, 2.631389974464598e+43], [3.9022382248039406e+30, 6.175694803486733e+30], [1.1062642784490411e+32, 2.055967919297326e+32], [1.1121645224283268e+43, 1.1317456763645675e+43], [6.664733461173028e+33, 1.2622227836966321e+34], [1.46016418974582e+30, 1.279234806148757e+30], [6.664733461173005e+33, 1.2622227836966264e+34], [1.2180743486773494e+43, 1.2395199744034457e+43], [1.397759143071424e+30, 1.1794566671038494e+30], [3.9022383177996515e+30, 6.175694961444763e+30], [6.664236562984643e+33, 1.262124102359142e+34], [3.902238199907815e+30, 6.175694762717861e+30], [6.664733461173005e+33, 1.2622227836966264e+34], [1.510446074720791e+30, 1.3608563552718422e+30], [1.1062642736726417e+32, 2.0559679102144365e+32]]
Population:
[[ 2.91940245e+00  6.06485918e+00  6.06485918e+00 -4.66280532e+00
   2.91940245e+00 -6.68849120e+00 -6.68849120e+00  6.06485918e+00
  -6.68849120e+00  6.06485918e+00  6.06485918e+00  6.06485918e+00
  -6.68849120e+00  2.91940245e+00  8.28695565e+00 -4.66280532e+00]
 [ 4.30984820e+00 -1.23296042e+00 -8.56674805e+00  2.71307676e+00
   4.30984820e+00  8.63393789e+00  8.63393789e+00  2.71307676e+00
   8.63393789e+00  2.71307676e+00  2.71307676e+00  2.71307676e+00
  -7.40169100e+00  4.30984820e+00 -9.93553510e+00  2.71307676e+00]
 [-5.55743653e-01  1.07336119e+00 -5.55743653e-01 -5.55743653e-01
  -5.55743653e-01  1.26299514e+00  1.26299514e+00 -5.55743653e-01
   1.26299514e+00 -5.55743653e-01 -5.55743653e-01 -5.55743653e-01
   1.26299514e+00 -5.55743653e-01 -9.88168928e-01  6.01458612e+00]
 [-6.54076981e+00 -1.90910244e+00 -1.90910244e+00  5.18955465e+00
  -1.90910244e+00 -1.90910244e+00 -1.90910244e+00 -1.90910244e+00
  -1.90910244e+00 -1.90910244e+00 -1.90910244e+00  2.14948296e+00
  -9.23969258e+00  8.04854852e+00  4.00713214e+00  7.15042400e+00]
 [ 9.69022178e+00  4.54776921e+00 -7.61647816e+00 -7.61647816e+00
   9.69022178e+00 -3.76372820e+00 -3.76372820e+00 -7.61647816e+00
  -3.76372820e+00 -7.61647816e+00 -7.61647816e+00 -9.87419998e+00
  -7.93394257e+00  9.69022178e+00 -3.76372820e+00 -7.61647816e+00]
 [-5.50778243e+00 -1.83669770e-15 -1.83669770e-15 -1.83669770e-15
  -1.83669770e-15  8.15744424e+00  9.57742510e+00 -1.83669770e-15
  -1.83669770e-15 -1.83669770e-15 -1.83669770e-15 -8.39803660e+00
  -1.83669770e-15 -1.83669770e-15 -1.83669770e-15 -1.83669770e-15]
 [ 4.28715629e+00  6.12068620e-01  6.12068620e-01  6.12068620e-01
   4.28715629e+00  7.26684405e+00 -4.69231147e+00  6.12068620e-01
  -4.69231147e+00  6.12068620e-01  6.12068620e-01  4.28715629e+00
  -4.69231147e+00 -6.85322166e+00 -4.69231147e+00  6.12068620e-01]
 [-6.89823397e-01 -8.60119449e+00 -8.60119449e+00 -8.60119449e+00
  -8.60119449e+00 -3.28145989e+00 -6.89823397e-01 -8.60119449e+00
  -6.89823397e-01 -8.60119449e+00  4.61289287e+00 -3.46583854e-02
  -8.60119449e+00 -8.60119449e+00 -8.60119449e+00 -8.60119449e+00]
 [ 3.27232571e+00  7.05325044e+00  7.05325044e+00  7.05325044e+00
   9.94467607e+00  3.27232571e+00  3.27232571e+00  9.94467607e+00
   3.27232571e+00  9.94467607e+00  7.05325044e+00  3.27232571e+00
   7.05325044e+00  7.05325044e+00  7.05325044e+00  7.05325044e+00]
 [-9.47631474e+00 -9.47631474e+00  7.32989600e+00 -4.20613814e+00
  -9.47631474e+00 -9.47631474e+00 -9.47631474e+00 -9.47631474e+00
  -4.22777634e+00 -9.47631474e+00 -9.65281180e+00 -9.47631474e+00
  -7.22797381e+00 -7.22797381e+00 -7.22797381e+00 -7.22797381e+00]
 [ 2.31606693e-01  2.31606693e-01  2.31606693e-01 -3.74988930e+00
   2.31606693e-01  2.31606693e-01  2.31606693e-01  2.31606693e-01
   2.31606693e-01  2.31606693e-01 -7.48124538e+00  2.31606693e-01
   6.36257003e-01  2.31606693e-01  2.31606693e-01  6.36257003e-01]]
Train validation errors
[[1.1121645417266225e+43, 1.131745703115642e+43], [1.4601641703198527e+30, 1.279234780312349e+30], [6.690179193472862e+31, 1.2834184235724836e+32], [6.664733461135592e+33, 1.262222783688653e+34], [1.510446126772104e+30, 1.360856425266598e+30], [2.4396305640862853e+43, 2.4825841324471355e+43], [3.362895293480563e+43, 3.4221043559546474e+43], [1.510446059810453e+30, 1.3608563352222513e+30], [9.989479608193931e+30, 1.8141562651427384e+31], [1.510446059810453e+30, 1.3608563352222513e+30], [2.67244145192816e+34, 5.062117197939582e+34], [2.585658048995311e+43, 2.6311821815335033e+43], [1.1062642720946508e+32, 2.0559679071846233e+32], [3.9022383187377113e+30, 6.175694963854993e+30], [3.902238226044521e+30, 6.175694806681472e+30], [1.1062642723154306e+32, 2.0559679076363293e+32]]
