Population:
[[ 0.00000000e+00 -7.94804524e+00  5.98216267e+00 -3.54120149e+00]
 [-1.45799022e-12 -3.22566620e+00  1.00159096e+00  2.85243204e+00]
 [-2.28980078e-13  4.03859126e+00  9.63783840e+00  2.41550575e+00]
 [ 4.62010753e-11  4.46425789e+00 -8.47684107e+00  8.18107713e+00]
 [-1.75214813e-10 -6.74043157e+00  6.87070334e+00 -5.15728370e+00]
 [-1.83669770e-15 -4.66205486e-01  3.72610083e+00  9.19058307e+00]
 [ 8.52944060e-16  6.57889334e-01  2.97044741e+00  6.86565903e+00]
 [ 2.29423303e-05  5.48351901e+00  3.10152261e+00 -2.11637801e+00]
 [-2.04721003e-06  1.29771293e+00 -2.95504586e+00 -6.24518340e+00]
 [-1.59792834e-08 -5.43785581e+00 -1.41935195e+00 -4.43927408e+00]
 [ 9.98214034e-10  1.80235039e+00  8.53253118e+00 -5.59795299e+00]]
Train validation errors
[[13510723304.19212, 368296592820.6967], [7.966532050275803e+40, 8.106152702168213e+40], [5.0908285817023244e+42, 5.180718561901286e+42], [3.0965962157963357e+43, 3.1510737454624166e+43]]
Population:
[[ 1.65650614e+00  0.00000000e+00  7.90281209e+00  5.98216267e+00]
 [ 1.00159096e+00 -1.45799022e-12  4.91485567e+00  1.00159096e+00]
 [ 9.63783840e+00 -2.28980078e-13  9.63783840e+00  9.63783840e+00]
 [-8.47684107e+00 -4.86800208e+00 -8.47684107e+00 -8.47684107e+00]
 [-5.15728370e+00 -6.74043157e+00 -1.75214813e-10 -6.74043157e+00]
 [ 9.19058307e+00  2.26033765e+00 -1.83669770e-15 -4.66205486e-01]
 [ 6.86565903e+00  6.57889334e-01  8.52944060e-16  6.57889334e-01]
 [-2.11637801e+00  5.48351901e+00  2.29423303e-05  5.48351901e+00]
 [ 8.51591341e+00  1.29771293e+00 -2.04721003e-06  1.29771293e+00]
 [-4.43927408e+00 -5.43785581e+00 -1.59792834e-08 -5.43785581e+00]
 [-5.59795299e+00  1.80235039e+00  9.98214034e-10  1.80235039e+00]]
Train validation errors
[[3.096596347087335e+43, 3.151073927521128e+43], [1.87319589023686e+42, 1.906207435201486e+42], [133034590953.39722, 347726561256.34143], [7.9665320502758255e+40, 8.106152702168241e+40]]
Population:
[[ 1.65650614e+00  1.97984900e+00  7.90281209e+00  1.65650614e+00]
 [ 1.00159096e+00  1.00159096e+00 -8.34376786e+00  1.00159096e+00]
 [ 9.63783840e+00  9.63783840e+00  9.63783840e+00  9.63783840e+00]
 [-8.47684107e+00 -8.47684107e+00 -8.47684107e+00 -8.47684107e+00]
 [-6.74043157e+00 -1.75214813e-10 -6.74043157e+00 -6.74043157e+00]
 [ 2.26033765e+00 -5.88784303e+00 -4.66205486e-01  2.26033765e+00]
 [ 6.57889334e-01  8.52944060e-16  6.57889334e-01  6.57889334e-01]
 [ 5.48351901e+00  2.29423303e-05  5.48351901e+00  5.48351901e+00]
 [ 1.29771293e+00 -2.04721003e-06  1.29771293e+00  1.29771293e+00]
 [-5.43785581e+00 -1.59792834e-08 -5.43785581e+00 -5.43785581e+00]
 [ 1.80235039e+00  9.98214034e-10  1.80235039e+00  1.80235039e+00]]
Train validation errors
[[1.8731958902368592e+42, 1.9062074352014853e+42], [1.2709490624991792e+43, 1.2933260180456537e+43], [7.9665320502758255e+40, 8.106152702168241e+40], [1.8731958902368592e+42, 1.9062074352014853e+42]]
Population:
[[ 1.65650614  7.90281209  1.979849    7.90281209]
 [ 1.00159096 -8.34376786  1.00159096 -8.34376786]
 [ 9.6378384   9.6378384   9.6378384  -9.38757377]
 [ 3.22881633 -8.47684107 -8.47684107 -8.47684107]
 [-6.74043157 -6.74043157 -6.74043157 -6.74043157]
 [-0.46620549  2.26033765  2.26033765  7.67374069]
 [ 0.65788933  0.65788933  4.14649896  0.65788933]
 [-4.17136006  5.48351901  5.48351901  5.48351901]
 [ 1.29771293  1.29771293  1.29771293  1.29771293]
 [-5.43785581 -5.43785581 -5.43785581 -5.43785581]
 [ 1.80235039  1.80235039  1.80235039  1.80235039]]
Train validation errors
[[7.966532138644044e+40, 8.106152825707841e+40], [1.8731958902368592e+42, 1.9062074352014853e+42], [1.8731958902368592e+42, 1.9062074352014853e+42], [2.158917680051773e+43, 2.19693921859553e+43]]
