Fitness funtion: -1 * (train_error)
Initialed with the best that we have until now
Starting all over again with new root population
No of generations: 5
Population size: 10
Mutation coefficient: 0.2
Split point: 7
Two offspring per pair

Population:
[[-8.53010823e-03 -1.45799022e-12 -2.88140359e-13  4.62010753e-11
  -1.69163833e-10 -9.92585109e-16  8.52944060e-16  2.54188448e-05
  -2.04721003e-06 -1.59792834e-08  1.02425344e-09]
 [-3.36603456e-01 -1.06148853e-12 -2.28980078e-13  4.62010753e-11
  -1.77929885e-10 -1.83669770e-15  8.52944060e-16  2.22537321e-05
  -2.04721003e-06 -2.44475931e-08  9.98214034e-10]
 [ 0.00000000e+00 -1.45799022e-12 -2.31019404e-13  4.62010753e-11
  -2.04234856e-10 -2.14816514e-15  8.52944060e-16  2.46914915e-05
  -1.50360331e-06 -1.59792834e-08  9.98214034e-10]
 [ 7.96206328e-01 -2.05394691e-12 -1.93059216e-13  4.62010753e-11
  -1.22021919e-10 -1.83669770e-15  7.85706870e-16  2.29423303e-05
  -1.25444261e-06 -1.44810322e-08  9.98214034e-10]
 [-7.87617361e-01 -1.45799022e-12 -2.28980078e-13  4.62010753e-11
  -1.75214813e-10 -1.92683713e-15  8.52944060e-16  2.29423303e-05
  -2.02518082e-06 -1.80379539e-08  1.02783775e-09]
 [-6.65444714e-01 -1.45799022e-12 -2.19561891e-13  4.60764044e-11
  -1.75214813e-10 -1.83669770e-15  8.28101761e-16  1.76175729e-05
  -2.04721003e-06 -1.59792834e-08  9.79150619e-10]
 [ 3.72010673e-01 -1.34760511e-12 -2.28980078e-13  4.62010753e-11
  -1.75214813e-10 -1.83669770e-15  8.89146196e-16  2.29423303e-05
  -2.04721003e-06 -1.59792834e-08  9.18515733e-10]
 [ 0.00000000e+00 -1.85941698e-12 -2.28980078e-13  4.62010753e-11
  -1.51224919e-10 -2.47104555e-15  8.52944060e-16  2.29423303e-05
  -2.04721003e-06 -1.59792834e-08  1.03776595e-09]
 [ 4.77805139e-01 -1.63463265e-12 -2.76117179e-13  4.62010753e-11
  -2.35578402e-10 -1.83669770e-15  7.83455393e-16  1.62030254e-05
  -2.04721003e-06 -1.59792834e-08  9.46521872e-10]
 [-1.67806358e-01 -2.34757556e-12 -2.28980078e-13  4.90423947e-11
  -1.83374897e-10 -2.28601611e-15  8.52944060e-16  2.29423303e-05
  -2.04721003e-06 -1.59792834e-08  9.98214034e-10]]
Train validation errors
[[2.24522474e+12 5.47011215e+12]
 [1.47820846e+13 2.44034044e+13]
 [2.59911176e+13 5.75457775e+13]
 [6.16515633e+13 1.28831129e+14]
 [6.03070697e+10 2.71650471e+11]
 [1.96121976e+12 2.67690720e+12]
 [2.87319875e+12 3.85227372e+12]
 [2.88781459e+11 1.72448541e+12]
 [5.51680948e+12 8.55517084e+12]
 [8.49800521e+10 2.24323098e+11]]
Selected parents:
[[-8.53010823e-03 -7.87617361e-01 -6.65444714e-01  3.72010673e-01
   0.00000000e+00 -1.67806358e-01]
 [-1.45799022e-12 -1.45799022e-12 -1.45799022e-12 -1.34760511e-12
  -1.85941698e-12 -2.34757556e-12]
 [-2.88140359e-13 -2.28980078e-13 -2.19561891e-13 -2.28980078e-13
  -2.28980078e-13 -2.28980078e-13]
 [ 4.62010753e-11  4.62010753e-11  4.60764044e-11  4.62010753e-11
   4.62010753e-11  4.90423947e-11]
 [-1.69163833e-10 -1.75214813e-10 -1.75214813e-10 -1.75214813e-10
  -1.51224919e-10 -1.83374897e-10]
 [-9.92585109e-16 -1.92683713e-15 -1.83669770e-15 -1.83669770e-15
  -2.47104555e-15 -2.28601611e-15]
 [ 8.52944060e-16  8.52944060e-16  8.28101761e-16  8.89146196e-16
   8.52944060e-16  8.52944060e-16]
 [ 2.54188448e-05  2.29423303e-05  1.76175729e-05  2.29423303e-05
   2.29423303e-05  2.29423303e-05]
 [-2.04721003e-06 -2.02518082e-06 -2.04721003e-06 -2.04721003e-06
  -2.04721003e-06 -2.04721003e-06]
 [-1.59792834e-08 -1.80379539e-08 -1.59792834e-08 -1.59792834e-08
  -1.59792834e-08 -1.59792834e-08]
 [ 1.02425344e-09  1.02783775e-09  9.79150619e-10  9.18515733e-10
   1.03776595e-09  9.98214034e-10]]
After cross over and mutation:
[[-7.87617361e-01 -1.45799022e-12 -2.28980078e-13  4.62010753e-11
  -1.75214813e-10 -1.92683713e-15  8.52944060e-16  2.29423303e-05
  -2.02518082e-06 -1.80379539e-08  1.02783775e-09]
 [-1.67806358e-01 -2.34757556e-12 -2.28980078e-13  4.90423947e-11
  -1.83374897e-10 -2.28601611e-15  8.52944060e-16  2.29423303e-05
  -2.04721003e-06 -1.59792834e-08  9.98214034e-10]
 [-8.53010823e-03 -1.84519884e-12 -2.28980078e-13  4.00946737e-11
  -2.48372880e-10 -2.28601611e-15  8.52944060e-16  2.29423303e-05
  -1.66777837e-06 -2.24172870e-08  1.06772835e-09]
 [-8.94286017e-03 -1.77126185e-12 -2.88140359e-13  3.81386879e-11
  -1.57678392e-10 -9.66533809e-16  9.16197078e-16  2.54188448e-05
  -2.04721003e-06 -1.59792834e-08  1.02425344e-09]
 [-7.12711155e-01 -1.45799022e-12 -1.81896582e-13  4.62010753e-11
  -1.75214813e-10 -2.58605985e-15  8.52944060e-16  2.29423303e-05
  -1.19387491e-06 -2.23863456e-08  1.02783775e-09]
 [-1.67806358e-01 -2.34757556e-12 -2.28980078e-13  4.90423947e-11
  -1.75214813e-10 -2.80480450e-15  8.35386321e-16  2.29423303e-05
  -1.37624075e-06 -1.80379539e-08  9.98214034e-10]
 [-7.64183725e-01 -1.08810194e-12 -2.00833638e-13  4.31723051e-11
  -1.75214813e-10 -1.92683713e-15  8.52944060e-16  2.29423303e-05
  -2.04721003e-06 -2.14805540e-08  9.79150619e-10]
 [-6.65444714e-01 -1.61429997e-12 -2.28980078e-13  4.60764044e-11
  -2.34427030e-10 -1.49015553e-15  8.28101761e-16  2.58527093e-05
  -2.02518082e-06 -1.21519222e-08  1.06693148e-09]
 [-8.27444855e-01 -2.10732143e-12 -1.39162939e-13  4.55786375e-11
  -2.53831460e-10 -9.92585109e-16  9.35311197e-16  2.33141862e-05
  -2.04721003e-06 -1.80379539e-08  1.02425344e-09]
 [-7.58662130e-01 -1.45799022e-12 -2.88140359e-13  4.62010753e-11
  -1.75214813e-10 -1.92683713e-15  8.52944060e-16  3.43693112e-05
  -1.15809140e-06 -1.35760251e-08  6.35835708e-10]]
Population:
[[-7.87617361e-01 -1.45799022e-12 -2.28980078e-13  4.62010753e-11
  -1.75214813e-10 -1.92683713e-15  8.52944060e-16  2.29423303e-05
  -2.02518082e-06 -1.80379539e-08  1.02783775e-09]
 [-1.67806358e-01 -2.34757556e-12 -2.28980078e-13  4.90423947e-11
  -1.83374897e-10 -2.28601611e-15  8.52944060e-16  2.29423303e-05
  -2.04721003e-06 -1.59792834e-08  9.98214034e-10]
 [-8.53010823e-03 -1.84519884e-12 -2.28980078e-13  4.00946737e-11
  -2.48372880e-10 -2.28601611e-15  8.52944060e-16  2.29423303e-05
  -1.66777837e-06 -2.24172870e-08  1.06772835e-09]
 [-8.94286017e-03 -1.77126185e-12 -2.88140359e-13  3.81386879e-11
  -1.57678392e-10 -9.66533809e-16  9.16197078e-16  2.54188448e-05
  -2.04721003e-06 -1.59792834e-08  1.02425344e-09]
 [-7.12711155e-01 -1.45799022e-12 -1.81896582e-13  4.62010753e-11
  -1.75214813e-10 -2.58605985e-15  8.52944060e-16  2.29423303e-05
  -1.19387491e-06 -2.23863456e-08  1.02783775e-09]
 [-1.67806358e-01 -2.34757556e-12 -2.28980078e-13  4.90423947e-11
  -1.75214813e-10 -2.80480450e-15  8.35386321e-16  2.29423303e-05
  -1.37624075e-06 -1.80379539e-08  9.98214034e-10]
 [-7.64183725e-01 -1.08810194e-12 -2.00833638e-13  4.31723051e-11
  -1.75214813e-10 -1.92683713e-15  8.52944060e-16  2.29423303e-05
  -2.04721003e-06 -2.14805540e-08  9.79150619e-10]
 [-6.65444714e-01 -1.61429997e-12 -2.28980078e-13  4.60764044e-11
  -2.34427030e-10 -1.49015553e-15  8.28101761e-16  2.58527093e-05
  -2.02518082e-06 -1.21519222e-08  1.06693148e-09]
 [-8.27444855e-01 -2.10732143e-12 -1.39162939e-13  4.55786375e-11
  -2.53831460e-10 -9.92585109e-16  9.35311197e-16  2.33141862e-05
  -2.04721003e-06 -1.80379539e-08  1.02425344e-09]
 [-7.58662130e-01 -1.45799022e-12 -2.88140359e-13  4.62010753e-11
  -1.75214813e-10 -1.92683713e-15  8.52944060e-16  3.43693112e-05
  -1.15809140e-06 -1.35760251e-08  6.35835708e-10]]
Train validation errors
[[6.03070697e+10 2.71650471e+11]
 [8.49800521e+10 2.24323098e+11]
 [4.24822701e+12 9.68477575e+12]
 [2.29036664e+12 5.53896473e+12]
 [2.82966058e+13 6.05859369e+13]
 [2.24038667e+13 5.09811095e+13]
 [8.18921877e+12 1.27181658e+13]
 [1.65464942e+13 3.60127514e+13]
 [1.21129862e+11 5.38177431e+11]
 [1.22816170e+13 3.05497890e+13]]
Selected parents:
[[-7.87617361e-01 -1.67806358e-01 -8.53010823e-03 -8.94286017e-03
  -7.64183725e-01 -8.27444855e-01]
 [-1.45799022e-12 -2.34757556e-12 -1.84519884e-12 -1.77126185e-12
  -1.08810194e-12 -2.10732143e-12]
 [-2.28980078e-13 -2.28980078e-13 -2.28980078e-13 -2.88140359e-13
  -2.00833638e-13 -1.39162939e-13]
 [ 4.62010753e-11  4.90423947e-11  4.00946737e-11  3.81386879e-11
   4.31723051e-11  4.55786375e-11]
 [-1.75214813e-10 -1.83374897e-10 -2.48372880e-10 -1.57678392e-10
  -1.75214813e-10 -2.53831460e-10]
 [-1.92683713e-15 -2.28601611e-15 -2.28601611e-15 -9.66533809e-16
  -1.92683713e-15 -9.92585109e-16]
 [ 8.52944060e-16  8.52944060e-16  8.52944060e-16  9.16197078e-16
   8.52944060e-16  9.35311197e-16]
 [ 2.29423303e-05  2.29423303e-05  2.29423303e-05  2.54188448e-05
   2.29423303e-05  2.33141862e-05]
 [-2.02518082e-06 -2.04721003e-06 -1.66777837e-06 -2.04721003e-06
  -2.04721003e-06 -2.04721003e-06]
 [-1.80379539e-08 -1.59792834e-08 -2.24172870e-08 -1.59792834e-08
  -2.14805540e-08 -1.80379539e-08]
 [ 1.02783775e-09  9.98214034e-10  1.06772835e-09  1.02425344e-09
   9.79150619e-10  1.02425344e-09]]
After cross over and mutation:
[[-7.87617361e-01 -1.45799022e-12 -2.28980078e-13  4.62010753e-11
  -1.75214813e-10 -1.92683713e-15  8.52944060e-16  2.29423303e-05
  -2.02518082e-06 -1.80379539e-08  1.02783775e-09]
 [-1.67806358e-01 -2.34757556e-12 -2.28980078e-13  4.90423947e-11
  -1.83374897e-10 -2.28601611e-15  8.52944060e-16  2.29423303e-05
  -2.04721003e-06 -1.59792834e-08  9.98214034e-10]
 [-7.56017555e-01 -2.32381007e-12 -1.39162939e-13  4.55786375e-11
  -2.53831460e-10 -9.92585109e-16  9.35311197e-16  3.40915805e-05
  -2.75276010e-06 -2.42876502e-08  3.16818859e-10]
 [-8.94286017e-03 -2.10732143e-12 -2.88140359e-13  3.81386879e-11
  -1.96463770e-10 -1.01719560e-15  9.16197078e-16  2.33141862e-05
  -2.16203672e-06 -1.38695142e-08  1.47700960e-09]
 [-1.67806358e-01 -2.34757556e-12 -1.91640892e-13  4.88980165e-11
  -8.66822906e-11 -2.28601611e-15  8.15092900e-16  2.06823828e-05
  -2.19095023e-06 -1.59792834e-08  1.37908363e-09]
 [-7.13925292e-01 -1.45799022e-12 -2.28980078e-13  4.62010753e-11
  -1.15411775e-10 -2.50720506e-15  8.52944060e-16  1.74716888e-05
  -1.32702710e-06 -1.80379539e-08  1.02783775e-09]
 [-8.27444855e-01 -2.64028193e-12 -1.91902163e-13  4.94106742e-11
  -2.53831460e-10 -2.41482943e-15  8.52944060e-16  2.33141862e-05
  -2.04721003e-06 -1.93039909e-08  1.02425344e-09]
 [-8.27444855e-01 -2.34757556e-12 -2.28980078e-13  4.13352914e-11
  -2.53831460e-10 -3.11089908e-15  9.35311197e-16  2.29423303e-05
  -1.23851829e-06 -1.59792834e-08  1.03281654e-09]
 [-1.14214456e-01 -2.02871728e-12 -1.47120182e-13  4.90423947e-11
  -1.49217916e-10 -1.37111429e-15  8.52944060e-16  1.93523017e-05
  -2.39233688e-06 -1.80379539e-08  1.02783775e-09]
 [-8.08434515e-01 -1.45799022e-12 -2.28980078e-13  5.78676986e-11
  -1.31770379e-10 -2.28601611e-15  8.09402549e-16  2.29423303e-05
  -2.04721003e-06 -9.13417009e-09  9.98214034e-10]]
Population:
[[-7.87617361e-01 -1.45799022e-12 -2.28980078e-13  4.62010753e-11
  -1.75214813e-10 -1.92683713e-15  8.52944060e-16  2.29423303e-05
  -2.02518082e-06 -1.80379539e-08  1.02783775e-09]
 [-1.67806358e-01 -2.34757556e-12 -2.28980078e-13  4.90423947e-11
  -1.83374897e-10 -2.28601611e-15  8.52944060e-16  2.29423303e-05
  -2.04721003e-06 -1.59792834e-08  9.98214034e-10]
 [-7.56017555e-01 -2.32381007e-12 -1.39162939e-13  4.55786375e-11
  -2.53831460e-10 -9.92585109e-16  9.35311197e-16  3.40915805e-05
  -2.75276010e-06 -2.42876502e-08  3.16818859e-10]
 [-8.94286017e-03 -2.10732143e-12 -2.88140359e-13  3.81386879e-11
  -1.96463770e-10 -1.01719560e-15  9.16197078e-16  2.33141862e-05
  -2.16203672e-06 -1.38695142e-08  1.47700960e-09]
 [-1.67806358e-01 -2.34757556e-12 -1.91640892e-13  4.88980165e-11
  -8.66822906e-11 -2.28601611e-15  8.15092900e-16  2.06823828e-05
  -2.19095023e-06 -1.59792834e-08  1.37908363e-09]
 [-7.13925292e-01 -1.45799022e-12 -2.28980078e-13  4.62010753e-11
  -1.15411775e-10 -2.50720506e-15  8.52944060e-16  1.74716888e-05
  -1.32702710e-06 -1.80379539e-08  1.02783775e-09]
 [-8.27444855e-01 -2.64028193e-12 -1.91902163e-13  4.94106742e-11
  -2.53831460e-10 -2.41482943e-15  8.52944060e-16  2.33141862e-05
  -2.04721003e-06 -1.93039909e-08  1.02425344e-09]
 [-8.27444855e-01 -2.34757556e-12 -2.28980078e-13  4.13352914e-11
  -2.53831460e-10 -3.11089908e-15  9.35311197e-16  2.29423303e-05
  -1.23851829e-06 -1.59792834e-08  1.03281654e-09]
 [-1.14214456e-01 -2.02871728e-12 -1.47120182e-13  4.90423947e-11
  -1.49217916e-10 -1.37111429e-15  8.52944060e-16  1.93523017e-05
  -2.39233688e-06 -1.80379539e-08  1.02783775e-09]
 [-8.08434515e-01 -1.45799022e-12 -2.28980078e-13  5.78676986e-11
  -1.31770379e-10 -2.28601611e-15  8.09402549e-16  2.29423303e-05
  -2.04721003e-06 -9.13417009e-09  9.98214034e-10]]
Train validation errors
[[6.03070697e+10 2.71650471e+11]
 [8.49800521e+10 2.24323098e+11]
 [4.83838434e+14 9.07501578e+14]
 [1.12435786e+14 2.20266729e+14]
 [3.79756271e+13 8.00537569e+13]
 [2.50144205e+13 5.39198145e+13]
 [1.37054053e+12 1.33199859e+12]
 [5.50548786e+13 1.20548038e+14]
 [1.44068300e+13 2.58615989e+13]
 [7.68774616e+12 1.89590217e+13]]
Selected parents:
[[-7.87617361e-01 -1.67806358e-01 -7.13925292e-01 -8.27444855e-01
  -1.14214456e-01 -8.08434515e-01]
 [-1.45799022e-12 -2.34757556e-12 -1.45799022e-12 -2.64028193e-12
  -2.02871728e-12 -1.45799022e-12]
 [-2.28980078e-13 -2.28980078e-13 -2.28980078e-13 -1.91902163e-13
  -1.47120182e-13 -2.28980078e-13]
 [ 4.62010753e-11  4.90423947e-11  4.62010753e-11  4.94106742e-11
   4.90423947e-11  5.78676986e-11]
 [-1.75214813e-10 -1.83374897e-10 -1.15411775e-10 -2.53831460e-10
  -1.49217916e-10 -1.31770379e-10]
 [-1.92683713e-15 -2.28601611e-15 -2.50720506e-15 -2.41482943e-15
  -1.37111429e-15 -2.28601611e-15]
 [ 8.52944060e-16  8.52944060e-16  8.52944060e-16  8.52944060e-16
   8.52944060e-16  8.09402549e-16]
 [ 2.29423303e-05  2.29423303e-05  1.74716888e-05  2.33141862e-05
   1.93523017e-05  2.29423303e-05]
 [-2.02518082e-06 -2.04721003e-06 -1.32702710e-06 -2.04721003e-06
  -2.39233688e-06 -2.04721003e-06]
 [-1.80379539e-08 -1.59792834e-08 -1.80379539e-08 -1.93039909e-08
  -1.80379539e-08 -9.13417009e-09]
 [ 1.02783775e-09  9.98214034e-10  1.02783775e-09  1.02425344e-09
   1.02783775e-09  9.98214034e-10]]
After cross over and mutation:
[[-7.87617361e-01 -1.45799022e-12 -2.28980078e-13  4.62010753e-11
  -1.75214813e-10 -1.92683713e-15  8.52944060e-16  2.29423303e-05
  -2.02518082e-06 -1.80379539e-08  1.02783775e-09]
 [-1.67806358e-01 -2.34757556e-12 -2.28980078e-13  4.90423947e-11
  -1.83374897e-10 -2.28601611e-15  8.52944060e-16  2.29423303e-05
  -2.04721003e-06 -1.59792834e-08  9.98214034e-10]
 [-7.87617361e-01 -1.45799022e-12 -2.88760127e-13  6.02690566e-11
  -2.25467593e-10 -1.92683713e-15  7.50243427e-16  1.58016207e-05
  -1.74262678e-06 -1.80379539e-08  9.72874987e-10]
 [-8.08434515e-01 -1.43528116e-12 -1.42283684e-13  5.07745342e-11
  -1.36036036e-10 -2.28601611e-15  8.52944060e-16  2.29423303e-05
  -2.37988893e-06 -9.10981973e-09  1.06281091e-09]
 [-7.61888700e-01 -2.00571365e-12 -1.79828581e-13  4.94106742e-11
  -9.64370584e-11 -2.41482943e-15  9.16044904e-16  2.29423303e-05
  -2.02518082e-06 -2.60217650e-08  4.99137503e-10]
 [-8.27444855e-01 -1.45799022e-12 -2.28980078e-13  5.70607523e-11
  -2.53831460e-10 -2.41482943e-15  8.42509697e-16  2.29423303e-05
  -1.35422713e-06 -1.03360612e-08  1.02783775e-09]
 [-7.87617361e-01 -1.43600653e-12 -2.28980078e-13  4.62010753e-11
  -1.66473526e-10 -1.92683713e-15  8.52944060e-16  2.29423303e-05
  -1.71945201e-06 -2.31295512e-08  1.02783775e-09]
 [-7.87617361e-01 -1.91081286e-12 -2.46688020e-13  5.78676986e-11
  -1.75214813e-10 -2.45096630e-15  8.09402549e-16  2.29423303e-05
  -2.02518082e-06 -9.99765847e-09  1.45532032e-09]
 [-8.47923359e-01 -1.45799022e-12 -2.28980078e-13  4.90423947e-11
  -1.75214813e-10 -2.19243105e-15  8.50924222e-16  1.93523017e-05
  -2.39233688e-06 -1.80379539e-08  7.06284962e-10]
 [-1.14214456e-01 -2.01888617e-12 -1.16533130e-13  5.52169041e-11
  -1.07780899e-10 -1.94213381e-15  8.22462599e-16  2.29423303e-05
  -2.02518082e-06 -1.22001954e-08  1.29936292e-09]]
Population:
[[-7.87617361e-01 -1.45799022e-12 -2.28980078e-13  4.62010753e-11
  -1.75214813e-10 -1.92683713e-15  8.52944060e-16  2.29423303e-05
  -2.02518082e-06 -1.80379539e-08  1.02783775e-09]
 [-1.67806358e-01 -2.34757556e-12 -2.28980078e-13  4.90423947e-11
  -1.83374897e-10 -2.28601611e-15  8.52944060e-16  2.29423303e-05
  -2.04721003e-06 -1.59792834e-08  9.98214034e-10]
 [-7.87617361e-01 -1.45799022e-12 -2.88760127e-13  6.02690566e-11
  -2.25467593e-10 -1.92683713e-15  7.50243427e-16  1.58016207e-05
  -1.74262678e-06 -1.80379539e-08  9.72874987e-10]
 [-8.08434515e-01 -1.43528116e-12 -1.42283684e-13  5.07745342e-11
  -1.36036036e-10 -2.28601611e-15  8.52944060e-16  2.29423303e-05
  -2.37988893e-06 -9.10981973e-09  1.06281091e-09]
 [-7.61888700e-01 -2.00571365e-12 -1.79828581e-13  4.94106742e-11
  -9.64370584e-11 -2.41482943e-15  9.16044904e-16  2.29423303e-05
  -2.02518082e-06 -2.60217650e-08  4.99137503e-10]
 [-8.27444855e-01 -1.45799022e-12 -2.28980078e-13  5.70607523e-11
  -2.53831460e-10 -2.41482943e-15  8.42509697e-16  2.29423303e-05
  -1.35422713e-06 -1.03360612e-08  1.02783775e-09]
 [-7.87617361e-01 -1.43600653e-12 -2.28980078e-13  4.62010753e-11
  -1.66473526e-10 -1.92683713e-15  8.52944060e-16  2.29423303e-05
  -1.71945201e-06 -2.31295512e-08  1.02783775e-09]
 [-7.87617361e-01 -1.91081286e-12 -2.46688020e-13  5.78676986e-11
  -1.75214813e-10 -2.45096630e-15  8.09402549e-16  2.29423303e-05
  -2.02518082e-06 -9.99765847e-09  1.45532032e-09]
 [-8.47923359e-01 -1.45799022e-12 -2.28980078e-13  4.90423947e-11
  -1.75214813e-10 -2.19243105e-15  8.50924222e-16  1.93523017e-05
  -2.39233688e-06 -1.80379539e-08  7.06284962e-10]
 [-1.14214456e-01 -2.01888617e-12 -1.16533130e-13  5.52169041e-11
  -1.07780899e-10 -1.94213381e-15  8.22462599e-16  2.29423303e-05
  -2.02518082e-06 -1.22001954e-08  1.29936292e-09]]
Train validation errors
[[6.03070697e+10 2.71650471e+11]
 [8.49800521e+10 2.24323098e+11]
 [4.88443646e+11 3.07990932e+11]
 [1.69711213e+12 4.47784971e+12]
 [2.28026609e+14 4.14155089e+14]
 [8.18722542e+13 1.73370858e+14]
 [8.43771076e+11 1.18472328e+12]
 [1.48726902e+14 3.02681657e+14]
 [1.22702360e+14 2.21901650e+14]
 [6.72294382e+13 1.38510082e+14]]
Selected parents:
[[-7.87617361e-01 -1.67806358e-01 -7.87617361e-01 -8.08434515e-01
  -7.87617361e-01 -1.14214456e-01]
 [-1.45799022e-12 -2.34757556e-12 -1.45799022e-12 -1.43528116e-12
  -1.43600653e-12 -2.01888617e-12]
 [-2.28980078e-13 -2.28980078e-13 -2.88760127e-13 -1.42283684e-13
  -2.28980078e-13 -1.16533130e-13]
 [ 4.62010753e-11  4.90423947e-11  6.02690566e-11  5.07745342e-11
   4.62010753e-11  5.52169041e-11]
 [-1.75214813e-10 -1.83374897e-10 -2.25467593e-10 -1.36036036e-10
  -1.66473526e-10 -1.07780899e-10]
 [-1.92683713e-15 -2.28601611e-15 -1.92683713e-15 -2.28601611e-15
  -1.92683713e-15 -1.94213381e-15]
 [ 8.52944060e-16  8.52944060e-16  7.50243427e-16  8.52944060e-16
   8.52944060e-16  8.22462599e-16]
 [ 2.29423303e-05  2.29423303e-05  1.58016207e-05  2.29423303e-05
   2.29423303e-05  2.29423303e-05]
 [-2.02518082e-06 -2.04721003e-06 -1.74262678e-06 -2.37988893e-06
  -1.71945201e-06 -2.02518082e-06]
 [-1.80379539e-08 -1.59792834e-08 -1.80379539e-08 -9.10981973e-09
  -2.31295512e-08 -1.22001954e-08]
 [ 1.02783775e-09  9.98214034e-10  9.72874987e-10  1.06281091e-09
   1.02783775e-09  1.29936292e-09]]
After cross over and mutation:
[[-7.87617361e-01 -1.45799022e-12 -2.28980078e-13  4.62010753e-11
  -1.75214813e-10 -1.92683713e-15  8.52944060e-16  2.29423303e-05
  -2.02518082e-06 -1.80379539e-08  1.02783775e-09]
 [-1.67806358e-01 -2.34757556e-12 -2.28980078e-13  4.90423947e-11
  -1.83374897e-10 -2.28601611e-15  8.52944060e-16  2.29423303e-05
  -2.04721003e-06 -1.59792834e-08  9.98214034e-10]
 [-7.87617361e-01 -1.00828813e-12 -2.50132544e-13  5.85861297e-11
  -2.25467593e-10 -2.80179396e-15  6.78215096e-16  1.37676511e-05
  -1.74262678e-06 -1.80379539e-08  9.72874987e-10]
 [-7.78994526e-01 -1.45799022e-12 -2.28980078e-13  4.77869474e-11
  -1.75214813e-10 -1.92683713e-15  7.50243427e-16  2.29423303e-05
  -2.02518082e-06 -1.80379539e-08  2.38516245e-10]
 [-7.87617361e-01 -1.45799022e-12 -2.60383640e-13  4.62010753e-11
  -2.25467593e-10 -2.12150167e-15  7.50243427e-16  1.97068954e-05
  -1.74262678e-06 -2.10287644e-08  9.72874987e-10]
 [-7.87617361e-01 -1.45799022e-12 -2.40741040e-13  6.84476068e-11
  -1.75214813e-10 -1.92683713e-15  8.52944060e-16  2.29423303e-05
  -2.17093615e-06 -1.77132926e-08  5.76394223e-10]
 [-8.08434515e-01 -1.10009936e-12 -2.88760127e-13  6.02690566e-11
  -2.25467593e-10 -2.28601611e-15  7.50243427e-16  7.07754017e-06
  -1.68192345e-06 -1.44887084e-08  1.04725944e-09]
 [-7.35785788e-01 -1.72427876e-12 -1.42283684e-13  5.07745342e-11
  -2.24052198e-10 -2.65273971e-15  8.09094056e-16  3.01795716e-05
  -1.74262678e-06 -9.10981973e-09  6.20048683e-10]
 [-8.57660717e-01 -1.43528116e-12 -1.42283684e-13  4.51250471e-11
  -2.42991645e-10 -2.28601611e-15  9.40661184e-16  2.29423303e-05
  -2.37988893e-06 -9.10981973e-09  1.06281091e-09]
 [-7.87617361e-01 -1.55949756e-12 -2.28980078e-13  4.97322433e-11
  -1.64943114e-10 -1.92683713e-15  9.05220129e-16  1.51161157e-05
  -1.71945201e-06 -2.31295512e-08  9.70010733e-10]]
Population:
[[-7.87617361e-01 -1.45799022e-12 -2.28980078e-13  4.62010753e-11
  -1.75214813e-10 -1.92683713e-15  8.52944060e-16  2.29423303e-05
  -2.02518082e-06 -1.80379539e-08  1.02783775e-09]
 [-1.67806358e-01 -2.34757556e-12 -2.28980078e-13  4.90423947e-11
  -1.83374897e-10 -2.28601611e-15  8.52944060e-16  2.29423303e-05
  -2.04721003e-06 -1.59792834e-08  9.98214034e-10]
 [-7.87617361e-01 -1.00828813e-12 -2.50132544e-13  5.85861297e-11
  -2.25467593e-10 -2.80179396e-15  6.78215096e-16  1.37676511e-05
  -1.74262678e-06 -1.80379539e-08  9.72874987e-10]
 [-7.78994526e-01 -1.45799022e-12 -2.28980078e-13  4.77869474e-11
  -1.75214813e-10 -1.92683713e-15  7.50243427e-16  2.29423303e-05
  -2.02518082e-06 -1.80379539e-08  2.38516245e-10]
 [-7.87617361e-01 -1.45799022e-12 -2.60383640e-13  4.62010753e-11
  -2.25467593e-10 -2.12150167e-15  7.50243427e-16  1.97068954e-05
  -1.74262678e-06 -2.10287644e-08  9.72874987e-10]
 [-7.87617361e-01 -1.45799022e-12 -2.40741040e-13  6.84476068e-11
  -1.75214813e-10 -1.92683713e-15  8.52944060e-16  2.29423303e-05
  -2.17093615e-06 -1.77132926e-08  5.76394223e-10]
 [-8.08434515e-01 -1.10009936e-12 -2.88760127e-13  6.02690566e-11
  -2.25467593e-10 -2.28601611e-15  7.50243427e-16  7.07754017e-06
  -1.68192345e-06 -1.44887084e-08  1.04725944e-09]
 [-7.35785788e-01 -1.72427876e-12 -1.42283684e-13  5.07745342e-11
  -2.24052198e-10 -2.65273971e-15  8.09094056e-16  3.01795716e-05
  -1.74262678e-06 -9.10981973e-09  6.20048683e-10]
 [-8.57660717e-01 -1.43528116e-12 -1.42283684e-13  4.51250471e-11
  -2.42991645e-10 -2.28601611e-15  9.40661184e-16  2.29423303e-05
  -2.37988893e-06 -9.10981973e-09  1.06281091e-09]
 [-7.87617361e-01 -1.55949756e-12 -2.28980078e-13  4.97322433e-11
  -1.64943114e-10 -1.92683713e-15  9.05220129e-16  1.51161157e-05
  -1.71945201e-06 -2.31295512e-08  9.70010733e-10]]
Train validation errors
[[6.03070697e+10 2.71650471e+11]
 [8.49800521e+10 2.24323098e+11]
 [1.48856840e+12 6.98484786e+11]
 [2.86180634e+14 5.22843233e+14]
 [1.07937273e+12 4.62069547e+11]
 [1.18770619e+14 2.13535571e+14]
 [4.28164592e+12 9.07970478e+12]
 [3.04572534e+12 1.90201390e+12]
 [1.69711212e+12 4.47784963e+12]
 [6.09747031e+12 7.63164553e+12]]
Selected parents:
[[-7.87617361e-01 -1.67806358e-01 -7.87617361e-01 -7.87617361e-01
  -7.35785788e-01 -8.57660717e-01]
 [-1.45799022e-12 -2.34757556e-12 -1.00828813e-12 -1.45799022e-12
  -1.72427876e-12 -1.43528116e-12]
 [-2.28980078e-13 -2.28980078e-13 -2.50132544e-13 -2.60383640e-13
  -1.42283684e-13 -1.42283684e-13]
 [ 4.62010753e-11  4.90423947e-11  5.85861297e-11  4.62010753e-11
   5.07745342e-11  4.51250471e-11]
 [-1.75214813e-10 -1.83374897e-10 -2.25467593e-10 -2.25467593e-10
  -2.24052198e-10 -2.42991645e-10]
 [-1.92683713e-15 -2.28601611e-15 -2.80179396e-15 -2.12150167e-15
  -2.65273971e-15 -2.28601611e-15]
 [ 8.52944060e-16  8.52944060e-16  6.78215096e-16  7.50243427e-16
   8.09094056e-16  9.40661184e-16]
 [ 2.29423303e-05  2.29423303e-05  1.37676511e-05  1.97068954e-05
   3.01795716e-05  2.29423303e-05]
 [-2.02518082e-06 -2.04721003e-06 -1.74262678e-06 -1.74262678e-06
  -1.74262678e-06 -2.37988893e-06]
 [-1.80379539e-08 -1.59792834e-08 -1.80379539e-08 -2.10287644e-08
  -9.10981973e-09 -9.10981973e-09]
 [ 1.02783775e-09  9.98214034e-10  9.72874987e-10  9.72874987e-10
   6.20048683e-10  1.06281091e-09]]
After cross over and mutation:
[[-7.87617361e-01 -1.45799022e-12 -2.28980078e-13  4.62010753e-11
  -1.75214813e-10 -1.92683713e-15  8.52944060e-16  2.29423303e-05
  -2.02518082e-06 -1.80379539e-08  1.02783775e-09]
 [-1.67806358e-01 -2.34757556e-12 -2.28980078e-13  4.90423947e-11
  -1.83374897e-10 -2.28601611e-15  8.52944060e-16  2.29423303e-05
  -2.04721003e-06 -1.59792834e-08  9.98214034e-10]
 [-8.09093923e-01 -1.00828813e-12 -2.50132544e-13  4.56079647e-11
  -2.24052198e-10 -2.80179396e-15  7.43616845e-16  3.01795716e-05
  -1.74262678e-06 -2.52024482e-08  9.72874987e-10]
 [-7.35785788e-01 -1.72427876e-12 -1.46264435e-13  5.85861297e-11
  -2.25467593e-10 -2.65273971e-15  8.09094056e-16  3.87541886e-05
  -1.74262678e-06 -8.65297746e-09  5.80958064e-10]
 [-8.57660717e-01 -1.32328056e-12 -1.02481821e-13  4.73690262e-11
  -2.26276519e-10 -2.28601611e-15  9.40661184e-16  2.29423303e-05
  -3.00193505e-06 -9.10981973e-09  6.89196176e-10]
 [-7.67082489e-01 -1.84666815e-12 -2.50132544e-13  4.30416792e-11
  -2.42991645e-10 -1.95793436e-15  9.40661184e-16  2.75608977e-05
  -1.55598051e-06 -8.55932864e-09  1.06281091e-09]
 [-7.87617361e-01 -1.45799022e-12 -2.13002472e-13  3.82936151e-11
  -1.75214813e-10 -2.07671499e-15  8.89658306e-16  2.29423303e-05
  -1.31532555e-06 -1.80379539e-08  1.31053150e-10]
 [-1.67806358e-01 -2.34757556e-12 -2.28980078e-13  4.62010753e-11
  -1.50418173e-10 -2.39890231e-15  9.28264265e-16  2.49727837e-05
  -1.63626691e-06 -1.86883215e-08  9.58856283e-10]
 [-7.87617361e-01 -1.88530592e-12 -3.08271959e-13  4.62010753e-11
  -2.25467593e-10 -2.73840002e-15  7.50243427e-16  2.33957679e-05
  -2.02518082e-06 -1.80379539e-08  1.02783775e-09]
 [-7.07014871e-01 -8.15516874e-13 -2.56467873e-13  4.62010753e-11
  -2.45662258e-10 -1.92683713e-15  9.42371454e-16  2.72558963e-05
  -1.92051200e-06 -1.80379539e-08  1.02783775e-09]]Best offspring gen errors:
[[6.03070697e+10 2.71650471e+11]
 [6.03070697e+10 2.71650471e+11]
 [6.03070697e+10 2.71650471e+11]
 [6.03070697e+10 2.71650471e+11]
 [6.03070697e+10 2.71650471e+11]]