Fitness funtion: -1 * (train_validation_error[:, 1] + train_validation_error[:, 0])
Initialed with the best that we have until now
Starting all over again with new root population
No of generations: 7
Population size: 10
Mutation coefficient: 0.2
Split point: 7
Two offspring per pair
Population:
[[ 0.00000000e+00  0.00000000e+00  0.00000000e+00  0.00000000e+00
   0.00000000e+00  0.00000000e+00  0.00000000e+00  0.00000000e+00
   0.00000000e+00  0.00000000e+00]
 [-1.45799022e-12 -1.45799022e-12 -1.45799022e-12 -1.45799022e-12
   1.55876356e-01 -1.45799022e-12 -1.45799022e-12 -1.45799022e-12
  -1.45799022e-12 -1.45799022e-12]
 [-2.28980078e-13 -8.24590463e+00  1.41685249e+00 -2.28980078e-13
  -2.28980078e-13 -2.28980078e-13 -2.28980078e-13 -2.28980078e-13
  -2.28980078e-13 -2.28980078e-13]
 [ 4.62010753e-11  4.62010753e-11  4.62010753e-11  4.62010753e-11
   4.62010753e-11  4.94733221e-01  4.62010753e-11  4.62010753e-11
   4.62010753e-11  4.62010753e-11]
 [-1.75214813e-10  6.18716486e+00 -1.75214813e-10 -1.75214813e-10
  -1.75214813e-10 -1.75214813e-10 -1.75214813e-10 -1.75214813e-10
  -1.75214813e-10 -1.75214813e-10]
 [-1.83669770e-15 -1.83669770e-15 -1.83669770e-15 -9.66317462e-01
  -8.60731768e+00 -1.83669770e-15 -1.83669770e-15 -1.83669770e-15
  -1.83669770e-15 -6.10690243e+00]
 [ 8.52944060e-16 -2.90927169e+00  8.52944060e-16  8.52944060e-16
   8.52944060e-16  8.52944060e-16  8.52944060e-16  8.52944060e-16
   8.52944060e-16  8.52944060e-16]
 [ 2.29423303e-05  2.29423303e-05  2.29423303e-05  2.29423303e-05
  -1.96771934e+00  2.29423303e-05  2.29423303e-05  7.07341351e+00
   6.68362051e+00  2.29423303e-05]
 [-2.04721003e-06 -2.04721003e-06 -2.04721003e-06 -2.04721003e-06
  -2.04721003e-06 -3.08643671e+00 -2.04721003e-06  5.79866617e+00
  -2.04721003e-06 -2.04721003e-06]
 [-1.59792834e-08  3.60846655e+00 -2.05287089e+00 -1.59792834e-08
  -1.59792834e-08 -1.59792834e-08 -1.00896204e+00 -3.05764209e+00
  -1.59792834e-08 -1.59792834e-08]
 [ 9.98214034e-10  9.98214034e-10  9.98214034e-10  9.98214034e-10
   9.98214034e-10  9.98214034e-10  9.98214034e-10  9.98214034e-10
   9.98214034e-10  9.98214034e-10]]
Train validation errors
[[13510723304.19212, 368296592820.6967], [2.5113232983685924e+30, 4.8144124729380785e+30], [8.127940497432292e+29, 1.5581927679889275e+30], [3.4233819289393438e+41, 3.4836556782994012e+41], [2.716135069123738e+43, 2.7639566818493557e+43], [7.866561814649772e+26, 1.5251432858388761e+27], [1.963391430487012e+29, 3.763982187903533e+29], [1.6652948638061634e+30, 3.182897735914694e+30], [1.5965692996057555e+24, 3.120117564727182e+24], [1.3672806310839063e+43, 1.3913536477012344e+43]]
Selected parents:
[[ 0.00000000e+00 -1.45799022e-12 -2.28980078e-13  4.62010753e-11
  -1.75214813e-10 -1.83669770e-15  8.52944060e-16  2.29423303e-05
  -2.04721003e-06 -1.59792834e-08  9.98214034e-10]
 [ 0.00000000e+00 -1.45799022e-12  1.41685249e+00  4.62010753e-11
  -1.75214813e-10 -1.83669770e-15  8.52944060e-16  2.29423303e-05
  -2.04721003e-06 -2.05287089e+00  9.98214034e-10]
 [ 0.00000000e+00 -1.45799022e-12 -2.28980078e-13  4.94733221e-01
  -1.75214813e-10 -1.83669770e-15  8.52944060e-16  2.29423303e-05
  -3.08643671e+00 -1.59792834e-08  9.98214034e-10]
 [ 0.00000000e+00 -1.45799022e-12 -2.28980078e-13  4.62010753e-11
  -1.75214813e-10 -1.83669770e-15  8.52944060e-16  2.29423303e-05
  -2.04721003e-06 -1.00896204e+00  9.98214034e-10]
 [ 0.00000000e+00 -1.45799022e-12 -2.28980078e-13  4.62010753e-11
  -1.75214813e-10 -1.83669770e-15  8.52944060e-16  7.07341351e+00
   5.79866617e+00 -3.05764209e+00  9.98214034e-10]
 [ 0.00000000e+00 -1.45799022e-12 -2.28980078e-13  4.62010753e-11
  -1.75214813e-10 -1.83669770e-15  8.52944060e-16  6.68362051e+00
  -2.04721003e-06 -1.59792834e-08  9.98214034e-10]]Population:
[[ 0.00000000e+00  0.00000000e+00  0.00000000e+00  0.00000000e+00
   0.00000000e+00  0.00000000e+00  0.00000000e+00  0.00000000e+00
   0.00000000e+00 -8.75129582e+00]
 [-1.45799022e-12 -1.45799022e-12 -3.64864654e+00 -1.45799022e-12
  -1.45799022e-12  4.38027602e+00 -1.45799022e-12  2.78579856e+00
  -8.46959165e+00 -1.45799022e-12]
 [-2.28980078e-13 -2.28980078e-13 -2.28980078e-13 -2.28980078e-13
  -2.28980078e-13 -2.28980078e-13 -2.28980078e-13  1.41685249e+00
  -2.28980078e-13 -2.28980078e-13]
 [ 4.62010753e-11  4.62010753e-11  4.62010753e-11  4.62010753e-11
  -8.54006209e+00  4.62010753e-11  4.62010753e-11  4.62010753e-11
   4.62010753e-11  4.94733221e-01]
 [-1.75214813e-10 -1.75214813e-10 -1.75214813e-10 -1.75214813e-10
  -1.75214813e-10 -1.75214813e-10 -1.75214813e-10  4.14649385e+00
  -2.13189103e+00 -1.75214813e-10]
 [-1.83669770e-15 -1.83669770e-15 -1.83669770e-15 -1.83669770e-15
  -1.83669770e-15 -1.83669770e-15 -1.83669770e-15 -1.83669770e-15
  -1.83669770e-15 -1.83669770e-15]
 [ 8.52944060e-16  8.52944060e-16  8.52944060e-16  8.52944060e-16
  -8.68862982e+00  8.52944060e-16 -3.79653259e+00  8.52944060e-16
   4.33751953e+00 -8.84625167e+00]
 [ 2.29423303e-05  6.68362051e+00  2.29423303e-05  7.07341351e+00
   2.29423303e-05 -4.96790065e+00  2.29423303e-05  4.82640835e+00
   2.29423303e-05  2.29423303e-05]
 [-2.04721003e-06 -2.04721003e-06  5.79866617e+00 -3.08643671e+00
  -2.04721003e-06 -2.04721003e-06 -2.04721003e-06 -2.04721003e-06
  -3.08643671e+00 -3.08643671e+00]
 [-1.59792834e-08 -1.59792834e-08 -3.05764209e+00 -8.16961497e+00
  -1.59792834e-08 -1.59792834e-08 -1.00896204e+00 -2.05287089e+00
   8.30452367e+00 -1.59792834e-08]
 [ 9.98214034e-10  9.98214034e-10  9.98214034e-10 -9.46860470e-01
   9.98214034e-10  9.98214034e-10  9.98214034e-10  9.98214034e-10
   9.98214034e-10  7.08474786e+00]]
Train validation errors
[[13510723304.19212, 368296592820.6967], [1.5965692996057555e+24, 3.120117564727182e+24], [1.6687313955680264e+30, 3.189545555662198e+30], [5.6312598929208215e+32, 1.0723765309877037e+33], [137488135584.884, 355246297979.35754], [8.820983210141658e+23, 1.7238510923859215e+24], [1.9633914304870098e+29, 3.763982187903528e+29], [8.111584896898858e+29, 1.5550218081729984e+30], [1.3103534902026667e+31, 2.5106675102031092e+31], [2.2771442371673513e+34, 4.308051831955421e+34]]
Selected parents:
[[ 0.00000000e+00 -1.45799022e-12 -2.28980078e-13  4.62010753e-11
  -1.75214813e-10 -1.83669770e-15  8.52944060e-16  2.29423303e-05
  -2.04721003e-06 -1.59792834e-08  9.98214034e-10]
 [ 0.00000000e+00 -1.45799022e-12 -2.28980078e-13  4.62010753e-11
  -1.75214813e-10 -1.83669770e-15  8.52944060e-16  6.68362051e+00
  -2.04721003e-06 -1.59792834e-08  9.98214034e-10]
 [ 0.00000000e+00 -1.45799022e-12 -2.28980078e-13 -8.54006209e+00
  -1.75214813e-10 -1.83669770e-15 -8.68862982e+00  2.29423303e-05
  -2.04721003e-06 -1.59792834e-08  9.98214034e-10]
 [ 0.00000000e+00  4.38027602e+00 -2.28980078e-13  4.62010753e-11
  -1.75214813e-10 -1.83669770e-15  8.52944060e-16 -4.96790065e+00
  -2.04721003e-06 -1.59792834e-08  9.98214034e-10]
 [ 0.00000000e+00 -1.45799022e-12 -2.28980078e-13  4.62010753e-11
  -1.75214813e-10 -1.83669770e-15 -3.79653259e+00  2.29423303e-05
  -2.04721003e-06 -1.00896204e+00  9.98214034e-10]
 [ 0.00000000e+00  2.78579856e+00  1.41685249e+00  4.62010753e-11
   4.14649385e+00 -1.83669770e-15  8.52944060e-16  4.82640835e+00
  -2.04721003e-06 -2.05287089e+00  9.98214034e-10]]Population:
[[ 0.00000000e+00  0.00000000e+00  6.93440584e+00 -4.92784514e-01
   0.00000000e+00  0.00000000e+00  0.00000000e+00  6.45039280e+00
   0.00000000e+00  0.00000000e+00]
 [-1.45799022e-12 -1.45799022e-12 -1.45799022e-12 -1.45799022e-12
  -1.45799022e-12 -1.45799022e-12 -2.01777009e+00 -1.63018308e+00
   2.66640525e+00  4.38027602e+00]
 [-2.28980078e-13 -2.28980078e-13 -2.28980078e-13  1.41685249e+00
  -2.28980078e-13 -2.28980078e-13 -2.28980078e-13  8.81509147e+00
  -2.79387437e+00 -2.28980078e-13]
 [ 4.62010753e-11 -8.54006209e+00  4.62010753e-11  4.62010753e-11
   4.62010753e-11  3.33062314e+00  4.62010753e-11  4.62010753e-11
  -7.76306568e+00  4.62010753e-11]
 [-1.75214813e-10 -1.75214813e-10  7.72773582e+00  4.14649385e+00
  -1.75214813e-10 -1.75214813e-10 -1.75214813e-10 -1.75214813e-10
  -1.75214813e-10 -4.83886237e+00]
 [-1.83669770e-15 -1.83669770e-15 -5.28500535e-01 -1.20517181e-01
  -1.83669770e-15 -5.28211232e+00  4.89649127e+00 -1.83669770e-15
  -1.83669770e-15 -8.64681611e+00]
 [ 8.52944060e-16 -8.68862982e+00  8.52944060e-16  5.45404029e-01
   1.33804320e+00  8.52944060e-16  8.52944060e-16 -3.79653259e+00
   8.52944060e-16  8.52944060e-16]
 [ 2.29423303e-05  2.29423303e-05  2.29423303e-05  5.30184623e+00
   6.68362051e+00  6.68362051e+00  7.10220611e+00  2.29423303e-05
   6.68362051e+00  6.68362051e+00]
 [-2.04721003e-06 -2.04721003e-06 -2.04721003e-06  1.38361464e+00
  -2.04721003e-06  5.21517247e+00 -2.04721003e-06 -2.04721003e-06
  -2.04721003e-06 -2.04721003e-06]
 [-1.59792834e-08 -1.59792834e-08  5.73289095e+00 -2.05287089e+00
  -2.46717434e+00 -4.33978373e+00 -4.87107780e+00 -1.59792834e-08
   1.56354541e+00 -1.59792834e-08]
 [ 9.98214034e-10  9.98214034e-10  3.37548772e+00  9.98214034e-10
   9.98214034e-10  9.98214034e-10 -3.60416965e+00 -2.25064583e+00
   9.98214034e-10  9.98214034e-10]]
Train validation errors
[[13510723304.19212, 368296592820.6967], [137488135584.884, 355246297979.35754], [1.0235816321814574e+41, 1.0414527195602198e+41], [5.32504289093175e+39, 5.41883981241774e+39], [1.1712479904742834e+30, 2.245319334308196e+30], [1.022895845475737e+43, 1.040905835056128e+43], [8.789508686504619e+42, 8.944113136029052e+42], [2.298883068331551e+33, 4.349200248297709e+33], [4.732237835859885e+29, 9.072462422293361e+29], [2.7411206081641154e+43, 2.789382128045219e+43]]
Selected parents:
[[ 0.00000000e+00 -1.45799022e-12 -2.28980078e-13  4.62010753e-11
  -1.75214813e-10 -1.83669770e-15  8.52944060e-16  2.29423303e-05
  -2.04721003e-06 -1.59792834e-08  9.98214034e-10]
 [ 0.00000000e+00 -1.45799022e-12 -2.28980078e-13 -8.54006209e+00
  -1.75214813e-10 -1.83669770e-15 -8.68862982e+00  2.29423303e-05
  -2.04721003e-06 -1.59792834e-08  9.98214034e-10]
 [-4.92784514e-01 -1.45799022e-12  1.41685249e+00  4.62010753e-11
   4.14649385e+00 -1.20517181e-01  5.45404029e-01  5.30184623e+00
   1.38361464e+00 -2.05287089e+00  9.98214034e-10]
 [ 0.00000000e+00 -1.45799022e-12 -2.28980078e-13  4.62010753e-11
  -1.75214813e-10 -1.83669770e-15  1.33804320e+00  6.68362051e+00
  -2.04721003e-06 -2.46717434e+00  9.98214034e-10]
 [ 6.45039280e+00 -1.63018308e+00  8.81509147e+00  4.62010753e-11
  -1.75214813e-10 -1.83669770e-15 -3.79653259e+00  2.29423303e-05
  -2.04721003e-06 -1.59792834e-08 -2.25064583e+00]
 [ 0.00000000e+00  2.66640525e+00 -2.79387437e+00 -7.76306568e+00
  -1.75214813e-10 -1.83669770e-15  8.52944060e-16  6.68362051e+00
  -2.04721003e-06  1.56354541e+00  9.98214034e-10]]Population:
[[ 0.00000000e+00  0.00000000e+00  6.45039280e+00  0.00000000e+00
  -3.67703966e+00  0.00000000e+00 -6.45427199e+00  0.00000000e+00
  -4.92784514e-01  3.44992387e+00]
 [-1.45799022e-12 -1.45799022e-12 -1.45799022e-12 -1.45799022e-12
  -6.32025164e+00 -8.28240229e+00  2.61858497e+00  6.01702366e+00
  -1.45799022e-12 -1.45799022e-12]
 [-2.28980078e-13 -2.28980078e-13 -1.68967478e+00 -3.13107892e+00
  -2.28980078e-13  1.41685249e+00  1.98480686e+00 -2.28980078e-13
   5.78142370e+00 -2.28980078e-13]
 [ 4.62010753e-11 -8.54006209e+00 -8.54006209e+00 -8.54006209e+00
   4.62010753e-11 -8.54006209e+00 -7.76306568e+00 -8.84451900e+00
  -4.08659338e+00  4.62010753e-11]
 [-1.75214813e-10 -1.75214813e-10  4.22755216e+00 -1.75214813e-10
  -1.75214813e-10 -1.75214813e-10  6.24705934e+00 -1.75214813e-10
   4.14649385e+00  4.14649385e+00]
 [-1.83669770e-15 -1.83669770e-15 -1.83669770e-15 -1.83669770e-15
   1.14390225e+00 -9.09866657e-01 -1.83669770e-15 -1.83669770e-15
  -1.83669770e-15 -1.20517181e-01]
 [ 8.52944060e-16 -8.68862982e+00 -8.68862982e+00  5.07686809e+00
   4.98716028e+00 -8.68862982e+00  8.52944060e-16  8.52944060e-16
  -8.68862982e+00 -8.68862982e+00]
 [ 2.29423303e-05  2.29423303e-05  2.29423303e-05  7.02044413e+00
   5.30184623e+00  2.29423303e-05  6.68362051e+00  2.29423303e-05
   2.29423303e-05  5.30184623e+00]
 [-2.04721003e-06 -2.04721003e-06 -2.04721003e-06 -2.04721003e-06
   1.38361464e+00 -1.50637965e+00  2.91551757e-01  5.16995449e+00
   1.38361464e+00  1.38361464e+00]
 [-1.59792834e-08 -1.59792834e-08 -8.49948800e+00 -1.59792834e-08
  -2.05287089e+00 -1.59792834e-08  1.56354541e+00 -1.59792834e-08
  -2.05287089e+00 -2.05287089e+00]
 [ 9.98214034e-10  9.98214034e-10 -2.25064583e+00 -2.25064583e+00
   8.98463650e+00 -5.16367653e+00  9.98214034e-10  9.98214034e-10
   9.98214034e-10  9.98214034e-10]]
Train validation errors
[[13510723304.19212, 368296592820.6967], [137488135584.884, 355246297979.35754], [2.6642300652421713e+33, 5.057178123078669e+33], [2.2987608121043702e+33, 4.3489573096357197e+33], [4.799669331424809e+41, 4.8850091249167385e+41], [3.036192555845154e+41, 3.0900325314557647e+41], [4.76764418888635e+29, 9.142819909275536e+29], [2.2072146239438334e+27, 4.279275678794863e+27], [7.909743165107298e+29, 1.5148265476144667e+30], [5.32504289093175e+39, 5.41883981241774e+39]]
Selected parents:
[[ 0.00000000e+00 -1.45799022e-12 -2.28980078e-13  4.62010753e-11
  -1.75214813e-10 -1.83669770e-15  8.52944060e-16  2.29423303e-05
  -2.04721003e-06 -1.59792834e-08  9.98214034e-10]
 [ 0.00000000e+00 -1.45799022e-12 -2.28980078e-13 -8.54006209e+00
  -1.75214813e-10 -1.83669770e-15 -8.68862982e+00  2.29423303e-05
  -2.04721003e-06 -1.59792834e-08  9.98214034e-10]
 [ 0.00000000e+00 -1.45799022e-12 -3.13107892e+00 -8.54006209e+00
  -1.75214813e-10 -1.83669770e-15  5.07686809e+00  7.02044413e+00
  -2.04721003e-06 -1.59792834e-08 -2.25064583e+00]
 [-6.45427199e+00  2.61858497e+00  1.98480686e+00 -7.76306568e+00
   6.24705934e+00 -1.83669770e-15  8.52944060e-16  6.68362051e+00
   2.91551757e-01  1.56354541e+00  9.98214034e-10]
 [ 0.00000000e+00  6.01702366e+00 -2.28980078e-13 -8.84451900e+00
  -1.75214813e-10 -1.83669770e-15  8.52944060e-16  2.29423303e-05
   5.16995449e+00 -1.59792834e-08  9.98214034e-10]
 [-4.92784514e-01 -1.45799022e-12  5.78142370e+00 -4.08659338e+00
   4.14649385e+00 -1.83669770e-15 -8.68862982e+00  2.29423303e-05
   1.38361464e+00 -2.05287089e+00  9.98214034e-10]]Population:
[[ 0.00000000e+00  0.00000000e+00  0.00000000e+00  0.00000000e+00
   0.00000000e+00  0.00000000e+00 -7.89745106e+00  0.00000000e+00
  -2.44128234e-01  1.36801905e+00]
 [-1.45799022e-12 -1.45799022e-12 -1.45799022e-12 -1.45799022e-12
  -1.45799022e-12 -1.45799022e-12 -1.45799022e-12 -1.45799022e-12
  -1.45799022e-12 -8.86518401e+00]
 [-2.28980078e-13 -2.28980078e-13  5.78142370e+00  5.78142370e+00
   5.79612793e+00 -2.28980078e-13 -2.28980078e-13  1.31517093e+00
  -2.28980078e-13 -3.13107892e+00]
 [ 4.62010753e-11 -8.54006209e+00 -4.08659338e+00  4.62010753e-11
  -8.54006209e+00 -8.54006209e+00 -8.54006209e+00 -8.51441182e+00
  -8.54006209e+00 -8.54006209e+00]
 [-1.75214813e-10 -1.75214813e-10  4.14649385e+00 -1.75214813e-10
   4.14649385e+00  4.14649385e+00 -1.75214813e-10 -1.75214813e-10
  -3.15240933e+00 -1.75214813e-10]
 [-1.83669770e-15 -1.83669770e-15 -1.83669770e-15  2.14127642e+00
  -1.83669770e-15 -1.83669770e-15  6.24160380e+00 -2.44276889e+00
  -1.83669770e-15  4.31807342e-01]
 [ 8.52944060e-16 -8.68862982e+00  4.72869978e+00  8.52944060e-16
  -8.68862982e+00 -8.68862982e+00 -8.68862982e+00 -8.68862982e+00
   5.07686809e+00  3.26541459e+00]
 [ 2.29423303e-05  2.29423303e-05  2.29423303e-05  2.29423303e-05
   4.96327473e+00  2.29423303e-05  2.29423303e-05 -4.14902181e-01
  -2.93904983e+00  2.29423303e-05]
 [-2.04721003e-06 -2.04721003e-06  1.38361464e+00  8.41102936e+00
   1.38361464e+00 -6.65038892e+00 -2.04721003e-06  2.06820191e+00
   2.86576588e+00 -5.28631908e-01]
 [-1.59792834e-08 -1.59792834e-08 -2.05287089e+00  4.60856363e+00
  -2.05287089e+00 -1.59792834e-08 -1.59792834e-08 -1.59792834e-08
  -1.59792834e-08 -1.59792834e-08]
 [ 9.98214034e-10  9.98214034e-10  7.85541586e+00  8.12273214e+00
   7.74935876e+00 -6.24425570e+00  9.98214034e-10 -8.64863941e+00
   8.00913390e+00 -2.25064583e+00]]
Train validation errors
[[13510723304.19212, 368296592820.6967], [137488135584.884, 355246297979.35754], [2.7714084115283514e+34, 5.241786174180122e+34], [1.6813886263189368e+42, 1.7111355898486648e+42], [2.696721954024076e+34, 5.100510095858189e+34], [1.771156601936587e+34, 3.350847939670171e+34], [1.4282626949999142e+43, 1.453409391887873e+43], [2.1881600177739268e+42, 2.2268581297609058e+42], [2.912078122875079e+34, 5.50930945155631e+34], [6.833615133220865e+40, 6.953138759216612e+40]]
Selected parents:
[[ 0.00000000e+00 -1.45799022e-12 -2.28980078e-13  4.62010753e-11
  -1.75214813e-10 -1.83669770e-15  8.52944060e-16  2.29423303e-05
  -2.04721003e-06 -1.59792834e-08  9.98214034e-10]
 [ 0.00000000e+00 -1.45799022e-12 -2.28980078e-13 -8.54006209e+00
  -1.75214813e-10 -1.83669770e-15 -8.68862982e+00  2.29423303e-05
  -2.04721003e-06 -1.59792834e-08  9.98214034e-10]
 [ 0.00000000e+00 -1.45799022e-12  5.78142370e+00 -4.08659338e+00
   4.14649385e+00 -1.83669770e-15  4.72869978e+00  2.29423303e-05
   1.38361464e+00 -2.05287089e+00  7.85541586e+00]
 [ 0.00000000e+00 -1.45799022e-12  5.79612793e+00 -8.54006209e+00
   4.14649385e+00 -1.83669770e-15 -8.68862982e+00  4.96327473e+00
   1.38361464e+00 -2.05287089e+00  7.74935876e+00]
 [ 0.00000000e+00 -1.45799022e-12 -2.28980078e-13 -8.54006209e+00
   4.14649385e+00 -1.83669770e-15 -8.68862982e+00  2.29423303e-05
  -6.65038892e+00 -1.59792834e-08 -6.24425570e+00]
 [-2.44128234e-01 -1.45799022e-12 -2.28980078e-13 -8.54006209e+00
  -3.15240933e+00 -1.83669770e-15  5.07686809e+00 -2.93904983e+00
   2.86576588e+00 -1.59792834e-08  8.00913390e+00]]Population:
[[ 0.00000000e+00  0.00000000e+00 -5.96909665e+00  4.62618182e+00
   0.00000000e+00  0.00000000e+00  0.00000000e+00  0.00000000e+00
   0.00000000e+00  0.00000000e+00]
 [-1.45799022e-12 -1.45799022e-12  7.24606676e+00 -1.45799022e-12
  -1.45799022e-12 -1.45799022e-12 -1.45799022e-12 -1.45799022e-12
  -1.45799022e-12 -1.45799022e-12]
 [-2.28980078e-13 -2.28980078e-13 -2.28980078e-13 -2.28980078e-13
   3.75836206e+00 -2.28980078e-13 -2.28980078e-13 -2.28980078e-13
  -2.04870824e+00  8.88916869e+00]
 [ 4.62010753e-11 -8.54006209e+00 -8.54006209e+00 -8.54006209e+00
  -4.08659338e+00  4.62010753e-11  9.14328239e-01 -8.54006209e+00
  -8.54006209e+00  4.62010753e-11]
 [-1.75214813e-10 -1.75214813e-10 -1.75214813e-10 -1.75214813e-10
   4.14649385e+00 -2.87112327e+00 -1.75214813e-10  5.20327218e+00
  -1.75214813e-10  7.71332228e+00]
 [-1.83669770e-15 -1.83669770e-15 -1.83669770e-15 -1.83669770e-15
  -1.83669770e-15 -1.83669770e-15 -1.83669770e-15 -1.83669770e-15
  -1.83669770e-15 -4.48475162e+00]
 [ 8.52944060e-16 -8.68862982e+00 -5.90961962e-01 -8.68862982e+00
   5.75583323e+00  7.82413424e+00  8.52944060e-16  8.52944060e-16
  -8.68862982e+00  8.52944060e-16]
 [ 2.29423303e-05  2.29423303e-05  2.29423303e-05  2.29423303e-05
   2.29423303e-05  2.57663622e+00  2.29423303e-05  2.29423303e-05
   2.29423303e-05  2.29423303e-05]
 [-2.04721003e-06 -2.04721003e-06 -6.65038892e+00 -6.65038892e+00
   8.42493814e+00  8.01826957e+00 -2.04721003e-06 -2.04721003e-06
   2.61637491e+00 -2.04721003e-06]
 [-1.59792834e-08 -1.59792834e-08  5.94536396e+00 -3.55777424e+00
  -2.05287089e+00 -2.05287089e+00 -1.59792834e-08 -1.59792834e-08
   7.03435670e+00 -1.59792834e-08]
 [ 9.98214034e-10  9.98214034e-10  3.50468286e+00 -6.24425570e+00
   9.98214034e-10  9.98214034e-10  9.98214034e-10 -4.99100594e+00
   9.98214034e-10  9.98214034e-10]]
Train validation errors
[[13510723304.19212, 368296592820.6967], [137488135584.884, 355246297979.35754], [5.954726207202245e+33, 1.1283418642617297e+34], [1.8122301328767396e+34, 3.4304705798150133e+34], [6.848310283621135e+29, 1.3036305801422435e+30], [6.89932487177914e+29, 1.313840962664169e+30], [14932352267.061981, 395653187027.7817], [1.1305212685740316e+34, 2.138805339745692e+34], [9.686436090953095e+30, 1.8579678531582563e+31], [7.373819267013275e+42, 7.503646363011289e+42]]
Selected parents:
[[ 0.00000000e+00 -1.45799022e-12 -2.28980078e-13  4.62010753e-11
  -1.75214813e-10 -1.83669770e-15  8.52944060e-16  2.29423303e-05
  -2.04721003e-06 -1.59792834e-08  9.98214034e-10]
 [ 0.00000000e+00 -1.45799022e-12 -2.28980078e-13 -8.54006209e+00
  -1.75214813e-10 -1.83669770e-15 -8.68862982e+00  2.29423303e-05
  -2.04721003e-06 -1.59792834e-08  9.98214034e-10]
 [ 0.00000000e+00 -1.45799022e-12  3.75836206e+00 -4.08659338e+00
   4.14649385e+00 -1.83669770e-15  5.75583323e+00  2.29423303e-05
   8.42493814e+00 -2.05287089e+00  9.98214034e-10]
 [ 0.00000000e+00 -1.45799022e-12 -2.28980078e-13  4.62010753e-11
  -2.87112327e+00 -1.83669770e-15  7.82413424e+00  2.57663622e+00
   8.01826957e+00 -2.05287089e+00  9.98214034e-10]
 [ 0.00000000e+00 -1.45799022e-12 -2.28980078e-13  9.14328239e-01
  -1.75214813e-10 -1.83669770e-15  8.52944060e-16  2.29423303e-05
  -2.04721003e-06 -1.59792834e-08  9.98214034e-10]
 [ 0.00000000e+00 -1.45799022e-12 -2.04870824e+00 -8.54006209e+00
  -1.75214813e-10 -1.83669770e-15 -8.68862982e+00  2.29423303e-05
   2.61637491e+00  7.03435670e+00  9.98214034e-10]]Population:
[[ 0.00000000e+00  0.00000000e+00  0.00000000e+00  7.19226135e+00
  -1.99027076e+00  0.00000000e+00 -1.39908590e+00  0.00000000e+00
   0.00000000e+00  0.00000000e+00]
 [-1.45799022e-12 -1.45799022e-12 -3.01080345e+00 -7.96734768e+00
  -1.45799022e-12 -1.45799022e-12 -1.45799022e-12 -1.45799022e-12
  -7.77179886e-01 -2.60028041e+00]
 [-2.28980078e-13 -2.28980078e-13 -2.28980078e-13  6.94560394e+00
  -2.28980078e-13 -2.28980078e-13 -7.97006714e+00 -2.28980078e-13
  -4.73716747e+00 -2.28980078e-13]
 [ 4.62010753e-11 -8.54006209e+00  4.62010753e-11  2.92005540e+00
   6.68498573e+00  9.14328239e-01 -5.24226932e+00 -8.54006209e+00
   6.15316605e+00  9.14328239e-01]
 [-1.75214813e-10 -1.75214813e-10 -1.75214813e-10 -1.75214813e-10
  -1.75214813e-10  7.12701820e+00 -1.75214813e-10 -1.75214813e-10
   4.14649385e+00 -5.30952146e+00]
 [-1.83669770e-15 -1.83669770e-15 -1.83669770e-15 -1.45508658e+00
  -8.65028828e+00 -1.83669770e-15 -1.08693975e+00 -1.83669770e-15
  -1.83669770e-15 -1.83669770e-15]
 [ 8.52944060e-16 -8.68862982e+00 -2.39239846e+00  8.52944060e-16
  -7.79474992e+00  8.52944060e-16  7.82413424e+00 -8.68862982e+00
  -1.06186146e-02  5.75583323e+00]
 [ 2.29423303e-05  2.29423303e-05  2.29423303e-05 -1.14383063e+00
   2.29423303e-05  5.37880839e+00 -7.00660973e+00  2.27391833e+00
   2.29423303e-05  2.29423303e-05]
 [-2.04721003e-06 -2.04721003e-06 -2.04721003e-06 -2.04721003e-06
  -2.04721003e-06 -2.04721003e-06  8.01826957e+00  2.61637491e+00
  -2.04721003e-06  8.42493814e+00]
 [-1.59792834e-08 -1.59792834e-08 -1.59792834e-08 -1.59792834e-08
  -1.59792834e-08 -1.59792834e-08 -2.05287089e+00  7.03435670e+00
   6.03391221e+00 -5.42498607e+00]
 [ 9.98214034e-10  9.98214034e-10  9.98214034e-10  6.73047685e+00
   9.98214034e-10  9.98214034e-10  9.98214034e-10 -6.73450094e+00
  -2.75652238e-01  9.98214034e-10]]
Train validation errors
[[13510723304.19212, 368296592820.6967], [137488135584.884, 355246297979.35754], [13513511038.595995, 368273936665.1897], [7.760049720790537e+41, 7.895878558569146e+41], [2.743322467917459e+43, 2.791622755258262e+43], [1.034058016510712e+24, 2.0208291720263513e+24], [4.3313933662716144e+41, 4.40765751599881e+41], [1.9715737942631473e+34, 3.725908842999156e+34], [1.095172350731189e+31, 1.9467240367980118e+31], [5.328370788185669e+30, 1.0190279102858252e+31]]
Selected parents:
[[ 0.00000000e+00 -1.45799022e-12 -2.28980078e-13  4.62010753e-11
  -1.75214813e-10 -1.83669770e-15  8.52944060e-16  2.29423303e-05
  -2.04721003e-06 -1.59792834e-08  9.98214034e-10]
 [ 0.00000000e+00 -1.45799022e-12 -2.28980078e-13 -8.54006209e+00
  -1.75214813e-10 -1.83669770e-15 -8.68862982e+00  2.29423303e-05
  -2.04721003e-06 -1.59792834e-08  9.98214034e-10]
 [ 0.00000000e+00 -3.01080345e+00 -2.28980078e-13  4.62010753e-11
  -1.75214813e-10 -1.83669770e-15 -2.39239846e+00  2.29423303e-05
  -2.04721003e-06 -1.59792834e-08  9.98214034e-10]
 [ 0.00000000e+00 -1.45799022e-12 -2.28980078e-13  9.14328239e-01
   7.12701820e+00 -1.83669770e-15  8.52944060e-16  5.37880839e+00
  -2.04721003e-06 -1.59792834e-08  9.98214034e-10]
 [ 0.00000000e+00 -7.77179886e-01 -4.73716747e+00  6.15316605e+00
   4.14649385e+00 -1.83669770e-15 -1.06186146e-02  2.29423303e-05
  -2.04721003e-06  6.03391221e+00 -2.75652238e-01]
 [ 0.00000000e+00 -2.60028041e+00 -2.28980078e-13  9.14328239e-01
  -5.30952146e+00 -1.83669770e-15  5.75583323e+00  2.29423303e-05
   8.42493814e+00 -5.42498607e+00  9.98214034e-10]]Best offspring gen errors:
[[1.35107233e+10 3.68296593e+11]
 [1.37488136e+11 3.55246298e+11]
 [1.37488136e+11 3.55246298e+11]
 [1.37488136e+11 3.55246298e+11]
 [1.37488136e+11 3.55246298e+11]
 [1.37488136e+11 3.55246298e+11]
 [1.37488136e+11 3.55246298e+11]]