Starting all over again with new root population
No of generations: 10
Population size: 10
Mutation coefficient: 0.2
Split point: 7
Two offspring per pair
Population:
[[ 0.00000000e+00  0.00000000e+00  0.00000000e+00  0.00000000e+00
   0.00000000e+00  0.00000000e+00  0.00000000e+00  0.00000000e+00
   0.00000000e+00  0.00000000e+00]
 [ 6.27937040e+00 -1.45799022e-12 -1.45799022e-12 -9.75835723e+00
  -1.45799022e-12 -1.45799022e-12 -8.98587638e+00 -1.45799022e-12
  -1.45799022e-12 -1.45799022e-12]
 [-2.28980078e-13 -2.28980078e-13 -2.17347038e+00 -2.28980078e-13
  -2.28980078e-13 -2.28980078e-13 -4.25719383e+00 -2.28980078e-13
  -2.28980078e-13  9.72667176e+00]
 [ 4.62010753e-11  4.62010753e-11  4.62010753e-11  4.62010753e-11
   4.62010753e-11  4.62010753e-11  4.62010753e-11 -4.17136006e+00
   4.62010753e-11  4.62010753e-11]
 [-1.75214813e-10 -1.75214813e-10 -1.75214813e-10 -1.75214813e-10
  -1.75214813e-10 -1.75214813e-10 -1.75214813e-10 -1.75214813e-10
  -1.75214813e-10 -1.75214813e-10]
 [-1.83669770e-15 -1.83669770e-15 -1.83669770e-15 -1.83669770e-15
  -1.83669770e-15 -1.83669770e-15 -1.83669770e-15 -1.83669770e-15
  -1.83669770e-15  1.31367627e+00]
 [ 8.52944060e-16  8.52944060e-16  8.52944060e-16  8.52944060e-16
   8.52944060e-16  8.52944060e-16  8.52944060e-16  8.52944060e-16
   8.52944060e-16  1.38711103e+00]
 [ 2.29423303e-05  2.29423303e-05  2.29423303e-05  2.29423303e-05
   2.29423303e-05 -1.52574735e+00  2.29423303e-05  2.29423303e-05
   2.29423303e-05  2.29423303e-05]
 [-2.04721003e-06 -2.04721003e-06 -2.04721003e-06 -2.04721003e-06
  -2.04721003e-06 -2.04721003e-06 -2.04721003e-06  5.02177686e-01
  -2.04721003e-06 -2.04721003e-06]
 [-1.59792834e-08 -1.59792834e-08 -1.59792834e-08 -1.59792834e-08
  -1.59792834e-08 -1.59792834e-08 -1.59792834e-08 -1.59792834e-08
  -1.59792834e-08  3.78539345e+00]
 [ 9.98214034e-10 -6.41889788e+00  9.98214034e-10  8.64520413e+00
   9.98214034e-10  9.98214034e-10  9.98214034e-10  9.98214034e-10
   9.98214034e-10  9.98214034e-10]]
Train validation errors
[[13504842102.92983, 368344514440.6409], [1.8699220255774645e+34, 3.537659418191892e+34], [13398896731.091145, 367223115707.8591], [3.391978321909553e+34, 6.417200232288855e+34], [13510723304.19212, 368296592820.6967], [8.320424354405312e+22, 1.6260266947579428e+23], [13309462541.590225, 366141689153.8224], [2.082519731335692e+25, 4.037521704900085e+25], [13510723304.19212, 368296592820.6967], [6.326944721668925e+41, 6.438348517557608e+41]]
Selected parents:
[[ 0.00000000e+00  6.27937040e+00 -2.28980078e-13  4.62010753e-11
  -1.75214813e-10 -1.83669770e-15  8.52944060e-16  2.29423303e-05
  -2.04721003e-06 -1.59792834e-08  9.98214034e-10]
 [ 0.00000000e+00 -1.45799022e-12 -2.17347038e+00  4.62010753e-11
  -1.75214813e-10 -1.83669770e-15  8.52944060e-16  2.29423303e-05
  -2.04721003e-06 -1.59792834e-08  9.98214034e-10]
 [ 0.00000000e+00 -1.45799022e-12 -2.28980078e-13  4.62010753e-11
  -1.75214813e-10 -1.83669770e-15  8.52944060e-16  2.29423303e-05
  -2.04721003e-06 -1.59792834e-08  9.98214034e-10]
 [ 0.00000000e+00 -1.45799022e-12 -2.28980078e-13  4.62010753e-11
  -1.75214813e-10 -1.83669770e-15  8.52944060e-16 -1.52574735e+00
  -2.04721003e-06 -1.59792834e-08  9.98214034e-10]
 [ 0.00000000e+00 -8.98587638e+00 -4.25719383e+00  4.62010753e-11
  -1.75214813e-10 -1.83669770e-15  8.52944060e-16  2.29423303e-05
  -2.04721003e-06 -1.59792834e-08  9.98214034e-10]
 [ 0.00000000e+00 -1.45799022e-12 -2.28980078e-13  4.62010753e-11
  -1.75214813e-10 -1.83669770e-15  8.52944060e-16  2.29423303e-05
  -2.04721003e-06 -1.59792834e-08  9.98214034e-10]]Population:
[[ 0.00000000e+00  0.00000000e+00  0.00000000e+00  0.00000000e+00
   0.00000000e+00  0.00000000e+00  0.00000000e+00  0.00000000e+00
   0.00000000e+00  0.00000000e+00]
 [-1.45799022e-12 -8.98587638e+00  6.27937040e+00 -1.45799022e-12
  -8.98587638e+00 -1.45799022e-12 -1.45799022e-12 -1.45799022e-12
  -1.45799022e-12 -6.61726765e+00]
 [-2.17347038e+00 -4.25719383e+00  4.50931369e+00 -2.17347038e+00
  -4.25719383e+00 -2.28980078e-13 -2.28980078e-13 -2.17347038e+00
  -2.28980078e-13 -2.28980078e-13]
 [ 4.62010753e-11  4.62010753e-11 -7.86082958e-01  4.62010753e-11
   4.62010753e-11  4.62010753e-11  4.62010753e-11  4.62010753e-11
   4.62010753e-11 -9.04192680e+00]
 [-1.75214813e-10 -1.75214813e-10 -1.75214813e-10 -1.75214813e-10
  -1.75214813e-10 -1.75214813e-10 -1.75214813e-10 -1.75214813e-10
  -1.75214813e-10 -1.75214813e-10]
 [-1.83669770e-15 -1.83669770e-15 -1.83669770e-15 -1.83669770e-15
  -1.83669770e-15 -1.83669770e-15 -1.83669770e-15 -1.83669770e-15
  -1.83669770e-15 -1.83669770e-15]
 [ 8.52944060e-16  8.52944060e-16  8.52944060e-16  8.52944060e-16
   8.52944060e-16  8.52944060e-16  8.52944060e-16  8.52944060e-16
   8.52944060e-16 -5.57147756e+00]
 [ 2.29423303e-05  2.29423303e-05  2.29423303e-05  2.29423303e-05
  -8.29634412e+00 -1.14499322e+00  2.29423303e-05  2.29423303e-05
   2.29423303e-05  2.29423303e-05]
 [-2.04721003e-06 -2.04721003e-06 -2.04721003e-06 -2.04721003e-06
  -2.04721003e-06 -2.04721003e-06 -2.04721003e-06 -2.04721003e-06
  -2.04721003e-06 -2.04721003e-06]
 [-1.59792834e-08 -1.59792834e-08 -1.59792834e-08  2.79157591e+00
  -1.59792834e-08 -1.59792834e-08 -1.59792834e-08 -1.59792834e-08
  -1.59792834e-08 -1.59792834e-08]
 [ 9.98214034e-10  9.98214034e-10  9.98214034e-10  9.23987186e+00
   9.98214034e-10  9.98214034e-10  9.98214034e-10  9.98214034e-10
  -8.13177461e-01  9.98214034e-10]]
Train validation errors
[[13398896731.091145, 367223115707.8591], [13309462541.590225, 366141689153.8224], [14670679740.6412, 350628275190.4671], [3.9222022990449717e+34, 7.422537873787733e+34], [2.4600452839911695e+24, 4.807573739062207e+24], [4.685871776117056e+22, 9.15740300103006e+22], [13510723304.19212, 368296592820.6967], [13398896731.091145, 367223115707.8591], [3.001049994382267e+32, 5.67761255900047e+32], [152611454386.21857, 368238450183.0581]]
Selected parents:
[[ 0.00000000e+00 -1.45799022e-12 -2.17347038e+00  4.62010753e-11
  -1.75214813e-10 -1.83669770e-15  8.52944060e-16  2.29423303e-05
  -2.04721003e-06 -1.59792834e-08  9.98214034e-10]
 [ 0.00000000e+00 -8.98587638e+00 -4.25719383e+00  4.62010753e-11
  -1.75214813e-10 -1.83669770e-15  8.52944060e-16  2.29423303e-05
  -2.04721003e-06 -1.59792834e-08  9.98214034e-10]
 [ 0.00000000e+00  6.27937040e+00  4.50931369e+00 -7.86082958e-01
  -1.75214813e-10 -1.83669770e-15  8.52944060e-16  2.29423303e-05
  -2.04721003e-06 -1.59792834e-08  9.98214034e-10]
 [ 0.00000000e+00 -1.45799022e-12 -2.28980078e-13  4.62010753e-11
  -1.75214813e-10 -1.83669770e-15  8.52944060e-16  2.29423303e-05
  -2.04721003e-06 -1.59792834e-08  9.98214034e-10]
 [ 0.00000000e+00 -1.45799022e-12 -2.17347038e+00  4.62010753e-11
  -1.75214813e-10 -1.83669770e-15  8.52944060e-16  2.29423303e-05
  -2.04721003e-06 -1.59792834e-08  9.98214034e-10]
 [ 0.00000000e+00 -6.61726765e+00 -2.28980078e-13 -9.04192680e+00
  -1.75214813e-10 -1.83669770e-15 -5.57147756e+00  2.29423303e-05
  -2.04721003e-06 -1.59792834e-08  9.98214034e-10]]Population:
[[ 0.00000000e+00  0.00000000e+00  0.00000000e+00 -7.43870950e+00
   0.00000000e+00 -2.78409073e+00  0.00000000e+00  0.00000000e+00
   0.00000000e+00  0.00000000e+00]
 [ 6.27937040e+00 -6.61726765e+00 -8.98587638e+00 -6.61726765e+00
  -6.61726765e+00 -1.45799022e-12 -1.45799022e-12 -6.61726765e+00
   6.27937040e+00 -1.45799022e-12]
 [ 4.50931369e+00 -2.28980078e-13  9.22613994e+00 -2.28980078e-13
  -2.28980078e-13 -2.17347038e+00 -2.17347038e+00 -2.28980078e-13
   4.50931369e+00 -2.17347038e+00]
 [-7.86082958e-01 -9.04192680e+00  4.62010753e-11 -9.04192680e+00
  -9.04192680e+00  4.62010753e-11  4.62010753e-11 -9.04192680e+00
  -7.86082958e-01  4.62010753e-11]
 [-1.75214813e-10 -1.75214813e-10 -1.75214813e-10  9.42376367e+00
  -1.75214813e-10 -1.75214813e-10 -1.75214813e-10 -1.75214813e-10
  -1.75214813e-10 -1.75214813e-10]
 [-1.83669770e-15 -1.83669770e-15 -1.83669770e-15  7.49099302e+00
   5.44707323e+00 -1.83669770e-15 -1.83669770e-15 -1.83669770e-15
  -1.83669770e-15 -1.83669770e-15]
 [ 8.52944060e-16 -5.57147756e+00  8.52944060e-16 -5.57147756e+00
  -5.57147756e+00  8.52944060e-16 -4.43670024e+00 -5.57147756e+00
   8.52944060e-16  8.52944060e-16]
 [ 2.29423303e-05  2.29423303e-05  2.29423303e-05  2.29423303e-05
  -6.19679306e-01  2.29423303e-05  2.29423303e-05  3.89121487e+00
   2.29423303e-05  2.29423303e-05]
 [-2.04721003e-06 -2.04721003e-06 -2.04721003e-06 -2.04721003e-06
  -2.04721003e-06 -2.04721003e-06 -2.04721003e-06  6.90345244e+00
  -3.84141571e+00 -2.04721003e-06]
 [-1.59792834e-08 -1.59792834e-08 -1.59792834e-08 -1.59792834e-08
  -1.59792834e-08 -1.59792834e-08 -1.59792834e-08 -1.59792834e-08
  -1.59792834e-08 -1.59792834e-08]
 [ 9.98214034e-10  9.98214034e-10  9.98214034e-10  9.98214034e-10
   9.98214034e-10  9.98214034e-10  9.98214034e-10 -1.87256140e+00
   9.98214034e-10  9.98214034e-10]]
Train validation errors
[[14670679740.6412, 350628275190.4671], [152611454386.21857, 368238450183.0581], [14095918988.517899, 372939764308.6349], [2.057285111273587e+43, 2.0935066868187744e+43], [1.087782647520536e+43, 1.1069346848711747e+43], [13398792251.360424, 367222642856.86053], [13398801548.770102, 367223664143.17896], [1.5863441439207562e+33, 3.001034546683852e+33], [1.2185768946916637e+27, 2.3625370537469035e+27], [13398896731.091145, 367223115707.8591]]
Selected parents:
[[ 0.00000000e+00  6.27937040e+00  4.50931369e+00 -7.86082958e-01
  -1.75214813e-10 -1.83669770e-15  8.52944060e-16  2.29423303e-05
  -2.04721003e-06 -1.59792834e-08  9.98214034e-10]
 [ 0.00000000e+00 -6.61726765e+00 -2.28980078e-13 -9.04192680e+00
  -1.75214813e-10 -1.83669770e-15 -5.57147756e+00  2.29423303e-05
  -2.04721003e-06 -1.59792834e-08  9.98214034e-10]
 [ 0.00000000e+00 -8.98587638e+00  9.22613994e+00  4.62010753e-11
  -1.75214813e-10 -1.83669770e-15  8.52944060e-16  2.29423303e-05
  -2.04721003e-06 -1.59792834e-08  9.98214034e-10]
 [-2.78409073e+00 -1.45799022e-12 -2.17347038e+00  4.62010753e-11
  -1.75214813e-10 -1.83669770e-15  8.52944060e-16  2.29423303e-05
  -2.04721003e-06 -1.59792834e-08  9.98214034e-10]
 [ 0.00000000e+00 -1.45799022e-12 -2.17347038e+00  4.62010753e-11
  -1.75214813e-10 -1.83669770e-15 -4.43670024e+00  2.29423303e-05
  -2.04721003e-06 -1.59792834e-08  9.98214034e-10]
 [ 0.00000000e+00 -1.45799022e-12 -2.17347038e+00  4.62010753e-11
  -1.75214813e-10 -1.83669770e-15  8.52944060e-16  2.29423303e-05
  -2.04721003e-06 -1.59792834e-08  9.98214034e-10]]Population:
[[ 0.00000000e+00  0.00000000e+00 -2.33617593e+00  0.00000000e+00
   0.00000000e+00  0.00000000e+00  0.00000000e+00  0.00000000e+00
   0.00000000e+00  0.00000000e+00]
 [ 6.27937040e+00 -6.61726765e+00 -6.61726765e+00 -8.98587638e+00
  -1.45799022e-12  6.27937040e+00 -6.61726765e+00 -8.98587638e+00
   6.27937040e+00 -6.61726765e+00]
 [ 4.50931369e+00 -2.28980078e-13 -2.28980078e-13  9.22613994e+00
  -2.17347038e+00  4.50931369e+00 -2.28980078e-13  9.22613994e+00
   4.50931369e+00 -2.28980078e-13]
 [-7.86082958e-01 -9.04192680e+00 -9.04192680e+00  4.62010753e-11
   4.62010753e-11 -7.86082958e-01 -7.09022101e-01  4.62010753e-11
  -7.86082958e-01 -9.04192680e+00]
 [-1.75214813e-10 -1.75214813e-10 -1.75214813e-10  1.87406404e+00
  -1.75214813e-10 -1.75214813e-10 -1.75214813e-10 -1.75214813e-10
  -1.75214813e-10 -1.75214813e-10]
 [-1.83669770e-15 -1.83669770e-15 -1.83669770e-15 -1.83669770e-15
  -1.83669770e-15 -1.83669770e-15 -1.83669770e-15 -1.83669770e-15
  -1.83669770e-15 -1.83669770e-15]
 [ 8.52944060e-16 -5.57147756e+00 -5.57147756e+00  8.52944060e-16
   8.52944060e-16  8.52944060e-16 -5.57147756e+00  8.52944060e-16
   8.52944060e-16 -5.57147756e+00]
 [ 2.29423303e-05  2.29423303e-05  2.29423303e-05  2.29423303e-05
   2.29423303e-05  7.07926191e+00  2.29423303e-05  2.29423303e-05
   2.29423303e-05  2.29423303e-05]
 [-2.04721003e-06 -2.04721003e-06 -2.04721003e-06 -2.04721003e-06
  -2.04721003e-06 -2.04721003e-06 -2.04721003e-06 -2.04721003e-06
  -2.04721003e-06 -2.04721003e-06]
 [-1.59792834e-08 -1.59792834e-08 -1.59792834e-08 -6.16439167e+00
  -1.59792834e-08 -1.59792834e-08 -1.59792834e-08 -1.59792834e-08
  -1.59792834e-08 -1.59792834e-08]
 [ 9.98214034e-10  9.98214034e-10  9.98214034e-10  9.98214034e-10
   9.98214034e-10  9.98214034e-10  9.98214034e-10  9.98214034e-10
  -6.96973189e+00  9.98214034e-10]]
Train validation errors
[[14670679740.6412, 350628275190.4671], [152611454386.21857, 368238450183.0581], [152611666370.2476, 368239499929.45715], [7.328881439663522e+30, 1.4050066019125173e+31], [13398896731.091145, 367223115707.8591], [1.7911844796019721e+24, 3.5004468853245225e+24], [14380300661.54574, 350503749798.88403], [14095918988.517899, 372939764308.6349], [2.204624899451885e+34, 4.170875540503254e+34], [152611454386.21857, 368238450183.0581]]
Selected parents:
[[ 0.00000000e+00  6.27937040e+00  4.50931369e+00 -7.86082958e-01
  -1.75214813e-10 -1.83669770e-15  8.52944060e-16  2.29423303e-05
  -2.04721003e-06 -1.59792834e-08  9.98214034e-10]
 [ 0.00000000e+00 -6.61726765e+00 -2.28980078e-13 -9.04192680e+00
  -1.75214813e-10 -1.83669770e-15 -5.57147756e+00  2.29423303e-05
  -2.04721003e-06 -1.59792834e-08  9.98214034e-10]
 [-2.33617593e+00 -6.61726765e+00 -2.28980078e-13 -9.04192680e+00
  -1.75214813e-10 -1.83669770e-15 -5.57147756e+00  2.29423303e-05
  -2.04721003e-06 -1.59792834e-08  9.98214034e-10]
 [ 0.00000000e+00 -1.45799022e-12 -2.17347038e+00  4.62010753e-11
  -1.75214813e-10 -1.83669770e-15  8.52944060e-16  2.29423303e-05
  -2.04721003e-06 -1.59792834e-08  9.98214034e-10]
 [ 0.00000000e+00 -6.61726765e+00 -2.28980078e-13 -7.09022101e-01
  -1.75214813e-10 -1.83669770e-15 -5.57147756e+00  2.29423303e-05
  -2.04721003e-06 -1.59792834e-08  9.98214034e-10]
 [ 0.00000000e+00 -6.61726765e+00 -2.28980078e-13 -9.04192680e+00
  -1.75214813e-10 -1.83669770e-15 -5.57147756e+00  2.29423303e-05
  -2.04721003e-06 -1.59792834e-08  9.98214034e-10]]Population:
[[ 0.00000000e+00  0.00000000e+00  0.00000000e+00  0.00000000e+00
   0.00000000e+00  0.00000000e+00  0.00000000e+00  0.00000000e+00
   0.00000000e+00  0.00000000e+00]
 [-6.61726765e+00 -6.61726765e+00 -6.61726765e+00  6.27937040e+00
  -6.61726765e+00 -5.22172968e+00 -6.61726765e+00 -6.61726765e+00
   6.27937040e+00 -6.61726765e+00]
 [-2.28980078e-13 -2.28980078e-13 -2.28980078e-13  4.50931369e+00
   8.54498875e+00 -2.28980078e-13 -2.28980078e-13 -9.15206003e+00
   4.50931369e+00 -2.28980078e-13]
 [-9.04192680e+00 -9.04192680e+00 -9.04192680e+00 -7.86082958e-01
   2.57988510e-02 -9.04192680e+00 -9.04192680e+00 -9.04192680e+00
  -7.86082958e-01 -9.04192680e+00]
 [-1.75214813e-10 -1.75214813e-10 -1.75214813e-10 -1.75214813e-10
  -1.75214813e-10 -1.75214813e-10 -1.75214813e-10 -1.75214813e-10
  -1.75214813e-10 -1.75214813e-10]
 [-1.83669770e-15 -1.83669770e-15 -1.83669770e-15 -1.83669770e-15
  -1.83669770e-15 -1.83669770e-15 -1.83669770e-15 -1.83669770e-15
  -1.83669770e-15 -1.83669770e-15]
 [-5.57147756e+00 -5.57147756e+00 -5.57147756e+00  8.52944060e-16
  -5.57147756e+00 -5.57147756e+00 -5.57147756e+00 -5.57147756e+00
   8.52944060e-16 -5.57147756e+00]
 [ 2.29423303e-05  2.29423303e-05  2.29423303e-05  2.29423303e-05
   2.29423303e-05  2.29423303e-05  2.29423303e-05  2.29423303e-05
   2.29423303e-05  2.29423303e-05]
 [-2.04721003e-06 -2.04721003e-06 -2.04721003e-06 -2.04721003e-06
  -2.04721003e-06  5.15629237e+00 -2.04721003e-06 -2.04721003e-06
  -2.04721003e-06 -2.04721003e-06]
 [-1.59792834e-08 -1.59792834e-08 -1.59792834e-08 -1.59792834e-08
  -1.59792834e-08 -1.59792834e-08 -1.59792834e-08 -1.59792834e-08
  -1.59792834e-08 -1.59792834e-08]
 [ 9.98214034e-10  9.98214034e-10  9.98214034e-10  9.98214034e-10
   9.98214034e-10  9.98214034e-10  9.98214034e-10  9.98214034e-10
   9.98214034e-10  9.98214034e-10]]
Train validation errors
[[152611454386.21857, 368238450183.0581], [152611454386.21857, 368238450183.0581], [152611454386.21857, 368238450183.0581], [14670679740.6412, 350628275190.4671], [14054837163.83817, 373334957053.72107], [2.1955644657013972e+27, 4.256688732119747e+27], [152611454386.21857, 368238450183.0581], [155390600657.16452, 374810482230.84894], [14670679740.6412, 350628275190.4671], [152611454386.21857, 368238450183.0581]]
Selected parents:
[[ 0.00000000e+00 -6.61726765e+00 -2.28980078e-13 -9.04192680e+00
  -1.75214813e-10 -1.83669770e-15 -5.57147756e+00  2.29423303e-05
  -2.04721003e-06 -1.59792834e-08  9.98214034e-10]
 [ 0.00000000e+00 -6.61726765e+00 -2.28980078e-13 -9.04192680e+00
  -1.75214813e-10 -1.83669770e-15 -5.57147756e+00  2.29423303e-05
  -2.04721003e-06 -1.59792834e-08  9.98214034e-10]
 [ 0.00000000e+00 -6.61726765e+00 -2.28980078e-13 -9.04192680e+00
  -1.75214813e-10 -1.83669770e-15 -5.57147756e+00  2.29423303e-05
  -2.04721003e-06 -1.59792834e-08  9.98214034e-10]
 [ 0.00000000e+00 -6.61726765e+00 -2.28980078e-13 -9.04192680e+00
  -1.75214813e-10 -1.83669770e-15 -5.57147756e+00  2.29423303e-05
  -2.04721003e-06 -1.59792834e-08  9.98214034e-10]
 [ 0.00000000e+00 -6.61726765e+00 -9.15206003e+00 -9.04192680e+00
  -1.75214813e-10 -1.83669770e-15 -5.57147756e+00  2.29423303e-05
  -2.04721003e-06 -1.59792834e-08  9.98214034e-10]
 [ 0.00000000e+00 -6.61726765e+00 -2.28980078e-13 -9.04192680e+00
  -1.75214813e-10 -1.83669770e-15 -5.57147756e+00  2.29423303e-05
  -2.04721003e-06 -1.59792834e-08  9.98214034e-10]]Population:
[[ 0.00000000e+00  0.00000000e+00  0.00000000e+00 -4.65616156e+00
   1.15675626e+00  0.00000000e+00  0.00000000e+00  1.25009950e+00
   0.00000000e+00  0.00000000e+00]
 [-6.61726765e+00 -6.61726765e+00 -6.61726765e+00 -6.61726765e+00
  -6.61726765e+00  4.73599857e+00 -6.61726765e+00 -6.61726765e+00
  -6.61726765e+00  8.43588207e+00]
 [-2.28980078e-13 -2.28980078e-13 -2.28980078e-13 -2.28980078e-13
  -8.13918614e+00 -2.28980078e-13 -2.28980078e-13 -2.28980078e-13
  -2.28980078e-13 -2.28980078e-13]
 [-9.04192680e+00 -9.04192680e+00 -9.04192680e+00 -9.04192680e+00
  -9.04192680e+00 -9.04192680e+00 -9.04192680e+00 -9.04192680e+00
  -3.72370557e+00 -2.01479033e+00]
 [-1.75214813e-10 -1.75214813e-10 -1.75214813e-10  3.69417417e+00
  -1.75214813e-10 -1.75214813e-10 -1.75214813e-10 -1.75214813e-10
  -1.75214813e-10 -1.75214813e-10]
 [-1.83669770e-15 -1.83669770e-15  8.19619756e+00 -1.83669770e-15
  -1.83669770e-15 -1.83669770e-15 -1.83669770e-15 -1.83669770e-15
  -1.83669770e-15 -1.83669770e-15]
 [-5.57147756e+00 -5.57147756e+00 -8.83813579e+00 -5.57147756e+00
  -5.57147756e+00 -5.57147756e+00 -5.57147756e+00 -5.57147756e+00
  -5.57147756e+00 -5.57147756e+00]
 [ 2.29423303e-05  2.29423303e-05  2.29423303e-05  2.29423303e-05
   2.29423303e-05  6.95971648e+00  2.29423303e-05  2.29423303e-05
   2.29423303e-05  2.50058525e+00]
 [-2.04721003e-06 -2.04721003e-06  6.93300071e+00 -2.11859428e+00
  -2.04721003e-06 -2.04721003e-06 -2.04721003e-06 -2.04721003e-06
  -2.04721003e-06 -2.04721003e-06]
 [-1.59792834e-08 -1.59792834e-08 -1.59792834e-08 -1.59792834e-08
  -1.59792834e-08 -1.59792834e-08 -1.59792834e-08 -1.59792834e-08
  -1.59792834e-08 -1.59792834e-08]
 [ 9.98214034e-10  9.98214034e-10  9.98214034e-10  8.91391939e+00
   9.98214034e-10  9.98214034e-10  9.98214034e-10  9.98214034e-10
   9.98214034e-10  9.98214034e-10]]
Train validation errors
[[152611454386.21857, 368238450183.0581], [152611454386.21857, 368238450183.0581], [2.462864642611329e+43, 2.506227071561615e+43], [3.6053898656099835e+34, 6.82092991472059e+34], [155074820575.92212, 374070023444.5376], [1.7311998156244038e+24, 3.3832210612464024e+24], [152611454386.21857, 368238450183.0581], [152611340956.98138, 368237888462.9612], [37134812579.43152, 308773233354.0258], [2.2348193162425333e+23, 4.367429562423053e+23]]
Selected parents:
[[ 0.00000000e+00 -6.61726765e+00 -2.28980078e-13 -9.04192680e+00
  -1.75214813e-10 -1.83669770e-15 -5.57147756e+00  2.29423303e-05
  -2.04721003e-06 -1.59792834e-08  9.98214034e-10]
 [ 0.00000000e+00 -6.61726765e+00 -2.28980078e-13 -9.04192680e+00
  -1.75214813e-10 -1.83669770e-15 -5.57147756e+00  2.29423303e-05
  -2.04721003e-06 -1.59792834e-08  9.98214034e-10]
 [ 1.15675626e+00 -6.61726765e+00 -8.13918614e+00 -9.04192680e+00
  -1.75214813e-10 -1.83669770e-15 -5.57147756e+00  2.29423303e-05
  -2.04721003e-06 -1.59792834e-08  9.98214034e-10]
 [ 0.00000000e+00 -6.61726765e+00 -2.28980078e-13 -9.04192680e+00
  -1.75214813e-10 -1.83669770e-15 -5.57147756e+00  2.29423303e-05
  -2.04721003e-06 -1.59792834e-08  9.98214034e-10]
 [ 1.25009950e+00 -6.61726765e+00 -2.28980078e-13 -9.04192680e+00
  -1.75214813e-10 -1.83669770e-15 -5.57147756e+00  2.29423303e-05
  -2.04721003e-06 -1.59792834e-08  9.98214034e-10]
 [ 0.00000000e+00 -6.61726765e+00 -2.28980078e-13 -3.72370557e+00
  -1.75214813e-10 -1.83669770e-15 -5.57147756e+00  2.29423303e-05
  -2.04721003e-06 -1.59792834e-08  9.98214034e-10]]Population:
[[ 1.25009950e+00  0.00000000e+00  0.00000000e+00  0.00000000e+00
   0.00000000e+00  1.25009950e+00  1.15675626e+00  0.00000000e+00
   0.00000000e+00  0.00000000e+00]
 [-6.61726765e+00 -6.61726765e+00  6.99448941e+00 -6.61726765e+00
  -6.61726765e+00 -6.61726765e+00 -6.61726765e+00 -6.61726765e+00
  -6.61726765e+00 -6.61726765e+00]
 [-2.28980078e-13 -2.28980078e-13 -2.28980078e-13 -2.28980078e-13
  -2.28980078e-13 -2.28980078e-13 -8.13918614e+00 -2.28980078e-13
  -2.28980078e-13 -2.28980078e-13]
 [-9.04192680e+00 -3.72370557e+00  6.20106170e+00 -9.04192680e+00
  -9.04192680e+00  1.97543632e+00 -9.04192680e+00 -4.42185371e+00
  -3.72370557e+00 -9.04192680e+00]
 [-1.75214813e-10 -1.75214813e-10 -1.75214813e-10 -1.75214813e-10
  -1.75214813e-10 -1.75214813e-10 -1.75214813e-10 -1.75214813e-10
  -1.75214813e-10 -1.75214813e-10]
 [-1.83669770e-15 -1.83669770e-15 -1.83669770e-15 -1.83669770e-15
  -1.83669770e-15 -1.83669770e-15 -1.83669770e-15 -1.83669770e-15
  -1.83669770e-15 -1.83669770e-15]
 [-5.57147756e+00 -5.57147756e+00 -5.57147756e+00 -8.03033804e+00
  -5.57147756e+00 -5.57147756e+00 -5.57147756e+00 -5.15011694e-01
  -5.57147756e+00 -5.57147756e+00]
 [ 2.29423303e-05  2.29423303e-05  2.29423303e-05  2.29423303e-05
   2.29423303e-05  2.29423303e-05  2.29423303e-05  2.29423303e-05
   2.29423303e-05  2.29423303e-05]
 [-2.04721003e-06 -2.04721003e-06 -2.04721003e-06 -2.04721003e-06
  -2.04721003e-06 -2.04721003e-06 -2.04721003e-06 -2.04721003e-06
  -2.04721003e-06 -2.04721003e-06]
 [-1.59792834e-08 -1.59792834e-08 -1.59792834e-08 -1.59792834e-08
  -1.59792834e-08 -1.59792834e-08 -1.59792834e-08 -1.59792834e-08
  -1.59792834e-08 -1.59792834e-08]
 [ 9.98214034e-10  9.98214034e-10  9.98214034e-10  9.98214034e-10
   9.98214034e-10  9.98214034e-10 -4.89960875e+00 -6.72620256e-01
   9.98214034e-10  9.98214034e-10]]
Train validation errors
[[152611340956.98138, 368237888462.9612], [37134812579.43152, 308773233354.0258], [78960609989.92508, 652467169348.3154], [152611513719.94818, 368238657742.5454], [152611454386.21857, 368238450183.0581], [20126063754.672203, 433606982775.7238], [1.089495313522704e+34, 2.0611893459925456e+34], [2.053252918503977e+32, 3.884498618373625e+32], [37134812579.43152, 308773233354.0258], [152611454386.21857, 368238450183.0581]]
Selected parents:
[[ 1.25009950e+00 -6.61726765e+00 -2.28980078e-13 -9.04192680e+00
  -1.75214813e-10 -1.83669770e-15 -5.57147756e+00  2.29423303e-05
  -2.04721003e-06 -1.59792834e-08  9.98214034e-10]
 [ 0.00000000e+00 -6.61726765e+00 -2.28980078e-13 -3.72370557e+00
  -1.75214813e-10 -1.83669770e-15 -5.57147756e+00  2.29423303e-05
  -2.04721003e-06 -1.59792834e-08  9.98214034e-10]
 [ 0.00000000e+00 -6.61726765e+00 -2.28980078e-13 -9.04192680e+00
  -1.75214813e-10 -1.83669770e-15 -8.03033804e+00  2.29423303e-05
  -2.04721003e-06 -1.59792834e-08  9.98214034e-10]
 [ 0.00000000e+00 -6.61726765e+00 -2.28980078e-13 -9.04192680e+00
  -1.75214813e-10 -1.83669770e-15 -5.57147756e+00  2.29423303e-05
  -2.04721003e-06 -1.59792834e-08  9.98214034e-10]
 [ 0.00000000e+00 -6.61726765e+00 -2.28980078e-13 -3.72370557e+00
  -1.75214813e-10 -1.83669770e-15 -5.57147756e+00  2.29423303e-05
  -2.04721003e-06 -1.59792834e-08  9.98214034e-10]
 [ 0.00000000e+00 -6.61726765e+00 -2.28980078e-13 -9.04192680e+00
  -1.75214813e-10 -1.83669770e-15 -5.57147756e+00  2.29423303e-05
  -2.04721003e-06 -1.59792834e-08  9.98214034e-10]]Population:
[[ 0.00000000e+00  0.00000000e+00  0.00000000e+00  0.00000000e+00
   0.00000000e+00  0.00000000e+00  1.25009950e+00  0.00000000e+00
   0.00000000e+00  0.00000000e+00]
 [-6.61726765e+00 -6.61726765e+00 -6.61726765e+00 -6.61726765e+00
  -6.61726765e+00 -6.61726765e+00 -6.61726765e+00 -6.61726765e+00
  -6.61726765e+00 -6.61726765e+00]
 [-2.28980078e-13 -2.28980078e-13 -2.28980078e-13 -2.28980078e-13
  -2.28980078e-13 -2.28980078e-13 -2.28980078e-13 -2.28980078e-13
  -2.28980078e-13  7.55829596e+00]
 [-3.72370557e+00 -3.72370557e+00  2.26177210e+00 -9.04192680e+00
  -9.04192680e+00 -9.04192680e+00 -9.04192680e+00 -3.72370557e+00
  -3.72370557e+00 -9.04192680e+00]
 [-1.75214813e-10 -1.75214813e-10 -1.75214813e-10 -1.75214813e-10
  -1.75214813e-10 -6.62861271e+00 -1.75214813e-10 -1.75214813e-10
  -8.14879514e+00 -1.75214813e-10]
 [-1.83669770e-15 -1.83669770e-15 -1.83669770e-15 -1.83669770e-15
  -1.83669770e-15 -1.83669770e-15 -1.83669770e-15 -1.83669770e-15
  -1.83669770e-15 -1.83669770e-15]
 [-5.57147756e+00 -5.57147756e+00 -8.03033804e+00 -5.57147756e+00
  -5.57147756e+00 -5.57147756e+00 -5.57147756e+00 -5.57147756e+00
  -5.57147756e+00 -7.58848480e+00]
 [ 2.29423303e-05  2.29423303e-05  2.29423303e-05  2.29423303e-05
   2.29423303e-05  9.22299594e+00  2.29423303e-05  2.29423303e-05
   8.22689384e+00  2.29423303e-05]
 [-2.04721003e-06 -2.04721003e-06 -2.04721003e-06 -2.04721003e-06
  -2.04721003e-06  7.63640165e+00 -2.04721003e-06 -2.04721003e-06
  -2.04721003e-06 -2.04721003e-06]
 [-1.59792834e-08 -1.59792834e-08 -1.59792834e-08 -1.59792834e-08
  -1.59792834e-08 -1.59792834e-08 -1.59792834e-08 -1.59792834e-08
  -1.59792834e-08 -1.59792834e-08]
 [ 9.98214034e-10  9.98214034e-10  9.98214034e-10  9.98214034e-10
   9.98214034e-10  9.98214034e-10  9.98214034e-10  9.98214034e-10
   9.98214034e-10  9.98214034e-10]]
Train validation errors
[[37134812579.43152, 308773233354.0258], [37134812579.43152, 308773233354.0258], [22184804686.318985, 445025525440.2822], [152611454386.21857, 368238450183.0581], [152611454386.21857, 368238450183.0581], [5.048215347843538e+27, 9.812755335697522e+27], [152611340956.98138, 368237888462.9612], [37134812579.43152, 308773233354.0258], [2.4189648877656176e+24, 4.727283165535384e+24], [150440244719.0558, 363003852363.6715]]
Selected parents:
[[ 0.00000000e+00 -6.61726765e+00 -2.28980078e-13 -3.72370557e+00
  -1.75214813e-10 -1.83669770e-15 -5.57147756e+00  2.29423303e-05
  -2.04721003e-06 -1.59792834e-08  9.98214034e-10]
 [ 0.00000000e+00 -6.61726765e+00 -2.28980078e-13 -3.72370557e+00
  -1.75214813e-10 -1.83669770e-15 -5.57147756e+00  2.29423303e-05
  -2.04721003e-06 -1.59792834e-08  9.98214034e-10]
 [ 0.00000000e+00 -6.61726765e+00 -2.28980078e-13 -9.04192680e+00
  -1.75214813e-10 -1.83669770e-15 -5.57147756e+00  2.29423303e-05
  -2.04721003e-06 -1.59792834e-08  9.98214034e-10]
 [ 1.25009950e+00 -6.61726765e+00 -2.28980078e-13 -9.04192680e+00
  -1.75214813e-10 -1.83669770e-15 -5.57147756e+00  2.29423303e-05
  -2.04721003e-06 -1.59792834e-08  9.98214034e-10]
 [ 0.00000000e+00 -6.61726765e+00 -2.28980078e-13 -3.72370557e+00
  -1.75214813e-10 -1.83669770e-15 -5.57147756e+00  2.29423303e-05
  -2.04721003e-06 -1.59792834e-08  9.98214034e-10]
 [ 0.00000000e+00 -6.61726765e+00  7.55829596e+00 -9.04192680e+00
  -1.75214813e-10 -1.83669770e-15 -7.58848480e+00  2.29423303e-05
  -2.04721003e-06 -1.59792834e-08  9.98214034e-10]]Population:
[[ 0.00000000e+00  0.00000000e+00  9.75277436e-01  0.00000000e+00
   0.00000000e+00  8.70036900e-03  0.00000000e+00  0.00000000e+00
   0.00000000e+00  0.00000000e+00]
 [-6.61726765e+00 -6.61726765e+00  1.86140117e+00 -6.61726765e+00
  -6.61726765e+00 -6.61726765e+00 -6.61726765e+00 -6.61726765e+00
  -6.61726765e+00 -6.61726765e+00]
 [-2.28980078e-13  7.55829596e+00 -2.28980078e-13 -2.28980078e-13
  -2.28980078e-13 -2.28980078e-13 -2.28980078e-13  7.55829596e+00
  -2.28980078e-13 -2.28980078e-13]
 [-3.72370557e+00 -9.04192680e+00 -9.04192680e+00 -3.72370557e+00
   5.35524040e+00  1.90471299e+00 -9.04192680e+00 -9.04192680e+00
  -3.72370557e+00 -3.72370557e+00]
 [-1.75214813e-10 -1.75214813e-10 -1.75214813e-10 -1.75214813e-10
  -1.75214813e-10 -1.75214813e-10 -1.75214813e-10 -1.75214813e-10
  -1.75214813e-10 -1.75214813e-10]
 [-1.83669770e-15 -1.83669770e-15 -1.83669770e-15 -1.83669770e-15
  -1.83669770e-15 -1.83669770e-15  6.43546951e+00 -1.83669770e-15
  -1.83669770e-15 -1.83669770e-15]
 [-5.57147756e+00 -7.58848480e+00 -5.57147756e+00 -5.57147756e+00
   3.47911940e+00 -5.57147756e+00 -5.57147756e+00 -7.58848480e+00
  -5.57147756e+00 -5.57147756e+00]
 [ 2.29423303e-05  2.29423303e-05  2.29423303e-05  2.29423303e-05
   2.29423303e-05  2.29423303e-05  2.29423303e-05  2.29423303e-05
   2.29423303e-05  2.29423303e-05]
 [-2.04721003e-06 -2.04721003e-06 -2.04721003e-06 -2.04721003e-06
   3.27890300e+00 -2.04721003e-06 -9.48942868e+00 -2.04721003e-06
  -2.04721003e-06 -2.04721003e-06]
 [-1.59792834e-08 -1.59792834e-08 -1.59792834e-08 -7.76655759e+00
  -1.59792834e-08 -1.59792834e-08 -1.59792834e-08 -1.59792834e-08
  -1.59792834e-08 -1.59792834e-08]
 [ 9.98214034e-10  9.98214034e-10 -1.16649467e+00  9.98214034e-10
   9.98214034e-10  9.98214034e-10  9.98214034e-10  9.98214034e-10
   9.98214034e-10  9.98214034e-10]]
Train validation errors
[[37134812579.43152, 308773233354.0258], [150440244719.0558, 363003852363.6715], [6.175442505202212e+32, 1.1683167555031654e+33], [1.1633606820881612e+31, 2.2302577176007983e+31], [8.878272483586867e+26, 1.7212905127146983e+27], [19660366312.445473, 430862101255.57825], [1.5183648983868585e+43, 1.545097957258123e+43], [150440244719.0558, 363003852363.6715], [37134812579.43152, 308773233354.0258], [37134812579.43152, 308773233354.0258]]
Selected parents:
[[ 0.00000000e+00 -6.61726765e+00 -2.28980078e-13 -3.72370557e+00
  -1.75214813e-10 -1.83669770e-15 -5.57147756e+00  2.29423303e-05
  -2.04721003e-06 -1.59792834e-08  9.98214034e-10]
 [ 0.00000000e+00 -6.61726765e+00  7.55829596e+00 -9.04192680e+00
  -1.75214813e-10 -1.83669770e-15 -7.58848480e+00  2.29423303e-05
  -2.04721003e-06 -1.59792834e-08  9.98214034e-10]
 [ 8.70036900e-03 -6.61726765e+00 -2.28980078e-13  1.90471299e+00
  -1.75214813e-10 -1.83669770e-15 -5.57147756e+00  2.29423303e-05
  -2.04721003e-06 -1.59792834e-08  9.98214034e-10]
 [ 0.00000000e+00 -6.61726765e+00  7.55829596e+00 -9.04192680e+00
  -1.75214813e-10 -1.83669770e-15 -7.58848480e+00  2.29423303e-05
  -2.04721003e-06 -1.59792834e-08  9.98214034e-10]
 [ 0.00000000e+00 -6.61726765e+00 -2.28980078e-13 -3.72370557e+00
  -1.75214813e-10 -1.83669770e-15 -5.57147756e+00  2.29423303e-05
  -2.04721003e-06 -1.59792834e-08  9.98214034e-10]
 [ 0.00000000e+00 -6.61726765e+00 -2.28980078e-13 -3.72370557e+00
  -1.75214813e-10 -1.83669770e-15 -5.57147756e+00  2.29423303e-05
  -2.04721003e-06 -1.59792834e-08  9.98214034e-10]]Population:
[[ 0.00000000e+00  0.00000000e+00  0.00000000e+00  0.00000000e+00
   0.00000000e+00  0.00000000e+00  0.00000000e+00  0.00000000e+00
   0.00000000e+00  0.00000000e+00]
 [-6.61726765e+00 -6.61726765e+00 -6.61726765e+00 -6.61726765e+00
  -6.61726765e+00  7.46915798e+00 -6.61726765e+00 -6.61726765e+00
  -1.01521951e-01 -6.61726765e+00]
 [ 7.55829596e+00  7.55829596e+00 -2.28980078e-13 -2.28980078e-13
   7.55829596e+00 -2.28980078e-13 -2.28980078e-13  7.55829596e+00
  -2.28980078e-13 -2.28980078e-13]
 [-9.04192680e+00 -9.04192680e+00 -3.72370557e+00 -3.72370557e+00
  -9.04192680e+00 -3.72370557e+00 -3.72370557e+00 -9.04192680e+00
  -8.09349783e+00 -3.72370557e+00]
 [-1.75214813e-10 -1.75214813e-10 -8.74485669e+00 -1.75214813e-10
  -1.75214813e-10 -1.75214813e-10 -1.75214813e-10 -1.75214813e-10
  -1.75214813e-10 -1.75214813e-10]
 [-1.83669770e-15 -1.83669770e-15 -1.83669770e-15 -1.83669770e-15
  -1.83669770e-15 -8.34598559e-01 -1.83669770e-15 -1.83669770e-15
  -1.83669770e-15 -1.83669770e-15]
 [-7.58848480e+00 -7.58848480e+00 -5.57147756e+00 -5.57147756e+00
  -7.58848480e+00 -5.57147756e+00 -5.57147756e+00 -7.58848480e+00
  -5.57147756e+00 -5.57147756e+00]
 [ 2.29423303e-05  2.29423303e-05  2.29423303e-05  2.29423303e-05
   2.29423303e-05  2.29423303e-05 -1.55452271e+00  2.29423303e-05
   2.29423303e-05  2.29423303e-05]
 [-2.04721003e-06 -2.04721003e-06 -2.04721003e-06 -2.04721003e-06
  -2.04721003e-06  9.69405699e+00 -2.04721003e-06 -2.04721003e-06
  -2.04721003e-06 -2.04721003e-06]
 [-1.59792834e-08 -1.59792834e-08 -1.59792834e-08 -1.59792834e-08
  -3.70267827e+00 -7.43165184e+00 -1.59792834e-08 -1.59792834e-08
  -1.59792834e-08 -1.59792834e-08]
 [ 9.98214034e-10  9.98214034e-10  9.98214034e-10  9.98214034e-10
   6.63346431e-01  9.98214034e-10  2.71560581e+00  9.98214034e-10
   9.98214034e-10  9.98214034e-10]]
Train validation errors
[[150440244719.0558, 363003852363.6715], [150440244719.0558, 363003852363.6715], [258861238076526.2, 479366973663932.4], [37134812579.43152, 308773233354.0258], [1.5722592801063447e+32, 2.954082097129517e+32], [2.5537351741093543e+41, 2.5987077934078187e+41], [3.346815585271969e+33, 6.331754852044875e+33], [150440244719.0558, 363003852363.6715], [124862866252.078, 345076524367.2138], [37134812579.43152, 308773233354.0258]]
Selected parents:
[[ 0.00000000e+00 -6.61726765e+00  7.55829596e+00 -9.04192680e+00
  -1.75214813e-10 -1.83669770e-15 -7.58848480e+00  2.29423303e-05
  -2.04721003e-06 -1.59792834e-08  9.98214034e-10]
 [ 0.00000000e+00 -6.61726765e+00  7.55829596e+00 -9.04192680e+00
  -1.75214813e-10 -1.83669770e-15 -7.58848480e+00  2.29423303e-05
  -2.04721003e-06 -1.59792834e-08  9.98214034e-10]
 [ 0.00000000e+00 -6.61726765e+00 -2.28980078e-13 -3.72370557e+00
  -1.75214813e-10 -1.83669770e-15 -5.57147756e+00  2.29423303e-05
  -2.04721003e-06 -1.59792834e-08  9.98214034e-10]
 [ 0.00000000e+00 -6.61726765e+00  7.55829596e+00 -9.04192680e+00
  -1.75214813e-10 -1.83669770e-15 -7.58848480e+00  2.29423303e-05
  -2.04721003e-06 -1.59792834e-08  9.98214034e-10]
 [ 0.00000000e+00 -1.01521951e-01 -2.28980078e-13 -8.09349783e+00
  -1.75214813e-10 -1.83669770e-15 -5.57147756e+00  2.29423303e-05
  -2.04721003e-06 -1.59792834e-08  9.98214034e-10]
 [ 0.00000000e+00 -6.61726765e+00 -2.28980078e-13 -3.72370557e+00
  -1.75214813e-10 -1.83669770e-15 -5.57147756e+00  2.29423303e-05
  -2.04721003e-06 -1.59792834e-08  9.98214034e-10]]Best offspring gen errors:
[[1.33094625e+10 3.66141689e+11]
 [1.52611454e+11 3.68238450e+11]
 [1.52611454e+11 3.68238450e+11]
 [1.52611454e+11 3.68238450e+11]
 [1.52611454e+11 3.68238450e+11]
 [3.71348126e+10 3.08773233e+11]
 [3.71348126e+10 3.08773233e+11]
 [1.50440245e+11 3.63003852e+11]
 [1.50440245e+11 3.63003852e+11]
 [1.24862866e+11 3.45076524e+11]]