Fitness funtion: -1 * (train_validation_error[:, 1] + train_validation_error[:, 0])
Initialed with the best that we have until now
Starting all over again with new root population
No of generations: 10
Population size: 10
Mutation coefficient: 0.2
Split point: 7
Two offspring per pair
Population:
[[ 0.00000000e+00  9.05691340e+00  6.41771390e+00 -5.54305750e+00
   9.05691340e+00  0.00000000e+00  9.05691340e+00 -7.16910264e+00
  -5.54305750e+00 -2.08344969e+00]
 [-1.45799022e-12 -1.45799022e-12 -1.45799022e-12 -3.76795004e+00
   3.86104934e+00 -1.45799022e-12 -2.97613104e+00 -1.45799022e-12
  -3.76795004e+00  6.50982112e+00]
 [-7.01389535e+00 -7.01389535e+00 -7.01389535e+00  9.34201729e+00
  -4.56516393e+00 -6.17250599e+00 -9.28599912e+00 -3.84193857e+00
   9.34201729e+00  9.34201729e+00]
 [-1.85064577e+00 -2.53489167e+00 -4.22040570e+00 -1.85064577e+00
  -4.22040570e+00 -1.85064577e+00 -2.53489167e+00 -4.22040570e+00
  -4.22040570e+00 -2.56368873e+00]
 [-1.75214813e-10 -1.75214813e-10 -1.75214813e-10  8.92167083e-02
   7.93201277e+00  4.10989788e+00  1.67751381e-01  6.12237504e+00
   4.10989788e+00  4.10989788e+00]
 [-1.83669770e-15 -1.83669770e-15 -9.55257524e+00 -1.83669770e-15
   9.32793287e+00 -1.83669770e-15 -3.62467564e+00 -1.09092409e+00
  -1.09092409e+00 -1.09092409e+00]
 [ 8.38742005e+00  8.38742005e+00  6.07493417e+00  3.79464012e+00
   2.49482683e+00  9.43382395e+00  6.39804068e+00  2.90886331e+00
   3.79464012e+00  4.88051638e+00]
 [ 2.29423303e-05  2.29423303e-05  2.29423303e-05  2.29423303e-05
   3.12464737e+00  2.29423303e-05  2.29423303e-05  2.29423303e-05
   2.29423303e-05 -9.13297924e+00]
 [-2.04721003e-06 -2.04721003e-06 -2.04721003e-06  9.86456530e+00
  -6.93044607e+00 -2.04721003e-06  7.04178667e+00 -2.04721003e-06
   3.53454446e+00  9.86456530e+00]
 [-1.59792834e-08 -1.59792834e-08 -4.31995381e-01  1.77720578e+00
   3.60194468e+00  1.52226294e+00 -1.59792834e-08 -1.59792834e-08
   1.77720578e+00 -1.98519954e+00]
 [ 9.98214034e-10  9.98214034e-10  8.51624818e+00  8.13549391e+00
   2.38044633e+00  2.38044633e+00  9.98214034e-10  9.98214034e-10
  -9.19275346e+00  9.98214034e-10]]
Train validation errors
[[19504238674.657555, 326602506064.6344], [24789772668.810997, 317657414885.4774], [3.3452749722655663e+43, 3.404107266971193e+43], [3.0335275454627884e+34, 5.740379185369507e+34], [3.190023201802446e+43, 3.2462069800661905e+43], [2.638709549780248e+33, 4.995234271554903e+33], [4.816748528862569e+42, 4.901554486090276e+42], [4.363196441883925e+41, 4.440017028720441e+41], [4.365545694062389e+41, 4.4432223077441736e+41], [4.363205751628399e+41, 4.440029822493158e+41]]
Selected parents:
[[ 0.00000000e+00 -1.45799022e-12 -7.01389535e+00 -1.85064577e+00
  -1.75214813e-10 -1.83669770e-15  8.38742005e+00  2.29423303e-05
  -2.04721003e-06 -1.59792834e-08  9.98214034e-10]
 [ 9.05691340e+00 -1.45799022e-12 -7.01389535e+00 -2.53489167e+00
  -1.75214813e-10 -1.83669770e-15  8.38742005e+00  2.29423303e-05
  -2.04721003e-06 -1.59792834e-08  9.98214034e-10]
 [-5.54305750e+00 -3.76795004e+00  9.34201729e+00 -1.85064577e+00
   8.92167083e-02 -1.83669770e-15  3.79464012e+00  2.29423303e-05
   9.86456530e+00  1.77720578e+00  8.13549391e+00]
 [ 0.00000000e+00 -1.45799022e-12 -6.17250599e+00 -1.85064577e+00
   4.10989788e+00 -1.83669770e-15  9.43382395e+00  2.29423303e-05
  -2.04721003e-06  1.52226294e+00  2.38044633e+00]
 [-7.16910264e+00 -1.45799022e-12 -3.84193857e+00 -4.22040570e+00
   6.12237504e+00 -1.09092409e+00  2.90886331e+00  2.29423303e-05
  -2.04721003e-06 -1.59792834e-08  9.98214034e-10]
 [-2.08344969e+00  6.50982112e+00  9.34201729e+00 -2.56368873e+00
   4.10989788e+00 -1.09092409e+00  4.88051638e+00 -9.13297924e+00
   9.86456530e+00 -1.98519954e+00  9.98214034e-10]]Population:
[[ 0.00000000e+00  9.05691340e+00  0.00000000e+00 -7.59458492e+00
   0.00000000e+00 -6.75037653e+00  0.00000000e+00 -5.54305750e+00
   0.00000000e+00 -2.08344969e+00]
 [-1.45799022e-12 -1.45799022e-12 -1.45799022e-12 -1.45799022e-12
  -1.45799022e-12  6.18550667e+00 -3.56670621e+00 -3.76795004e+00
   5.48189406e+00  6.50982112e+00]
 [-7.01389535e+00 -7.01389535e+00 -7.01389535e+00 -6.17250599e+00
  -3.84193857e+00 -6.17250599e+00 -7.44315895e+00  9.34201729e+00
   8.05881289e+00 -2.34965472e-01]
 [-1.85064577e+00 -2.53489167e+00 -1.85064577e+00  5.64268621e+00
  -4.22040570e+00 -1.85064577e+00 -1.85064577e+00 -1.85064577e+00
  -7.69112221e+00 -2.56368873e+00]
 [-1.75214813e-10 -1.75214813e-10  4.10989788e+00  4.10989788e+00
  -3.33387514e+00  4.10989788e+00  2.99502367e+00  8.92167083e-02
   4.10989788e+00 -4.22129891e-01]
 [-1.83669770e-15 -1.83669770e-15 -1.83669770e-15 -4.24252839e+00
  -1.09092409e+00 -8.03910497e+00  7.91155696e+00 -1.83669770e-15
  -1.83669770e-15  3.67392390e+00]
 [ 8.38742005e+00  8.38742005e+00  9.43382395e+00 -1.68998342e+00
   2.90886331e+00  9.43382395e+00  3.79464012e+00  3.24575626e-02
   4.88051638e+00  8.38742005e+00]
 [ 2.29423303e-05  2.29423303e-05  1.38518975e+00  2.29423303e-05
   6.37652364e-01  2.29423303e-05 -2.38049413e+00  7.88953093e+00
   2.29423303e-05  7.72363315e-01]
 [-2.04721003e-06 -2.04721003e-06 -8.82211522e+00 -2.04721003e-06
  -4.69104903e-02 -2.04721003e-06 -2.04721003e-06  9.86456530e+00
  -2.04721003e-06  9.86456530e+00]
 [-1.59792834e-08 -1.59792834e-08 -3.29728772e+00 -5.88132585e+00
  -1.59792834e-08  1.52226294e+00  1.52226294e+00  1.52226294e+00
   5.91040930e+00 -2.25587831e+00]
 [ 9.98214034e-10  9.98214034e-10 -9.33116978e+00  2.38044633e+00
   9.98214034e-10 -6.10932947e+00  4.55133614e+00  8.13549391e+00
  -8.91714219e+00  9.98214034e-10]]
Train validation errors
[[19504238674.657555, 326602506064.6344], [24789772668.810997, 317657414885.4774], [4.0115355391713965e+34, 7.592055323032187e+34], [6.59857815570182e+42, 6.714677883168701e+42], [4.3631964454708216e+41, 4.440017033678807e+41], [2.3694751670732856e+43, 2.411233156685535e+43], [2.2948576500623954e+43, 2.3352916138679525e+43], [3.0297490798552162e+34, 5.7330567460366465e+34], [3.512580647579962e+34, 6.640853524988211e+34], [4.94852417254985e+42, 5.0356490427120885e+42]]
Selected parents:
[[ 0.00000000e+00 -1.45799022e-12 -7.01389535e+00 -1.85064577e+00
  -1.75214813e-10 -1.83669770e-15  8.38742005e+00  2.29423303e-05
  -2.04721003e-06 -1.59792834e-08  9.98214034e-10]
 [ 9.05691340e+00 -1.45799022e-12 -7.01389535e+00 -2.53489167e+00
  -1.75214813e-10 -1.83669770e-15  8.38742005e+00  2.29423303e-05
  -2.04721003e-06 -1.59792834e-08  9.98214034e-10]
 [ 0.00000000e+00 -1.45799022e-12 -7.01389535e+00 -1.85064577e+00
   4.10989788e+00 -1.83669770e-15  9.43382395e+00  1.38518975e+00
  -8.82211522e+00 -3.29728772e+00 -9.33116978e+00]
 [ 0.00000000e+00 -1.45799022e-12 -3.84193857e+00 -4.22040570e+00
  -3.33387514e+00 -1.09092409e+00  2.90886331e+00  6.37652364e-01
  -4.69104903e-02 -1.59792834e-08  9.98214034e-10]
 [-5.54305750e+00 -3.76795004e+00  9.34201729e+00 -1.85064577e+00
   8.92167083e-02 -1.83669770e-15  3.24575626e-02  7.88953093e+00
   9.86456530e+00  1.52226294e+00  8.13549391e+00]
 [ 0.00000000e+00  5.48189406e+00  8.05881289e+00 -7.69112221e+00
   4.10989788e+00 -1.83669770e-15  4.88051638e+00  2.29423303e-05
  -2.04721003e-06  5.91040930e+00 -8.91714219e+00]]Population:
[[ 0.00000000e+00  9.05691340e+00  0.00000000e+00  7.35206428e+00
  -5.54305750e+00  6.33134604e+00 -4.05252558e+00  0.00000000e+00
   9.05691340e+00 -1.26330315e+00]
 [-1.45799022e-12 -1.45799022e-12  7.76014094e+00 -1.45799022e-12
   6.52705086e+00 -6.21147095e+00  5.80446116e+00 -9.27382745e-01
  -1.45799022e-12  5.79381120e+00]
 [-7.01389535e+00 -7.01389535e+00 -2.47903522e+00 -7.01389535e+00
  -8.77228052e+00 -2.47118217e+00 -8.86529824e+00 -7.01389535e+00
  -7.01389535e+00  1.58323701e+00]
 [-1.85064577e+00 -2.53489167e+00 -2.53489167e+00 -1.85064577e+00
  -1.85064577e+00  1.38800921e-01 -1.85064577e+00 -2.53489167e+00
  -2.53489167e+00  6.44237239e+00]
 [-1.75214813e-10 -1.75214813e-10 -1.75214813e-10 -1.75214813e-10
   8.92167083e-02  8.87724195e+00 -1.75214813e-10 -2.56747708e+00
   9.50381795e+00 -1.75214813e-10]
 [-1.83669770e-15 -1.83669770e-15 -1.83669770e-15 -1.83669770e-15
  -1.83669770e-15 -1.83669770e-15 -1.83669770e-15 -1.83669770e-15
  -1.83669770e-15 -1.83669770e-15]
 [ 8.38742005e+00  8.38742005e+00  8.38742005e+00  8.38742005e+00
   3.24575626e-02  8.38742005e+00  1.03053797e+00  8.38742005e+00
   8.38742005e+00  8.38742005e+00]
 [ 2.29423303e-05  2.29423303e-05  2.29423303e-05  2.29423303e-05
   7.88953093e+00 -4.20717657e+00  2.29423303e-05  2.29423303e-05
   9.81477730e+00  2.29423303e-05]
 [-2.04721003e-06 -2.04721003e-06 -2.04721003e-06 -2.04721003e-06
   9.86456530e+00 -8.93557337e+00 -2.04721003e-06  6.98284564e+00
  -2.04721003e-06  2.58898949e+00]
 [-1.59792834e-08 -1.59792834e-08 -6.72012259e+00 -1.59792834e-08
   1.52226294e+00  1.52226294e+00 -1.59792834e-08  8.33098746e+00
   6.83177898e+00  5.63324183e+00]
 [ 9.98214034e-10  9.98214034e-10 -3.92264041e+00  9.98214034e-10
   9.98214034e-10  2.28574598e-01  1.82325663e+00  9.98214034e-10
   9.98214034e-10  6.46502739e+00]]
Train validation errors
[[19504238674.657555, 326602506064.6344], [24789772668.810997, 317657414885.4774], [7.476247408251451e+33, 1.4166996576248498e+34], [19504265519.18267, 326602752693.06146], [5.733938479620242e+29, 1.1076325023293053e+30], [2.9655528607665857e+31, 5.6384470790068815e+31], [1.5086835815692785e+33, 2.854241304455166e+33], [1.3840135859795908e+31, 2.6564290503790273e+31], [9.012784666228626e+30, 1.7278486739401014e+31], [1.96506741902143e+34, 3.720824504124088e+34]]
Selected parents:
[[ 0.00000000e+00 -1.45799022e-12 -7.01389535e+00 -1.85064577e+00
  -1.75214813e-10 -1.83669770e-15  8.38742005e+00  2.29423303e-05
  -2.04721003e-06 -1.59792834e-08  9.98214034e-10]
 [ 9.05691340e+00 -1.45799022e-12 -7.01389535e+00 -2.53489167e+00
  -1.75214813e-10 -1.83669770e-15  8.38742005e+00  2.29423303e-05
  -2.04721003e-06 -1.59792834e-08  9.98214034e-10]
 [ 7.35206428e+00 -1.45799022e-12 -7.01389535e+00 -1.85064577e+00
  -1.75214813e-10 -1.83669770e-15  8.38742005e+00  2.29423303e-05
  -2.04721003e-06 -1.59792834e-08  9.98214034e-10]
 [-5.54305750e+00  6.52705086e+00 -8.77228052e+00 -1.85064577e+00
   8.92167083e-02 -1.83669770e-15  3.24575626e-02  7.88953093e+00
   9.86456530e+00  1.52226294e+00  9.98214034e-10]
 [ 0.00000000e+00 -9.27382745e-01 -7.01389535e+00 -2.53489167e+00
  -2.56747708e+00 -1.83669770e-15  8.38742005e+00  2.29423303e-05
   6.98284564e+00  8.33098746e+00  9.98214034e-10]
 [ 9.05691340e+00 -1.45799022e-12 -7.01389535e+00 -2.53489167e+00
   9.50381795e+00 -1.83669770e-15  8.38742005e+00  9.81477730e+00
  -2.04721003e-06  6.83177898e+00  9.98214034e-10]]Population:
[[ 0.00000000e+00  9.05691340e+00  9.57843170e+00  0.00000000e+00
   7.35206428e+00 -8.43310671e+00  7.35206428e+00  7.35206428e+00
  -5.54305750e+00  9.92967809e+00]
 [-1.45799022e-12 -1.45799022e-12 -1.45799022e-12 -9.27382745e-01
   6.93346273e+00 -6.93188088e+00 -3.76942293e+00 -1.45799022e-12
   9.23900349e+00  6.52705086e+00]
 [-7.01389535e+00 -7.01389535e+00  3.59257093e+00 -7.01389535e+00
  -7.01389535e+00 -7.01389535e+00 -7.01389535e+00 -7.01389535e+00
   7.14459881e+00 -1.00457085e+00]
 [-1.85064577e+00 -2.53489167e+00 -4.23981362e+00 -2.53489167e+00
  -1.85064577e+00 -1.85064577e+00 -1.85064577e+00 -1.85064577e+00
  -2.53489167e+00 -2.53489167e+00]
 [-1.75214813e-10 -1.75214813e-10 -1.75214813e-10 -5.09523784e+00
   9.47936016e-01 -1.75214813e-10 -1.75214813e-10 -1.75214813e-10
  -1.75214813e-10  6.64438080e+00]
 [-1.83669770e-15 -1.83669770e-15 -1.83669770e-15 -1.83669770e-15
  -1.83669770e-15 -1.83669770e-15 -1.83669770e-15 -1.83669770e-15
   8.61137574e-01 -1.83669770e-15]
 [ 8.38742005e+00  8.38742005e+00  8.38742005e+00 -7.83110921e-01
   8.38742005e+00 -4.14836141e+00 -2.70560857e+00  8.38742005e+00
   4.63081112e+00  3.24575626e-02]
 [ 2.29423303e-05  2.29423303e-05  2.29423303e-05 -5.97663292e+00
   2.29423303e-05  2.29423303e-05  2.29423303e-05  9.31381321e-01
   2.29423303e-05 -5.11407733e+00]
 [-2.04721003e-06 -2.04721003e-06 -2.04721003e-06 -2.04721003e-06
  -5.40066851e+00 -2.04721003e-06  1.27588953e+00 -5.63809867e+00
  -4.27506613e+00  1.99437691e+00]
 [-1.59792834e-08 -1.59792834e-08 -9.10526172e-01  8.33098746e+00
  -1.59792834e-08 -1.59792834e-08 -1.59792834e-08 -1.59792834e-08
  -1.59792834e-08 -1.59792834e-08]
 [ 9.98214034e-10  9.98214034e-10 -3.27212554e+00 -5.48882191e+00
   9.98214034e-10  9.98214034e-10  9.98214034e-10  9.98214034e-10
   9.98214034e-10  5.97460596e+00]]
Train validation errors
[[19504238674.657555, 326602506064.6344], [24789772668.810997, 317657414885.4774], [4.9140662397339525e+33, 9.29936472634162e+33], [1.2846508008069286e+34, 2.42650649217739e+34], [2.4086043731717021e+27, 4.669723451623264e+27], [19536508722.76925, 326593371958.7086], [1.3443065738163858e+26, 2.6062978080686078e+26], [2.607952194707086e+27, 5.054319738975895e+27], [2.718696447641162e+41, 2.766563025631944e+41], [1.6204587102426685e+34, 3.0657152516693387e+34]]
Selected parents:
[[ 0.00000000e+00 -1.45799022e-12 -7.01389535e+00 -1.85064577e+00
  -1.75214813e-10 -1.83669770e-15  8.38742005e+00  2.29423303e-05
  -2.04721003e-06 -1.59792834e-08  9.98214034e-10]
 [ 9.05691340e+00 -1.45799022e-12 -7.01389535e+00 -2.53489167e+00
  -1.75214813e-10 -1.83669770e-15  8.38742005e+00  2.29423303e-05
  -2.04721003e-06 -1.59792834e-08  9.98214034e-10]
 [ 7.35206428e+00  6.93346273e+00 -7.01389535e+00 -1.85064577e+00
   9.47936016e-01 -1.83669770e-15  8.38742005e+00  2.29423303e-05
  -5.40066851e+00 -1.59792834e-08  9.98214034e-10]
 [-8.43310671e+00 -6.93188088e+00 -7.01389535e+00 -1.85064577e+00
  -1.75214813e-10 -1.83669770e-15 -4.14836141e+00  2.29423303e-05
  -2.04721003e-06 -1.59792834e-08  9.98214034e-10]
 [ 7.35206428e+00 -3.76942293e+00 -7.01389535e+00 -1.85064577e+00
  -1.75214813e-10 -1.83669770e-15 -2.70560857e+00  2.29423303e-05
   1.27588953e+00 -1.59792834e-08  9.98214034e-10]
 [ 7.35206428e+00 -1.45799022e-12 -7.01389535e+00 -1.85064577e+00
  -1.75214813e-10 -1.83669770e-15  8.38742005e+00  9.31381321e-01
  -5.63809867e+00 -1.59792834e-08  9.98214034e-10]]Population:
[[ 0.00000000e+00  9.05691340e+00  7.35206428e+00 -1.92278887e+00
   9.05691340e+00  5.86615424e+00  0.00000000e+00 -7.33090316e+00
  -8.43310671e+00 -9.99059511e+00]
 [-1.45799022e-12 -1.45799022e-12  6.93346273e+00 -4.93896446e+00
  -2.82197144e-02  8.78280598e+00 -3.76942293e+00 -3.76942293e+00
   8.75219632e+00 -3.07515529e+00]
 [-7.01389535e+00 -7.01389535e+00  4.57407212e+00 -7.01389535e+00
  -3.37724993e+00 -7.01389535e+00 -7.01389535e+00 -7.01389535e+00
   6.39076682e+00 -7.01389535e+00]
 [-1.85064577e+00 -2.53489167e+00 -1.85064577e+00 -1.85064577e+00
  -2.53489167e+00 -1.85064577e+00 -1.85064577e+00 -6.57878459e+00
  -1.85064577e+00  7.61484819e+00]
 [-1.75214813e-10 -1.75214813e-10 -2.22630458e+00 -5.55337536e+00
  -3.62930966e+00 -1.75214813e-10 -1.75214813e-10 -1.75214813e-10
  -5.99096286e+00 -1.75214813e-10]
 [-1.83669770e-15 -1.83669770e-15 -1.83669770e-15 -1.83669770e-15
  -1.83669770e-15 -8.44534749e+00 -1.83669770e-15 -1.83669770e-15
  -1.83669770e-15 -9.82016233e-01]
 [ 8.38742005e+00  8.38742005e+00 -2.70560857e+00  8.38742005e+00
   3.82775303e+00  8.62309468e+00 -9.56674550e+00  8.38742005e+00
  -4.14836141e+00 -4.14836141e+00]
 [ 2.29423303e-05  2.29423303e-05  2.29423303e-05  2.29423303e-05
   2.29423303e-05  1.34506913e+00  3.75203165e-01  2.29423303e-05
   4.02723173e+00  2.29423303e-05]
 [-2.04721003e-06 -2.04721003e-06  3.56789480e+00 -9.07424162e+00
  -2.04721003e-06 -2.04721003e-06  1.27588953e+00  4.82147870e+00
  -2.04721003e-06 -3.92583175e+00]
 [-1.59792834e-08 -1.59792834e-08 -1.59792834e-08  5.83295650e+00
  -1.59792834e-08 -1.59792834e-08 -8.96110080e+00 -9.76075347e+00
  -1.59792834e-08 -1.59792834e-08]
 [ 9.98214034e-10  9.98214034e-10 -2.63624049e+00  9.98214034e-10
   4.27903413e+00 -9.08960738e+00  9.98214034e-10  9.98214034e-10
   1.34287992e+00  9.98214034e-10]]
Train validation errors
[[19504238674.657555, 326602506064.6344], [24789772668.810997, 317657414885.4774], [3.150452264525368e+33, 5.960171630120872e+33], [6.159227905909902e+30, 1.177920507915588e+31], [8.309866831660546e+33, 1.572123236104022e+34], [2.615054408677314e+43, 2.6611589463177087e+43], [1.5398565550161628e+31, 2.951410586558198e+31], [1.8012633306992643e+31, 3.4506228846239164e+31], [8.184631414098948e+32, 1.5484342418121136e+33], [3.535518205979652e+41, 3.597766419605882e+41]]
Selected parents:
[[ 0.00000000e+00 -1.45799022e-12 -7.01389535e+00 -1.85064577e+00
  -1.75214813e-10 -1.83669770e-15  8.38742005e+00  2.29423303e-05
  -2.04721003e-06 -1.59792834e-08  9.98214034e-10]
 [ 9.05691340e+00 -1.45799022e-12 -7.01389535e+00 -2.53489167e+00
  -1.75214813e-10 -1.83669770e-15  8.38742005e+00  2.29423303e-05
  -2.04721003e-06 -1.59792834e-08  9.98214034e-10]
 [-1.92278887e+00 -4.93896446e+00 -7.01389535e+00 -1.85064577e+00
  -5.55337536e+00 -1.83669770e-15  8.38742005e+00  2.29423303e-05
  -9.07424162e+00  5.83295650e+00  9.98214034e-10]
 [ 0.00000000e+00 -3.76942293e+00 -7.01389535e+00 -1.85064577e+00
  -1.75214813e-10 -1.83669770e-15 -9.56674550e+00  3.75203165e-01
   1.27588953e+00 -8.96110080e+00  9.98214034e-10]
 [-7.33090316e+00 -3.76942293e+00 -7.01389535e+00 -6.57878459e+00
  -1.75214813e-10 -1.83669770e-15  8.38742005e+00  2.29423303e-05
   4.82147870e+00 -9.76075347e+00  9.98214034e-10]
 [-8.43310671e+00  8.75219632e+00  6.39076682e+00 -1.85064577e+00
  -5.99096286e+00 -1.83669770e-15 -4.14836141e+00  4.02723173e+00
  -2.04721003e-06 -1.59792834e-08  1.34287992e+00]]Population:
[[ 0.00000000e+00  9.05691340e+00  0.00000000e+00  0.00000000e+00
  -9.38416844e+00  0.00000000e+00  9.05691340e+00 -1.92278887e+00
  -1.92278887e+00  0.00000000e+00]
 [-1.45799022e-12 -1.45799022e-12 -8.45258045e+00 -7.10587555e+00
  -4.93896446e+00 -3.76942293e+00 -7.36493636e-01 -8.67258374e+00
  -1.37715227e+00  1.09403330e+00]
 [-7.01389535e+00 -7.01389535e+00 -7.01389535e+00 -1.24902742e+00
  -7.01389535e+00 -7.53872289e+00 -7.01389535e+00 -7.01389535e+00
  -7.01389535e+00 -5.60071083e+00]
 [-1.85064577e+00 -2.53489167e+00 -1.85064577e+00 -4.21681970e+00
  -9.16555775e+00 -1.85064577e+00  3.40996396e+00 -2.53489167e+00
  -1.85064577e+00 -1.85064577e+00]
 [-1.75214813e-10 -1.75214813e-10 -1.75214813e-10 -1.75214813e-10
  -5.70968714e+00  7.77384025e+00  5.75213570e-01 -5.55337536e+00
  -1.75214813e-10 -1.75214813e-10]
 [-1.83669770e-15 -1.83669770e-15 -1.83669770e-15 -1.83669770e-15
  -1.83669770e-15 -1.83669770e-15 -1.83669770e-15 -8.32010327e+00
   2.43926207e+00 -1.83669770e-15]
 [ 8.38742005e+00  8.38742005e+00  8.38742005e+00  6.69483938e+00
  -4.75071132e+00 -9.56674550e+00  8.38742005e+00  8.38742005e+00
   8.38742005e+00 -9.68586218e+00]
 [ 2.29423303e-05  2.29423303e-05 -8.77598488e-01 -3.46463581e+00
  -8.48771935e+00  9.69449075e+00  2.29423303e-05  2.29423303e-05
   2.29423303e-05  2.29423303e-05]
 [-2.04721003e-06 -2.04721003e-06 -9.36008900e+00  9.80570620e+00
   2.48300774e+00 -9.07424162e+00  9.42844324e+00 -9.07424162e+00
   2.73103461e+00 -1.64550564e+00]
 [-1.59792834e-08 -1.59792834e-08 -8.96110080e+00  1.74871024e+00
  -8.96110080e+00 -8.96110080e+00 -3.21979546e+00  5.83295650e+00
   5.79089356e+00  4.64401143e+00]
 [ 9.98214034e-10  9.98214034e-10 -3.94713610e+00 -5.53236756e+00
   7.57223244e+00  6.90729000e+00  9.98214034e-10  4.40474427e+00
  -7.14933050e+00  6.51310641e+00]]
Train validation errors
[[19504238674.657555, 326602506064.6344], [24789772668.810997, 317657414885.4774], [7.750968363689815e+33, 1.4695070553816365e+34], [1.3692942707857977e+34, 2.5896543269847824e+34], [2.4798133507234632e+34, 4.685718731960652e+34], [2.05083704292286e+34, 3.874598960857278e+34], [1.7719100850179499e+30, 3.3806027367029414e+30], [2.537803547567164e+43, 2.5824546823482053e+43], [2.1809832209677608e+42, 2.2192429344341463e+42], [1.9807751275528185e+34, 3.7499779529885046e+34]]
Selected parents:
[[ 0.00000000e+00 -1.45799022e-12 -7.01389535e+00 -1.85064577e+00
  -1.75214813e-10 -1.83669770e-15  8.38742005e+00  2.29423303e-05
  -2.04721003e-06 -1.59792834e-08  9.98214034e-10]
 [ 9.05691340e+00 -1.45799022e-12 -7.01389535e+00 -2.53489167e+00
  -1.75214813e-10 -1.83669770e-15  8.38742005e+00  2.29423303e-05
  -2.04721003e-06 -1.59792834e-08  9.98214034e-10]
 [ 0.00000000e+00 -8.45258045e+00 -7.01389535e+00 -1.85064577e+00
  -1.75214813e-10 -1.83669770e-15  8.38742005e+00 -8.77598488e-01
  -9.36008900e+00 -8.96110080e+00 -3.94713610e+00]
 [ 0.00000000e+00 -7.10587555e+00 -1.24902742e+00 -4.21681970e+00
  -1.75214813e-10 -1.83669770e-15  6.69483938e+00 -3.46463581e+00
   9.80570620e+00  1.74871024e+00 -5.53236756e+00]
 [ 9.05691340e+00 -7.36493636e-01 -7.01389535e+00  3.40996396e+00
   5.75213570e-01 -1.83669770e-15  8.38742005e+00  2.29423303e-05
   9.42844324e+00 -3.21979546e+00  9.98214034e-10]
 [ 0.00000000e+00  1.09403330e+00 -5.60071083e+00 -1.85064577e+00
  -1.75214813e-10 -1.83669770e-15 -9.68586218e+00  2.29423303e-05
  -1.64550564e+00  4.64401143e+00  6.51310641e+00]]