Fitness funtion: -1 * (train_validation_error[:, 1] + train_validation_error[:, 0])
Initialed with the best that we have until now
Starting all over again with new root population
No of generations: 10
Population size: 10
Mutation coefficient: 0.2
Split point: 7
Two offspring per pair
Population:
[[ 0.00000000e+00  0.00000000e+00  0.00000000e+00  0.00000000e+00
   0.00000000e+00  0.00000000e+00  0.00000000e+00  0.00000000e+00
  -9.66377823e+00  0.00000000e+00]
 [-1.45799022e-12 -1.45799022e-12 -1.45799022e-12 -1.45799022e-12
  -1.45799022e-12 -1.45799022e-12 -1.45799022e-12 -1.45799022e-12
  -1.45799022e-12 -1.45799022e-12]
 [-2.28980078e-13 -2.28980078e-13  5.89072250e-01 -2.28980078e-13
  -2.28980078e-13 -2.28980078e-13 -2.28980078e-13 -2.28980078e-13
  -2.28980078e-13 -2.28980078e-13]
 [ 2.55839773e+00  4.62010753e-11  4.62010753e-11  4.62010753e-11
   4.62010753e-11  4.62010753e-11  4.62010753e-11  4.62010753e-11
   4.62010753e-11  4.62010753e-11]
 [-1.75214813e-10 -1.75214813e-10 -1.75214813e-10  2.80951291e+00
  -1.75214813e-10  8.50973822e+00  1.58371531e+00 -1.75214813e-10
  -1.75214813e-10 -1.75214813e-10]
 [-1.83669770e-15 -1.83669770e-15 -1.83669770e-15 -1.83669770e-15
  -1.83669770e-15 -1.83669770e-15 -1.83669770e-15  6.21558672e+00
  -1.83669770e-15 -1.83669770e-15]
 [ 8.52944060e-16  8.52944060e-16 -9.52005113e+00  8.52944060e-16
   8.52944060e-16  8.52944060e-16  8.52944060e-16  8.52944060e-16
   8.52944060e-16  7.13589019e+00]
 [ 2.29423303e-05  2.29423303e-05  2.29423303e-05  2.29423303e-05
   2.29423303e-05 -7.49545146e+00  2.29423303e-05  2.29423303e-05
   2.29423303e-05 -2.94672262e+00]
 [-2.04721003e-06 -5.71674490e+00 -2.04721003e-06 -2.04721003e-06
  -2.04721003e-06 -2.04721003e-06 -2.04721003e-06 -2.04721003e-06
  -2.04721003e-06 -2.04721003e-06]
 [-1.59792834e-08 -1.59792834e-08 -1.59792834e-08 -1.59792834e-08
  -1.59792834e-08 -1.59792834e-08 -5.66654645e+00  8.79917204e+00
  -1.59792834e-08 -1.59792834e-08]
 [-9.01963549e+00  9.98214034e-10  9.98214034e-10  9.98214034e-10
   9.98214034e-10  1.25800825e+00  6.37939827e+00  2.91151669e+00
   9.98214034e-10  9.98214034e-10]]
Train validation errors
[[3.6921602089274037e+34, 6.985106949883005e+34], [2.698783831713372e+27, 5.232313908258435e+27], [13542418518.0493, 368591195741.2096], [26592211301645.67, 54393608277288.17], [13510723304.19212, 368296592820.6967], [7.181669642926426e+32, 1.358675439656574e+33], [1.7811909148673112e+34, 3.366700934977723e+34], [1.4164257326394674e+43, 1.4413797131478007e+43], [13510330342.927153, 368294913311.2963], [3.103505023470663e+23, 6.065059082918459e+23]]
Selected parents:
[[ 0.00000000e+00 -1.45799022e-12 -2.28980078e-13  4.62010753e-11
  -1.75214813e-10 -1.83669770e-15  8.52944060e-16  2.29423303e-05
  -5.71674490e+00 -1.59792834e-08  9.98214034e-10]
 [ 0.00000000e+00 -1.45799022e-12  5.89072250e-01  4.62010753e-11
  -1.75214813e-10 -1.83669770e-15 -9.52005113e+00  2.29423303e-05
  -2.04721003e-06 -1.59792834e-08  9.98214034e-10]
 [ 0.00000000e+00 -1.45799022e-12 -2.28980078e-13  4.62010753e-11
   2.80951291e+00 -1.83669770e-15  8.52944060e-16  2.29423303e-05
  -2.04721003e-06 -1.59792834e-08  9.98214034e-10]
 [ 0.00000000e+00 -1.45799022e-12 -2.28980078e-13  4.62010753e-11
  -1.75214813e-10 -1.83669770e-15  8.52944060e-16  2.29423303e-05
  -2.04721003e-06 -1.59792834e-08  9.98214034e-10]
 [-9.66377823e+00 -1.45799022e-12 -2.28980078e-13  4.62010753e-11
  -1.75214813e-10 -1.83669770e-15  8.52944060e-16  2.29423303e-05
  -2.04721003e-06 -1.59792834e-08  9.98214034e-10]
 [ 0.00000000e+00 -1.45799022e-12 -2.28980078e-13  4.62010753e-11
  -1.75214813e-10 -1.83669770e-15  7.13589019e+00 -2.94672262e+00
  -2.04721003e-06 -1.59792834e-08  9.98214034e-10]]Population:
[[ 0.00000000e+00 -9.66377823e+00  9.13049620e+00  0.00000000e+00
   0.00000000e+00  8.49711446e+00  0.00000000e+00  6.31528491e+00
  -5.18710319e+00  0.00000000e+00]
 [-1.45799022e-12 -1.45799022e-12 -1.45799022e-12 -6.97623277e+00
  -1.45799022e-12 -1.45799022e-12 -1.45799022e-12 -1.45799022e-12
  -1.45799022e-12 -1.45799022e-12]
 [-2.28980078e-13 -2.28980078e-13 -2.28980078e-13  7.17409354e+00
  -7.87129162e+00  2.33844512e+00 -2.28980078e-13  4.83708030e-01
  -2.28980078e-13 -2.28980078e-13]
 [ 4.62010753e-11  4.62010753e-11 -9.44968306e+00  4.62010753e-11
   4.62010753e-11  4.62010753e-11  4.62010753e-11  4.62010753e-11
   4.62010753e-11  4.62010753e-11]
 [-1.75214813e-10 -1.75214813e-10  2.80951291e+00  6.65888872e+00
   4.33034397e+00 -5.20370486e+00 -1.75214813e-10  8.50007287e+00
  -1.75214813e-10 -1.75214813e-10]
 [-1.83669770e-15 -1.83669770e-15 -1.83669770e-15  7.88581037e+00
  -1.83669770e-15 -1.83669770e-15 -1.83669770e-15 -9.96233452e-01
   1.22552380e+00 -1.83669770e-15]
 [ 8.52944060e-16  8.52944060e-16  8.52944060e-16  8.52944060e-16
   8.52944060e-16 -9.52005113e+00 -9.52005113e+00 -3.56216976e+00
   8.52944060e-16  8.52944060e-16]
 [ 2.29423303e-05  2.29423303e-05  3.64691188e-01  3.41153179e-01
   2.29423303e-05  2.29423303e-05  2.29423303e-05  2.29423303e-05
  -3.10062269e+00  2.29423303e-05]
 [-2.04721003e-06 -2.04721003e-06  7.58867531e+00  7.16011227e-01
  -2.04721003e-06 -2.04721003e-06  5.23463255e+00 -2.04721003e-06
  -2.04721003e-06 -2.04721003e-06]
 [-1.59792834e-08 -1.59792834e-08 -9.06657461e+00 -1.59792834e-08
  -2.12372913e+00 -1.59792834e-08 -1.59792834e-08 -1.59792834e-08
  -1.59792834e-08 -6.63918741e+00]
 [ 9.98214034e-10  9.98214034e-10  9.98214034e-10  9.98214034e-10
  -7.02305168e+00  4.16582220e+00  9.98214034e-10  8.23866123e+00
   9.98214034e-10 -5.26227471e+00]]
Train validation errors
[[13510723304.19212, 368296592820.6967], [13510330342.927153, 368294913311.2963], [1.5326023021595073e+31, 2.934404398784011e+31], [2.2798609399432296e+43, 2.320001297255299e+43], [2.265972121152106e+34, 4.288220514132001e+34], [7.875969447079006e+33, 1.4900352587363063e+34], [2.262786232693627e+27, 4.387016108340071e+27], [3.6367004335980074e+41, 3.700060953536826e+41], [5.506291437991324e+41, 5.603237915833251e+41], [1.321783337389083e+34, 2.5036725286674605e+34]]
Selected parents:
[[ 0.00000000e+00 -1.45799022e-12 -2.28980078e-13  4.62010753e-11
  -1.75214813e-10 -1.83669770e-15  8.52944060e-16  2.29423303e-05
  -2.04721003e-06 -1.59792834e-08  9.98214034e-10]
 [-9.66377823e+00 -1.45799022e-12 -2.28980078e-13  4.62010753e-11
  -1.75214813e-10 -1.83669770e-15  8.52944060e-16  2.29423303e-05
  -2.04721003e-06 -1.59792834e-08  9.98214034e-10]
 [ 9.13049620e+00 -1.45799022e-12 -2.28980078e-13 -9.44968306e+00
   2.80951291e+00 -1.83669770e-15  8.52944060e-16  3.64691188e-01
   7.58867531e+00 -9.06657461e+00  9.98214034e-10]
 [ 8.49711446e+00 -1.45799022e-12  2.33844512e+00  4.62010753e-11
  -5.20370486e+00 -1.83669770e-15 -9.52005113e+00  2.29423303e-05
  -2.04721003e-06 -1.59792834e-08  4.16582220e+00]
 [ 0.00000000e+00 -1.45799022e-12 -2.28980078e-13  4.62010753e-11
  -1.75214813e-10 -1.83669770e-15 -9.52005113e+00  2.29423303e-05
   5.23463255e+00 -1.59792834e-08  9.98214034e-10]
 [ 0.00000000e+00 -1.45799022e-12 -2.28980078e-13  4.62010753e-11
  -1.75214813e-10 -1.83669770e-15  8.52944060e-16  2.29423303e-05
  -2.04721003e-06 -6.63918741e+00 -5.26227471e+00]]