Fitness funtion: -1 * (train_error)
Initialed with the best that we have until now
Starting all over again with new root population
No of generations: 5
Population size: 10
Mutation coefficient: 0.2
Split point: 7
Two offspring per pair

Population:
[[-8.82646063e-01 -1.40551374e-12 -2.72328283e-13  4.30878207e-11
  -2.28864960e-10 -1.20809573e-15  8.57463659e-16  2.29423303e-05
  -2.04721003e-06 -1.77183268e-08  9.98214034e-10]
 [-8.82646063e-01 -3.04240243e-12 -2.78631790e-13  6.04360560e-11
  -2.28864960e-10 -1.86060132e-15  8.87078986e-16  2.39063190e-05
  -2.04721003e-06 -1.54381848e-08  9.61918560e-10]
 [-8.82646063e-01 -2.94015583e-12 -2.68160228e-13  6.39839277e-11
  -3.05168992e-10 -1.34904782e-15  7.90679648e-16  3.25485004e-05
  -1.87338177e-06 -2.00363604e-08  9.81420891e-10]
 [-8.82646063e-01 -2.94015583e-12 -2.68160228e-13  6.39839277e-11
  -2.38207864e-10 -1.80244727e-15  9.68735505e-16  3.13255070e-05
  -2.50413596e-06 -3.16009089e-09  9.24647083e-10]
 [-8.82646063e-01 -2.26674827e-12 -2.43268043e-13  7.01542457e-11
  -2.02152538e-10 -7.77514035e-16  8.49738440e-16  2.05450900e-05
  -1.05839759e-06 -1.54381848e-08  9.61918560e-10]
 [-8.82646063e-01 -1.32648809e-12 -2.76189646e-13  6.04360560e-11
  -1.73491070e-10 -1.11924807e-15  8.49738440e-16  2.41641846e-05
  -2.59829604e-06 -2.03590004e-08  9.31860189e-10]
 [-9.28907999e-01 -8.14332342e-13 -2.44936232e-13  4.30878207e-11
  -2.28864960e-10 -1.20809573e-15  8.24971831e-16  2.49014829e-05
  -1.68446374e-06 -9.77650433e-09  9.74958789e-10]
 [-8.82646063e-01 -2.94015583e-12 -2.94299108e-13  6.04360560e-11
  -2.22977507e-10 -1.11924807e-15  8.44299127e-16  3.13255070e-05
  -2.04721003e-06 -1.78188603e-08  1.06771889e-09]
 [-8.82646063e-01 -3.67298285e-12 -2.94299108e-13  6.04360560e-11
  -2.22977507e-10 -1.11924807e-15  8.44553953e-16  3.85053301e-05
  -1.69140840e-06 -2.97679053e-08  1.01051837e-09]
 [-8.82646063e-01 -3.04240243e-12 -2.32989112e-13  6.98918643e-11
  -2.28864960e-10 -1.19968627e-15  8.79941915e-16  1.80446807e-05
  -2.04721003e-06 -2.24910531e-08  1.50662204e-09]]
Train validation errors
[[2.15295851e+11 3.52399237e+11]
 [1.59524424e+11 1.72043916e+11]
 [2.24860035e+12 6.03251892e+12]
 [4.77654336e+12 6.43296253e+12]
 [7.38283444e+13 1.46926878e+14]
 [5.90633479e+13 1.09749491e+14]
 [3.83500094e+13 8.00810203e+13]
 [6.92767302e+12 1.55571346e+13]
 [9.24321512e+11 1.91878444e+12]
 [5.68227545e+13 1.09268522e+14]]
Selected parents:
[[-8.82646063e-01 -8.82646063e-01 -8.82646063e-01 -8.82646063e-01
  -8.82646063e-01 -8.82646063e-01]
 [-1.40551374e-12 -3.04240243e-12 -2.94015583e-12 -2.94015583e-12
  -2.94015583e-12 -3.67298285e-12]
 [-2.72328283e-13 -2.78631790e-13 -2.68160228e-13 -2.68160228e-13
  -2.94299108e-13 -2.94299108e-13]
 [ 4.30878207e-11  6.04360560e-11  6.39839277e-11  6.39839277e-11
   6.04360560e-11  6.04360560e-11]
 [-2.28864960e-10 -2.28864960e-10 -3.05168992e-10 -2.38207864e-10
  -2.22977507e-10 -2.22977507e-10]
 [-1.20809573e-15 -1.86060132e-15 -1.34904782e-15 -1.80244727e-15
  -1.11924807e-15 -1.11924807e-15]
 [ 8.57463659e-16  8.87078986e-16  7.90679648e-16  9.68735505e-16
   8.44299127e-16  8.44553953e-16]
 [ 2.29423303e-05  2.39063190e-05  3.25485004e-05  3.13255070e-05
   3.13255070e-05  3.85053301e-05]
 [-2.04721003e-06 -2.04721003e-06 -1.87338177e-06 -2.50413596e-06
  -2.04721003e-06 -1.69140840e-06]
 [-1.77183268e-08 -1.54381848e-08 -2.00363604e-08 -3.16009089e-09
  -1.78188603e-08 -2.97679053e-08]
 [ 9.98214034e-10  9.61918560e-10  9.81420891e-10  9.24647083e-10
   1.06771889e-09  1.01051837e-09]]
After cross over and mutation:
[[-8.82646063e-01 -1.40551374e-12 -2.72328283e-13  4.30878207e-11
  -2.28864960e-10 -1.20809573e-15  8.57463659e-16  2.29423303e-05
  -2.04721003e-06 -1.77183268e-08  9.98214034e-10]
 [-8.82646063e-01 -3.04240243e-12 -2.78631790e-13  6.04360560e-11
  -2.28864960e-10 -1.86060132e-15  8.87078986e-16  2.39063190e-05
  -2.04721003e-06 -1.54381848e-08  9.61918560e-10]
 [-8.39084496e-01 -2.94015583e-12 -2.50496764e-13  6.04360560e-11
  -2.22977507e-10 -1.11924807e-15  8.14453410e-16  2.39063190e-05
  -2.04721003e-06 -1.54381848e-08  9.61918560e-10]
 [-8.82646063e-01 -3.93300196e-12 -3.39538104e-13  6.90304606e-11
  -2.28864960e-10 -6.76023819e-16  9.63898225e-16  2.39063190e-05
  -2.04721003e-06 -1.54381848e-08  9.61918560e-10]
 [-8.82646063e-01 -3.04240243e-12 -3.30353966e-13  6.04360560e-11
  -2.83877973e-10 -2.65228776e-15  9.41341340e-16  2.39063190e-05
  -2.04721003e-06 -1.77183268e-08  9.61918560e-10]
 [-8.50140457e-01 -1.78337291e-12 -2.72328283e-13  4.30878207e-11
  -2.28864960e-10 -1.86060132e-15  9.03131366e-16  2.29423303e-05
  -2.04721003e-06 -1.77183268e-08  9.98214034e-10]
 [-8.82646063e-01 -1.40551374e-12 -2.72328283e-13  3.73036755e-11
  -2.28864960e-10 -1.11924807e-15  8.57463659e-16  2.29423303e-05
  -1.69140840e-06 -2.15163839e-08  1.81701562e-09]
 [-8.82646063e-01 -3.67298285e-12 -2.23109732e-13  6.04360560e-11
  -1.65267896e-10 -1.11924807e-15  7.67780978e-16  3.85053301e-05
  -2.89245549e-06 -2.97679053e-08  1.57866155e-09]
 [-8.37013953e-01 -3.80066442e-12 -3.76860213e-13  6.39839277e-11
  -2.29009749e-10 -1.34904782e-15  8.44299127e-16  3.13255070e-05
  -2.04721003e-06 -1.86302503e-08  1.06771889e-09]
 [-9.22217079e-01 -2.94015583e-12 -2.68160228e-13  6.04360560e-11
  -3.50885629e-10 -1.34904782e-15  7.55171528e-16  3.13255070e-05
  -1.47689618e-06 -2.40192142e-08  9.81420891e-10]]
Population:
[[-8.82646063e-01 -1.40551374e-12 -2.72328283e-13  4.30878207e-11
  -2.28864960e-10 -1.20809573e-15  8.57463659e-16  2.29423303e-05
  -2.04721003e-06 -1.77183268e-08  9.98214034e-10]
 [-8.82646063e-01 -3.04240243e-12 -2.78631790e-13  6.04360560e-11
  -2.28864960e-10 -1.86060132e-15  8.87078986e-16  2.39063190e-05
  -2.04721003e-06 -1.54381848e-08  9.61918560e-10]
 [-8.39084496e-01 -2.94015583e-12 -2.50496764e-13  6.04360560e-11
  -2.22977507e-10 -1.11924807e-15  8.14453410e-16  2.39063190e-05
  -2.04721003e-06 -1.54381848e-08  9.61918560e-10]
 [-8.82646063e-01 -3.93300196e-12 -3.39538104e-13  6.90304606e-11
  -2.28864960e-10 -6.76023819e-16  9.63898225e-16  2.39063190e-05
  -2.04721003e-06 -1.54381848e-08  9.61918560e-10]
 [-8.82646063e-01 -3.04240243e-12 -3.30353966e-13  6.04360560e-11
  -2.83877973e-10 -2.65228776e-15  9.41341340e-16  2.39063190e-05
  -2.04721003e-06 -1.77183268e-08  9.61918560e-10]
 [-8.50140457e-01 -1.78337291e-12 -2.72328283e-13  4.30878207e-11
  -2.28864960e-10 -1.86060132e-15  9.03131366e-16  2.29423303e-05
  -2.04721003e-06 -1.77183268e-08  9.98214034e-10]
 [-8.82646063e-01 -1.40551374e-12 -2.72328283e-13  3.73036755e-11
  -2.28864960e-10 -1.11924807e-15  8.57463659e-16  2.29423303e-05
  -1.69140840e-06 -2.15163839e-08  1.81701562e-09]
 [-8.82646063e-01 -3.67298285e-12 -2.23109732e-13  6.04360560e-11
  -1.65267896e-10 -1.11924807e-15  7.67780978e-16  3.85053301e-05
  -2.89245549e-06 -2.97679053e-08  1.57866155e-09]
 [-8.37013953e-01 -3.80066442e-12 -3.76860213e-13  6.39839277e-11
  -2.29009749e-10 -1.34904782e-15  8.44299127e-16  3.13255070e-05
  -2.04721003e-06 -1.86302503e-08  1.06771889e-09]
 [-9.22217079e-01 -2.94015583e-12 -2.68160228e-13  6.04360560e-11
  -3.50885629e-10 -1.34904782e-15  7.55171528e-16  3.13255070e-05
  -1.47689618e-06 -2.40192142e-08  9.81420891e-10]]
Train validation errors
[[2.15295851e+11 3.52399237e+11]
 [1.59524424e+11 1.72043916e+11]
 [5.11127748e+10 3.21721705e+11]
 [1.78785537e+11 6.07084424e+11]
 [3.28048886e+12 3.79671128e+12]
 [6.08276693e+11 6.31313843e+11]
 [3.49337580e+14 6.72555532e+14]
 [4.32717019e+12 9.29315891e+12]
 [4.62323560e+12 1.10723919e+13]
 [1.02231729e+13 2.22614990e+13]]
Selected parents:
[[-8.82646063e-01 -8.82646063e-01 -8.39084496e-01 -8.82646063e-01
  -8.82646063e-01 -8.50140457e-01]
 [-1.40551374e-12 -3.04240243e-12 -2.94015583e-12 -3.93300196e-12
  -3.04240243e-12 -1.78337291e-12]
 [-2.72328283e-13 -2.78631790e-13 -2.50496764e-13 -3.39538104e-13
  -3.30353966e-13 -2.72328283e-13]
 [ 4.30878207e-11  6.04360560e-11  6.04360560e-11  6.90304606e-11
   6.04360560e-11  4.30878207e-11]
 [-2.28864960e-10 -2.28864960e-10 -2.22977507e-10 -2.28864960e-10
  -2.83877973e-10 -2.28864960e-10]
 [-1.20809573e-15 -1.86060132e-15 -1.11924807e-15 -6.76023819e-16
  -2.65228776e-15 -1.86060132e-15]
 [ 8.57463659e-16  8.87078986e-16  8.14453410e-16  9.63898225e-16
   9.41341340e-16  9.03131366e-16]
 [ 2.29423303e-05  2.39063190e-05  2.39063190e-05  2.39063190e-05
   2.39063190e-05  2.29423303e-05]
 [-2.04721003e-06 -2.04721003e-06 -2.04721003e-06 -2.04721003e-06
  -2.04721003e-06 -2.04721003e-06]
 [-1.77183268e-08 -1.54381848e-08 -1.54381848e-08 -1.54381848e-08
  -1.77183268e-08 -1.77183268e-08]
 [ 9.98214034e-10  9.61918560e-10  9.61918560e-10  9.61918560e-10
   9.61918560e-10  9.98214034e-10]]
After cross over and mutation:
[[-8.82646063e-01 -3.04240243e-12 -2.78631790e-13  6.04360560e-11
  -2.28864960e-10 -1.86060132e-15  8.87078986e-16  2.39063190e-05
  -2.04721003e-06 -1.54381848e-08  9.61918560e-10]
 [-8.39084496e-01 -2.94015583e-12 -2.50496764e-13  6.04360560e-11
  -2.22977507e-10 -1.11924807e-15  8.14453410e-16  2.39063190e-05
  -2.04721003e-06 -1.54381848e-08  9.61918560e-10]
 [-8.82646063e-01 -3.93300196e-12 -1.90536527e-13  4.06630394e-11
  -2.28864960e-10 -2.06309113e-15  9.13655351e-16  2.29423303e-05
  -2.24888911e-06 -1.77183268e-08  9.61918560e-10]
 [-8.45812082e-01 -1.78337291e-12 -3.39538104e-13  3.90113210e-11
  -2.70401476e-10 -1.86060132e-15  9.45842134e-16  2.29423303e-05
  -2.04721003e-06 -1.54381848e-08  9.68370426e-10]
 [-8.82646063e-01 -3.87577120e-12 -3.39538104e-13  5.62876434e-11
  -2.28864960e-10 -1.24439621e-15  8.91640547e-16  2.79835403e-05
  -2.04721003e-06 -1.54381848e-08  1.00338567e-09]
 [-8.52865046e-01 -3.20213300e-12 -2.78631790e-13  6.04360560e-11
  -1.82481417e-10 -1.65964644e-15  8.29508107e-16  2.54161739e-05
  -1.31074660e-06 -1.54381848e-08  1.01825975e-09]
 [-8.50140457e-01 -1.78337291e-12 -2.19260784e-13  3.56142258e-11
  -2.28864960e-10 -2.65228776e-15  9.03131366e-16  2.96391389e-05
  -1.45231390e-06 -1.05426464e-08  9.98214034e-10]
 [-8.10834379e-01 -3.04240243e-12 -3.30353966e-13  6.04360560e-11
  -2.70565093e-10 -2.65228776e-15  9.41341340e-16  2.29423303e-05
  -2.48424942e-06 -1.77183268e-08  9.66850521e-10]
 [-8.39084496e-01 -2.94015583e-12 -3.00754544e-13  5.84478191e-11
  -2.28864960e-10 -1.85397207e-15  9.47121752e-16  2.19689054e-05
  -2.04721003e-06 -1.93760708e-08  9.98214034e-10]
 [-8.37496683e-01 -1.40551374e-12 -2.72328283e-13  5.43612208e-11
  -2.22977507e-10 -1.20809573e-15  8.14453410e-16  2.44695477e-05
  -2.04721003e-06 -2.38325038e-08  1.00836127e-09]]
Population:
[[-8.82646063e-01 -3.04240243e-12 -2.78631790e-13  6.04360560e-11
  -2.28864960e-10 -1.86060132e-15  8.87078986e-16  2.39063190e-05
  -2.04721003e-06 -1.54381848e-08  9.61918560e-10]
 [-8.39084496e-01 -2.94015583e-12 -2.50496764e-13  6.04360560e-11
  -2.22977507e-10 -1.11924807e-15  8.14453410e-16  2.39063190e-05
  -2.04721003e-06 -1.54381848e-08  9.61918560e-10]
 [-8.82646063e-01 -3.93300196e-12 -1.90536527e-13  4.06630394e-11
  -2.28864960e-10 -2.06309113e-15  9.13655351e-16  2.29423303e-05
  -2.24888911e-06 -1.77183268e-08  9.61918560e-10]
 [-8.45812082e-01 -1.78337291e-12 -3.39538104e-13  3.90113210e-11
  -2.70401476e-10 -1.86060132e-15  9.45842134e-16  2.29423303e-05
  -2.04721003e-06 -1.54381848e-08  9.68370426e-10]
 [-8.82646063e-01 -3.87577120e-12 -3.39538104e-13  5.62876434e-11
  -2.28864960e-10 -1.24439621e-15  8.91640547e-16  2.79835403e-05
  -2.04721003e-06 -1.54381848e-08  1.00338567e-09]
 [-8.52865046e-01 -3.20213300e-12 -2.78631790e-13  6.04360560e-11
  -1.82481417e-10 -1.65964644e-15  8.29508107e-16  2.54161739e-05
  -1.31074660e-06 -1.54381848e-08  1.01825975e-09]
 [-8.50140457e-01 -1.78337291e-12 -2.19260784e-13  3.56142258e-11
  -2.28864960e-10 -2.65228776e-15  9.03131366e-16  2.96391389e-05
  -1.45231390e-06 -1.05426464e-08  9.98214034e-10]
 [-8.10834379e-01 -3.04240243e-12 -3.30353966e-13  6.04360560e-11
  -2.70565093e-10 -2.65228776e-15  9.41341340e-16  2.29423303e-05
  -2.48424942e-06 -1.77183268e-08  9.66850521e-10]
 [-8.39084496e-01 -2.94015583e-12 -3.00754544e-13  5.84478191e-11
  -2.28864960e-10 -1.85397207e-15  9.47121752e-16  2.19689054e-05
  -2.04721003e-06 -1.93760708e-08  9.98214034e-10]
 [-8.37496683e-01 -1.40551374e-12 -2.72328283e-13  5.43612208e-11
  -2.22977507e-10 -1.20809573e-15  8.14453410e-16  2.44695477e-05
  -2.04721003e-06 -2.38325038e-08  1.00836127e-09]]
Train validation errors
[[1.59524424e+11 1.72043916e+11]
 [5.11127748e+10 3.21721705e+11]
 [1.20445303e+13 1.94236882e+13]
 [1.82217091e+11 2.02535685e+11]
 [2.65135183e+12 6.61187336e+12]
 [6.23847393e+13 1.29718973e+14]
 [7.30438575e+13 1.58096611e+14]
 [3.38763227e+13 5.70049766e+13]
 [2.83174088e+12 3.89665557e+12]
 [6.81327846e+12 1.12911382e+13]]
Selected parents:
[[-8.82646063e-01 -8.39084496e-01 -8.45812082e-01 -8.82646063e-01
  -8.39084496e-01 -8.37496683e-01]
 [-3.04240243e-12 -2.94015583e-12 -1.78337291e-12 -3.87577120e-12
  -2.94015583e-12 -1.40551374e-12]
 [-2.78631790e-13 -2.50496764e-13 -3.39538104e-13 -3.39538104e-13
  -3.00754544e-13 -2.72328283e-13]
 [ 6.04360560e-11  6.04360560e-11  3.90113210e-11  5.62876434e-11
   5.84478191e-11  5.43612208e-11]
 [-2.28864960e-10 -2.22977507e-10 -2.70401476e-10 -2.28864960e-10
  -2.28864960e-10 -2.22977507e-10]
 [-1.86060132e-15 -1.11924807e-15 -1.86060132e-15 -1.24439621e-15
  -1.85397207e-15 -1.20809573e-15]
 [ 8.87078986e-16  8.14453410e-16  9.45842134e-16  8.91640547e-16
   9.47121752e-16  8.14453410e-16]
 [ 2.39063190e-05  2.39063190e-05  2.29423303e-05  2.79835403e-05
   2.19689054e-05  2.44695477e-05]
 [-2.04721003e-06 -2.04721003e-06 -2.04721003e-06 -2.04721003e-06
  -2.04721003e-06 -2.04721003e-06]
 [-1.54381848e-08 -1.54381848e-08 -1.54381848e-08 -1.54381848e-08
  -1.93760708e-08 -2.38325038e-08]
 [ 9.61918560e-10  9.61918560e-10  9.68370426e-10  1.00338567e-09
   9.98214034e-10  1.00836127e-09]]
After cross over and mutation:
[[-8.82646063e-01 -3.04240243e-12 -2.78631790e-13  6.04360560e-11
  -2.28864960e-10 -1.86060132e-15  8.87078986e-16  2.39063190e-05
  -2.04721003e-06 -1.54381848e-08  9.61918560e-10]
 [-8.39084496e-01 -2.94015583e-12 -2.50496764e-13  6.04360560e-11
  -2.22977507e-10 -1.11924807e-15  8.14453410e-16  2.39063190e-05
  -2.04721003e-06 -1.54381848e-08  9.61918560e-10]
 [-9.20940160e-01 -3.34089383e-12 -3.68203093e-13  6.04360560e-11
  -2.28864960e-10 -1.86060132e-15  8.87078986e-16  2.90551465e-05
  -1.39754716e-06 -2.18617217e-08  9.61918560e-10]
 [-7.63281422e-01 -2.82166387e-12 -2.94761633e-13  6.67553759e-11
  -2.77047918e-10 -1.85397207e-15  8.87078986e-16  2.07473013e-05
  -2.80199766e-06 -2.09420377e-08  9.98214034e-10]
 [-8.93661911e-01 -3.87577120e-12 -2.97642648e-13  4.85365289e-11
  -2.83232867e-10 -1.08626753e-15  8.91640547e-16  2.18421359e-05
  -2.04721003e-06 -1.54381848e-08  1.00338567e-09]
 [-8.39084496e-01 -2.68740781e-12 -2.83042447e-13  5.45903143e-11
  -2.10287582e-10 -1.85397207e-15  9.24125333e-16  2.19689054e-05
  -2.04721003e-06 -2.74483489e-08  1.08131334e-09]
 [-8.82646063e-01 -3.04240243e-12 -3.53407887e-13  6.04360560e-11
  -2.28864960e-10 -1.86060132e-15  8.52583479e-16  2.51349933e-05
  -2.04721003e-06 -2.38325038e-08  9.61918560e-10]
 [-8.37496683e-01 -2.19483971e-12 -3.48977146e-13  5.43612208e-11
  -2.75549384e-10 -1.86060132e-15  8.14453410e-16  2.44695477e-05
  -2.08844429e-06 -1.53804827e-08  9.37862350e-10]
 [-7.75938191e-01 -9.16376932e-13 -2.78631790e-13  3.94098375e-11
  -3.36635818e-10 -1.19673353e-15  8.87078986e-16  2.39063190e-05
  -2.04721003e-06 -7.73904459e-09  9.08573320e-10]
 [-8.45812082e-01 -3.04240243e-12 -3.39538104e-13  6.04360560e-11
  -2.28864960e-10 -1.28959462e-15  8.08855931e-16  2.29423303e-05
  -2.04721003e-06 -2.10006043e-08  1.00657588e-09]]
Population:
[[-8.82646063e-01 -3.04240243e-12 -2.78631790e-13  6.04360560e-11
  -2.28864960e-10 -1.86060132e-15  8.87078986e-16  2.39063190e-05
  -2.04721003e-06 -1.54381848e-08  9.61918560e-10]
 [-8.39084496e-01 -2.94015583e-12 -2.50496764e-13  6.04360560e-11
  -2.22977507e-10 -1.11924807e-15  8.14453410e-16  2.39063190e-05
  -2.04721003e-06 -1.54381848e-08  9.61918560e-10]
 [-9.20940160e-01 -3.34089383e-12 -3.68203093e-13  6.04360560e-11
  -2.28864960e-10 -1.86060132e-15  8.87078986e-16  2.90551465e-05
  -1.39754716e-06 -2.18617217e-08  9.61918560e-10]
 [-7.63281422e-01 -2.82166387e-12 -2.94761633e-13  6.67553759e-11
  -2.77047918e-10 -1.85397207e-15  8.87078986e-16  2.07473013e-05
  -2.80199766e-06 -2.09420377e-08  9.98214034e-10]
 [-8.93661911e-01 -3.87577120e-12 -2.97642648e-13  4.85365289e-11
  -2.83232867e-10 -1.08626753e-15  8.91640547e-16  2.18421359e-05
  -2.04721003e-06 -1.54381848e-08  1.00338567e-09]
 [-8.39084496e-01 -2.68740781e-12 -2.83042447e-13  5.45903143e-11
  -2.10287582e-10 -1.85397207e-15  9.24125333e-16  2.19689054e-05
  -2.04721003e-06 -2.74483489e-08  1.08131334e-09]
 [-8.82646063e-01 -3.04240243e-12 -3.53407887e-13  6.04360560e-11
  -2.28864960e-10 -1.86060132e-15  8.52583479e-16  2.51349933e-05
  -2.04721003e-06 -2.38325038e-08  9.61918560e-10]
 [-8.37496683e-01 -2.19483971e-12 -3.48977146e-13  5.43612208e-11
  -2.75549384e-10 -1.86060132e-15  8.14453410e-16  2.44695477e-05
  -2.08844429e-06 -1.53804827e-08  9.37862350e-10]
 [-7.75938191e-01 -9.16376932e-13 -2.78631790e-13  3.94098375e-11
  -3.36635818e-10 -1.19673353e-15  8.87078986e-16  2.39063190e-05
  -2.04721003e-06 -7.73904459e-09  9.08573320e-10]
 [-8.45812082e-01 -3.04240243e-12 -3.39538104e-13  6.04360560e-11
  -2.28864960e-10 -1.28959462e-15  8.08855931e-16  2.29423303e-05
  -2.04721003e-06 -2.10006043e-08  1.00657588e-09]]
Train validation errors
[[1.59524424e+11 1.72043916e+11]
 [5.11127748e+10 3.21721705e+11]
 [1.39914747e+13 3.12938045e+13]
 [8.82087871e+13 1.62862465e+14]
 [3.69967266e+11 1.32332490e+12]
 [1.22912075e+13 1.95813180e+13]
 [1.45099701e+13 2.37889440e+13]
 [1.30943603e+12 1.42062650e+12]
 [5.32070793e+12 1.17070002e+13]
 [3.02475302e+12 4.67011432e+12]]
Selected parents:
[[-8.82646063e-01 -8.39084496e-01 -8.93661911e-01 -8.37496683e-01
  -7.75938191e-01 -8.45812082e-01]
 [-3.04240243e-12 -2.94015583e-12 -3.87577120e-12 -2.19483971e-12
  -9.16376932e-13 -3.04240243e-12]
 [-2.78631790e-13 -2.50496764e-13 -2.97642648e-13 -3.48977146e-13
  -2.78631790e-13 -3.39538104e-13]
 [ 6.04360560e-11  6.04360560e-11  4.85365289e-11  5.43612208e-11
   3.94098375e-11  6.04360560e-11]
 [-2.28864960e-10 -2.22977507e-10 -2.83232867e-10 -2.75549384e-10
  -3.36635818e-10 -2.28864960e-10]
 [-1.86060132e-15 -1.11924807e-15 -1.08626753e-15 -1.86060132e-15
  -1.19673353e-15 -1.28959462e-15]
 [ 8.87078986e-16  8.14453410e-16  8.91640547e-16  8.14453410e-16
   8.87078986e-16  8.08855931e-16]
 [ 2.39063190e-05  2.39063190e-05  2.18421359e-05  2.44695477e-05
   2.39063190e-05  2.29423303e-05]
 [-2.04721003e-06 -2.04721003e-06 -2.04721003e-06 -2.08844429e-06
  -2.04721003e-06 -2.04721003e-06]
 [-1.54381848e-08 -1.54381848e-08 -1.54381848e-08 -1.53804827e-08
  -7.73904459e-09 -2.10006043e-08]
 [ 9.61918560e-10  9.61918560e-10  1.00338567e-09  9.37862350e-10
   9.08573320e-10  1.00657588e-09]]
After cross over and mutation:
[[-8.82646063e-01 -3.04240243e-12 -2.78631790e-13  6.04360560e-11
  -2.28864960e-10 -1.86060132e-15  8.87078986e-16  2.39063190e-05
  -2.04721003e-06 -1.54381848e-08  9.61918560e-10]
 [-8.39084496e-01 -2.94015583e-12 -2.50496764e-13  6.04360560e-11
  -2.22977507e-10 -1.11924807e-15  8.14453410e-16  2.39063190e-05
  -2.04721003e-06 -1.54381848e-08  9.61918560e-10]
 [-8.93661911e-01 -3.87577120e-12 -2.97642648e-13  4.85365289e-11
  -2.64471098e-10 -1.40887032e-15  9.47051861e-16  2.18421359e-05
  -2.57607052e-06 -1.53804827e-08  1.03424077e-09]
 [-8.37496683e-01 -2.19483971e-12 -3.12289172e-13  5.43612208e-11
  -2.75549384e-10 -2.41715231e-15  8.42083537e-16  2.44695477e-05
  -2.04721003e-06 -1.53804827e-08  9.37862350e-10]
 [-8.82646063e-01 -3.72118162e-12 -2.78631790e-13  6.04360560e-11
  -2.28864960e-10 -1.08626753e-15  8.87078986e-16  2.39063190e-05
  -2.04721003e-06 -7.34988004e-09  7.94160013e-10]
 [-8.93661911e-01 -3.72241519e-12 -3.04865891e-13  5.15889922e-11
  -2.57255120e-10 -1.11404770e-15  8.40417963e-16  1.50198276e-05
  -2.04721003e-06 -1.97082711e-08  1.11206326e-09]
 [-7.89117523e-01 -2.19039732e-12 -2.97642648e-13  6.04360560e-11
  -2.22977507e-10 -4.44020538e-16  8.07231572e-16  2.39063190e-05
  -2.04721003e-06 -1.51354985e-08  1.48696663e-09]
 [-8.04397122e-01 -3.50325907e-12 -2.97642648e-13  6.04360560e-11
  -2.83232867e-10 -1.47795346e-15  8.91640547e-16  2.18421359e-05
  -2.04721003e-06 -1.67833897e-08  1.02469977e-09]
 [-8.90542067e-01 -1.79712005e-12 -3.48977146e-13  6.48504007e-11
  -2.75549384e-10 -1.86060132e-15  8.14453410e-16  2.44695477e-05
  -2.20886146e-06 -1.91829809e-08  9.37862350e-10]
 [-9.19500859e-01 -2.94015583e-12 -2.15784695e-13  4.68567363e-11
  -1.77867077e-10 -2.35085372e-15  7.27733929e-16  2.44695477e-05
  -1.48867558e-06 -1.67591964e-08  9.61918560e-10]]
Population:
[[-8.82646063e-01 -3.04240243e-12 -2.78631790e-13  6.04360560e-11
  -2.28864960e-10 -1.86060132e-15  8.87078986e-16  2.39063190e-05
  -2.04721003e-06 -1.54381848e-08  9.61918560e-10]
 [-8.39084496e-01 -2.94015583e-12 -2.50496764e-13  6.04360560e-11
  -2.22977507e-10 -1.11924807e-15  8.14453410e-16  2.39063190e-05
  -2.04721003e-06 -1.54381848e-08  9.61918560e-10]
 [-8.93661911e-01 -3.87577120e-12 -2.97642648e-13  4.85365289e-11
  -2.64471098e-10 -1.40887032e-15  9.47051861e-16  2.18421359e-05
  -2.57607052e-06 -1.53804827e-08  1.03424077e-09]
 [-8.37496683e-01 -2.19483971e-12 -3.12289172e-13  5.43612208e-11
  -2.75549384e-10 -2.41715231e-15  8.42083537e-16  2.44695477e-05
  -2.04721003e-06 -1.53804827e-08  9.37862350e-10]
 [-8.82646063e-01 -3.72118162e-12 -2.78631790e-13  6.04360560e-11
  -2.28864960e-10 -1.08626753e-15  8.87078986e-16  2.39063190e-05
  -2.04721003e-06 -7.34988004e-09  7.94160013e-10]
 [-8.93661911e-01 -3.72241519e-12 -3.04865891e-13  5.15889922e-11
  -2.57255120e-10 -1.11404770e-15  8.40417963e-16  1.50198276e-05
  -2.04721003e-06 -1.97082711e-08  1.11206326e-09]
 [-7.89117523e-01 -2.19039732e-12 -2.97642648e-13  6.04360560e-11
  -2.22977507e-10 -4.44020538e-16  8.07231572e-16  2.39063190e-05
  -2.04721003e-06 -1.51354985e-08  1.48696663e-09]
 [-8.04397122e-01 -3.50325907e-12 -2.97642648e-13  6.04360560e-11
  -2.83232867e-10 -1.47795346e-15  8.91640547e-16  2.18421359e-05
  -2.04721003e-06 -1.67833897e-08  1.02469977e-09]
 [-8.90542067e-01 -1.79712005e-12 -3.48977146e-13  6.48504007e-11
  -2.75549384e-10 -1.86060132e-15  8.14453410e-16  2.44695477e-05
  -2.20886146e-06 -1.91829809e-08  9.37862350e-10]
 [-9.19500859e-01 -2.94015583e-12 -2.15784695e-13  4.68567363e-11
  -1.77867077e-10 -2.35085372e-15  7.27733929e-16  2.44695477e-05
  -1.48867558e-06 -1.67591964e-08  9.61918560e-10]]
Train validation errors
[[1.59524424e+11 1.72043916e+11]
 [5.11127748e+10 3.21721705e+11]
 [1.41008007e+13 2.47621495e+13]
 [1.18573857e+12 9.90928573e+11]
 [6.35487008e+11 2.29566016e+11]
 [6.42266412e+11 6.91071840e+11]
 [1.37651037e+14 2.65071595e+14]
 [8.83855645e+10 6.31391450e+11]
 [1.49323405e+13 2.47744578e+13]
 [1.59139635e+13 3.69129534e+13]]
Selected parents:
[[-8.82646063e-01 -8.39084496e-01 -8.37496683e-01 -8.82646063e-01
  -8.93661911e-01 -8.04397122e-01]
 [-3.04240243e-12 -2.94015583e-12 -2.19483971e-12 -3.72118162e-12
  -3.72241519e-12 -3.50325907e-12]
 [-2.78631790e-13 -2.50496764e-13 -3.12289172e-13 -2.78631790e-13
  -3.04865891e-13 -2.97642648e-13]
 [ 6.04360560e-11  6.04360560e-11  5.43612208e-11  6.04360560e-11
   5.15889922e-11  6.04360560e-11]
 [-2.28864960e-10 -2.22977507e-10 -2.75549384e-10 -2.28864960e-10
  -2.57255120e-10 -2.83232867e-10]
 [-1.86060132e-15 -1.11924807e-15 -2.41715231e-15 -1.08626753e-15
  -1.11404770e-15 -1.47795346e-15]
 [ 8.87078986e-16  8.14453410e-16  8.42083537e-16  8.87078986e-16
   8.40417963e-16  8.91640547e-16]
 [ 2.39063190e-05  2.39063190e-05  2.44695477e-05  2.39063190e-05
   1.50198276e-05  2.18421359e-05]
 [-2.04721003e-06 -2.04721003e-06 -2.04721003e-06 -2.04721003e-06
  -2.04721003e-06 -2.04721003e-06]
 [-1.54381848e-08 -1.54381848e-08 -1.53804827e-08 -7.34988004e-09
  -1.97082711e-08 -1.67833897e-08]
 [ 9.61918560e-10  9.61918560e-10  9.37862350e-10  7.94160013e-10
   1.11206326e-09  1.02469977e-09]]
After cross over and mutation:
[[-8.39084496e-01 -2.94015583e-12 -2.50496764e-13  6.04360560e-11
  -2.22977507e-10 -1.11924807e-15  8.14453410e-16  2.39063190e-05
  -2.04721003e-06 -1.54381848e-08  9.61918560e-10]
 [-8.04397122e-01 -3.50325907e-12 -2.97642648e-13  6.04360560e-11
  -2.83232867e-10 -1.47795346e-15  8.91640547e-16  2.18421359e-05
  -2.04721003e-06 -1.67833897e-08  1.02469977e-09]
 [-8.37566813e-01 -3.72118162e-12 -3.03545365e-13  5.81575883e-11
  -2.28864960e-10 -1.08626753e-15  8.52913561e-16  2.39063190e-05
  -2.04721003e-06 -1.54381848e-08  8.70887301e-10]
 [-7.81134835e-01 -4.38276665e-12 -2.50496764e-13  6.04360560e-11
  -1.84230796e-10 -3.40341310e-16  8.20401539e-16  3.14578930e-05
  -2.13127193e-06 -1.54381848e-08  7.94160013e-10]
 [-7.87222350e-01 -2.19483971e-12 -3.12289172e-13  5.60683884e-11
  -2.28864960e-10 -3.19582107e-15  9.25505875e-16  1.67862662e-05
  -2.73840573e-06 -7.13167968e-09  9.37862350e-10]
 [-8.82646063e-01 -3.72118162e-12 -2.63290934e-13  6.37235663e-11
  -2.75549384e-10 -1.08626753e-15  8.51033387e-16  2.39063190e-05
  -2.04721003e-06 -7.94719179e-09  9.37862350e-10]
 [-8.93661911e-01 -3.42050312e-12 -3.83706837e-13  5.68856031e-11
  -2.28864960e-10 -5.94327023e-16  8.40417963e-16  1.50198276e-05
  -2.04721003e-06 -1.97082711e-08  7.94160013e-10]
 [-9.00085463e-01 -3.33170294e-12 -2.78631790e-13  5.15889922e-11
  -2.17209303e-10 -2.69940433e-16  7.96029412e-16  2.77225620e-05
  -2.00368774e-06 -8.02698515e-09  7.94160013e-10]
 [-9.61834283e-01 -3.72118162e-12 -2.78631790e-13  5.43612208e-11
  -2.28864960e-10 -1.08626753e-15  8.80366432e-16  2.39063190e-05
  -2.04721003e-06 -7.34988004e-09  7.23557429e-10]
 [-7.61251064e-01 -1.52836163e-12 -3.12289172e-13  5.43612208e-11
  -2.68854099e-10 -2.97978365e-15  8.43944804e-16  2.44695477e-05
  -2.81257552e-06 -8.97215561e-09  9.37862350e-10]]Best offspring gen errors:
[[1.59524424e+11 1.72043916e+11]
 [5.11127748e+10 3.21721705e+11]
 [5.11127748e+10 3.21721705e+11]
 [5.11127748e+10 3.21721705e+11]
 [5.11127748e+10 3.21721705e+11]]