Fitness funtion: -1 * (train_validation_error[:, 1] + train_validation_error[:, 0])
Initialed with the best that we have until now
Starting all over again with new root population
No of generations: 10
Population size: 10
Mutation coefficient: 0.2
Split point: 7
Two offspring per pair
Population:
[[ 0.00000000e+00  7.90317454e-01  9.29161428e+00  0.00000000e+00
   0.00000000e+00  0.00000000e+00  0.00000000e+00 -9.48967621e+00
  -8.46051008e+00  0.00000000e+00]
 [-9.75835723e+00 -7.72443635e+00  4.60765813e+00 -2.87803022e+00
   4.60143010e+00 -9.75835723e+00 -9.75835723e+00 -6.38891351e+00
  -9.75835723e+00 -1.78838209e+00]
 [-2.28980078e-13  7.42605516e+00  6.69133816e+00 -2.28980078e-13
  -2.28980078e-13  5.96179677e-01  3.55218395e-01 -2.28980078e-13
  -3.74292207e-01 -2.28980078e-13]
 [ 1.07109860e+00  1.07109860e+00  1.07109860e+00  1.07109860e+00
   6.86555264e+00  1.07109860e+00  1.07109860e+00 -8.19986935e+00
  -9.26148918e+00  1.85589697e+00]
 [-3.38350486e-02 -1.75214813e-10 -1.75214813e-10 -1.75214813e-10
   5.14843940e+00 -1.75214813e-10 -1.75214813e-10 -6.58462904e+00
  -1.75214813e-10 -1.75214813e-10]
 [-1.83669770e-15 -1.83669770e-15 -1.70080377e+00 -4.10220906e+00
   8.58453571e+00 -1.83669770e-15 -1.83669770e-15 -1.83669770e-15
  -4.81835365e-02 -5.08081049e+00]
 [-1.66732438e+00  8.52944060e-16  8.52944060e-16  2.52901554e+00
   8.52944060e-16  8.31059733e+00  8.52944060e-16  2.13235028e+00
  -5.68524899e+00  5.75556996e+00]
 [ 2.29423303e-05  2.29423303e-05  2.29423303e-05  2.29423303e-05
   2.76830556e-01  2.29423303e-05 -3.68976038e+00  2.29423303e-05
   2.29423303e-05 -2.48961461e+00]
 [-2.04721003e-06 -2.04721003e-06  3.67856553e+00 -2.04721003e-06
  -7.60294937e+00 -2.04721003e-06 -2.04721003e-06 -2.04721003e-06
   6.03118681e+00 -2.04721003e-06]
 [-1.55897737e+00  3.42729777e+00 -1.59792834e-08 -1.59792834e-08
  -1.59792834e-08 -5.16912511e+00 -1.59792834e-08 -1.59792834e-08
  -1.59792834e-08 -1.59792834e-08]
 [ 9.98214034e-10  9.98214034e-10  9.98214034e-10  4.38760537e+00
   9.98214034e-10  9.98214034e-10  5.86693112e+00  7.58134936e+00
  -5.03759756e+00  9.98214034e-10]]
Train validation errors
[[4.687452332505024e+29, 8.986230061261703e+29], [2.2654836462143813e+30, 4.3431177163618053e+30], [1.0605327693987605e+42, 1.079205009642669e+42], [6.169095316924572e+42, 6.277564685536898e+42], [2.701775825802355e+43, 2.749344599190979e+43], [5.153370117521877e+30, 9.879432623259685e+30], [1.5621397592771992e+34, 2.9553721347697358e+34], [2.6085284871323555e+34, 4.935010788647747e+34], [8.568807267869807e+38, 8.739557424602791e+38], [9.464151677372709e+42, 9.6307821968951e+42]]
Selected parents:
[[ 0.00000000e+00 -9.75835723e+00 -2.28980078e-13  1.07109860e+00
  -3.38350486e-02 -1.83669770e-15 -1.66732438e+00  2.29423303e-05
  -2.04721003e-06 -1.55897737e+00  9.98214034e-10]
 [ 7.90317454e-01 -7.72443635e+00  7.42605516e+00  1.07109860e+00
  -1.75214813e-10 -1.83669770e-15  8.52944060e-16  2.29423303e-05
  -2.04721003e-06  3.42729777e+00  9.98214034e-10]
 [ 0.00000000e+00 -9.75835723e+00  5.96179677e-01  1.07109860e+00
  -1.75214813e-10 -1.83669770e-15  8.31059733e+00  2.29423303e-05
  -2.04721003e-06 -5.16912511e+00  9.98214034e-10]
 [ 0.00000000e+00 -9.75835723e+00  3.55218395e-01  1.07109860e+00
  -1.75214813e-10 -1.83669770e-15  8.52944060e-16 -3.68976038e+00
  -2.04721003e-06 -1.59792834e-08  5.86693112e+00]
 [-9.48967621e+00 -6.38891351e+00 -2.28980078e-13 -8.19986935e+00
  -6.58462904e+00 -1.83669770e-15  2.13235028e+00  2.29423303e-05
  -2.04721003e-06 -1.59792834e-08  7.58134936e+00]
 [-8.46051008e+00 -9.75835723e+00 -3.74292207e-01 -9.26148918e+00
  -1.75214813e-10 -4.81835365e-02 -5.68524899e+00  2.29423303e-05
   6.03118681e+00 -1.59792834e-08 -5.03759756e+00]]Population:
[[ 0.00000000e+00  7.90317454e-01  0.00000000e+00  0.00000000e+00
  -3.39182066e+00  7.90317454e-01  4.36213446e+00  6.87576992e+00
  -8.46051008e+00 -3.65344210e+00]
 [-9.75835723e+00 -7.72443635e+00 -7.36178529e+00 -7.72443635e+00
  -7.72443635e+00 -7.72443635e+00 -9.75835723e+00 -9.75835723e+00
  -6.38891351e+00 -9.13902297e+00]
 [-2.28980078e-13  7.42605516e+00 -2.28980078e-13  7.42605516e+00
   3.55218395e-01  7.42605516e+00 -2.28980078e-13 -2.28980078e-13
  -2.28980078e-13  1.33658024e+00]
 [ 1.07109860e+00  1.07109860e+00  1.07109860e+00  1.07109860e+00
   5.40905893e+00 -9.19257371e+00  1.07109860e+00  4.13304590e-01
   2.09220545e+00  3.75386688e+00]
 [-3.38350486e-02 -1.75214813e-10 -1.75214813e-10 -1.75214813e-10
   7.55091332e+00 -1.75214813e-10  5.09749153e+00  4.74891149e+00
  -6.58462904e+00 -5.19057381e+00]
 [-1.83669770e-15 -1.83669770e-15  3.63287631e+00  3.29307775e+00
   4.53808394e+00 -1.83669770e-15 -4.32913448e+00 -4.81835365e-02
  -5.46797915e+00 -1.28991812e+00]
 [-1.66732438e+00  8.52944060e-16  8.52944060e-16  8.52944060e-16
  -6.21392713e+00  8.52944060e-16 -5.68524899e+00 -5.68524899e+00
   2.13235028e+00 -5.68524899e+00]
 [ 2.29423303e-05  2.29423303e-05  2.29423303e-05  2.29423303e-05
   2.29423303e-05 -3.68976038e+00  2.29423303e-05  2.29423303e-05
  -5.14401792e+00  2.29423303e-05]
 [-2.04721003e-06 -2.04721003e-06  3.24167381e+00  3.40083481e+00
  -5.57600988e+00 -8.16717496e-01  4.98573544e+00  6.03118681e+00
  -2.04721003e-06  6.03118681e+00]
 [-1.55897737e+00  3.42729777e+00 -2.54684559e+00  5.48088506e+00
   6.81493712e+00  4.48812359e+00 -1.55897737e+00 -7.35998264e+00
  -1.59792834e-08 -1.83814599e+00]
 [ 9.98214034e-10  9.98214034e-10  5.90653787e+00  9.98214034e-10
   5.86693112e+00  5.86693112e+00  9.98214034e-10  9.98214034e-10
   7.58134936e+00  7.58134936e+00]]
Train validation errors
[[4.687452332505024e+29, 8.986230061261703e+29], [2.2654836462143813e+30, 4.3431177163618053e+30], [4.839069173489382e+42, 4.924441662887671e+42], [3.9757642156771936e+42, 4.045766600954105e+42], [7.550880513563135e+42, 7.684047350528705e+42], [1.6107124309104552e+34, 3.0495327978521877e+34], [6.870969849740611e+42, 6.991944606110447e+42], [8.513299790917133e+38, 8.663784241606785e+38], [1.0960510204793587e+43, 1.1153148332794758e+43], [6.0978534895262415e+41, 6.204421846235811e+41]]
Selected parents:
[[ 0.00000000e+00 -9.75835723e+00 -2.28980078e-13  1.07109860e+00
  -3.38350486e-02 -1.83669770e-15 -1.66732438e+00  2.29423303e-05
  -2.04721003e-06 -1.55897737e+00  9.98214034e-10]
 [ 7.90317454e-01 -7.72443635e+00  7.42605516e+00  1.07109860e+00
  -1.75214813e-10 -1.83669770e-15  8.52944060e-16  2.29423303e-05
  -2.04721003e-06  3.42729777e+00  9.98214034e-10]
 [ 0.00000000e+00 -7.72443635e+00  7.42605516e+00  1.07109860e+00
  -1.75214813e-10  3.29307775e+00  8.52944060e-16  2.29423303e-05
   3.40083481e+00  5.48088506e+00  9.98214034e-10]
 [ 7.90317454e-01 -7.72443635e+00  7.42605516e+00 -9.19257371e+00
  -1.75214813e-10 -1.83669770e-15  8.52944060e-16 -3.68976038e+00
  -8.16717496e-01  4.48812359e+00  5.86693112e+00]
 [ 6.87576992e+00 -9.75835723e+00 -2.28980078e-13  4.13304590e-01
   4.74891149e+00 -4.81835365e-02 -5.68524899e+00  2.29423303e-05
   6.03118681e+00 -7.35998264e+00  9.98214034e-10]
 [-3.65344210e+00 -9.13902297e+00  1.33658024e+00  3.75386688e+00
  -5.19057381e+00 -1.28991812e+00 -5.68524899e+00  2.29423303e-05
   6.03118681e+00 -1.83814599e+00  7.58134936e+00]]Population:
[[ 0.00000000e+00  7.90317454e-01  6.91402371e+00  6.87576992e+00
   7.90317454e-01  7.90317454e-01  2.35964195e+00  7.90317454e-01
   0.00000000e+00  7.49367688e+00]
 [-9.75835723e+00 -7.72443635e+00 -7.72443635e+00 -8.97090688e+00
  -7.72443635e+00 -3.72288591e+00  3.80721047e+00  6.12377718e+00
  -9.75835723e+00 -9.75835723e+00]
 [-2.28980078e-13  7.42605516e+00 -2.28980078e-13 -2.28980078e-13
  -9.79689482e+00  7.42605516e+00 -5.11770972e+00  1.33658024e+00
  -2.28980078e-13  4.61074444e+00]
 [ 1.07109860e+00  1.07109860e+00  1.07109860e+00  1.07109860e+00
  -9.19257371e+00  9.05278182e+00 -1.83005567e+00  1.07109860e+00
  -5.92036308e+00  1.07109860e+00]
 [-3.38350486e-02 -1.75214813e-10 -6.05516870e+00 -2.17546433e+00
  -8.85685799e+00 -1.75214813e-10 -5.19057381e+00 -1.75214813e-10
   2.84649799e+00 -3.38350486e-02]
 [-1.83669770e-15 -1.83669770e-15  3.29307775e+00 -4.81835365e-02
  -1.83669770e-15 -1.83669770e-15 -6.34945511e+00  8.16770641e+00
  -2.37646571e+00 -1.83669770e-15]
 [-1.66732438e+00  8.52944060e-16 -6.41606157e+00 -5.68524899e+00
   3.50965543e+00  8.52944060e-16  5.77139434e+00  8.52944060e-16
   1.06511894e+00  8.38318137e+00]
 [ 2.29423303e-05  2.29423303e-05 -9.08886496e-01  2.29423303e-05
   4.36424741e+00 -3.68976038e+00  2.29423303e-05 -3.13209914e+00
   2.29423303e-05  5.88785295e+00]
 [-2.04721003e-06 -2.04721003e-06 -3.23508645e+00 -4.80942633e+00
  -2.04721003e-06 -2.04721003e-06 -6.36621413e+00  9.52751161e+00
  -2.04721003e-06 -9.81867164e+00]
 [-1.55897737e+00  3.42729777e+00  4.19324026e+00  5.48088506e+00
   4.48812359e+00  8.70052494e+00 -1.83814599e+00 -8.23641036e+00
  -7.35998264e+00 -7.35998264e+00]
 [ 9.98214034e-10  9.98214034e-10  9.98214034e-10  9.98214034e-10
   5.86693112e+00  5.86693112e+00 -8.99973176e+00 -2.07040516e-01
   9.98214034e-10 -9.29538016e+00]]
Train validation errors
[[4.687452332505024e+29, 8.986230061261703e+29], [2.2654836462143813e+30, 4.3431177163618053e+30], [3.975761980719477e+42, 4.045763524498791e+42], [8.51039864790549e+38, 8.659794423089404e+38], [1.6109372478413625e+34, 3.049966562646225e+34], [1.6573717476554566e+34, 3.139961719937127e+34], [1.4781832430801305e+43, 1.5042556801211935e+43], [2.4457647011661466e+43, 2.488823540063479e+43], [2.070525350893309e+42, 2.1069830264766108e+42], [4.051619481967297e+34, 7.671153493937338e+34]]
Selected parents:
[[ 0.00000000e+00 -9.75835723e+00 -2.28980078e-13  1.07109860e+00
  -3.38350486e-02 -1.83669770e-15 -1.66732438e+00  2.29423303e-05
  -2.04721003e-06 -1.55897737e+00  9.98214034e-10]
 [ 7.90317454e-01 -7.72443635e+00  7.42605516e+00  1.07109860e+00
  -1.75214813e-10 -1.83669770e-15  8.52944060e-16  2.29423303e-05
  -2.04721003e-06  3.42729777e+00  9.98214034e-10]
 [ 6.87576992e+00 -8.97090688e+00 -2.28980078e-13  1.07109860e+00
  -2.17546433e+00 -4.81835365e-02 -5.68524899e+00  2.29423303e-05
  -4.80942633e+00  5.48088506e+00  9.98214034e-10]
 [ 7.90317454e-01 -7.72443635e+00 -9.79689482e+00 -9.19257371e+00
  -8.85685799e+00 -1.83669770e-15  3.50965543e+00  4.36424741e+00
  -2.04721003e-06  4.48812359e+00  5.86693112e+00]
 [ 7.90317454e-01 -3.72288591e+00  7.42605516e+00  9.05278182e+00
  -1.75214813e-10 -1.83669770e-15  8.52944060e-16 -3.68976038e+00
  -2.04721003e-06  8.70052494e+00  5.86693112e+00]
 [ 7.49367688e+00 -9.75835723e+00  4.61074444e+00  1.07109860e+00
  -3.38350486e-02 -1.83669770e-15  8.38318137e+00  5.88785295e+00
  -9.81867164e+00 -7.35998264e+00 -9.29538016e+00]]Population:
[[ 0.00000000e+00  7.90317454e-01 -7.21690673e+00  8.28229593e+00
   7.45293329e+00 -7.89225852e+00  5.84855768e+00  7.90317454e-01
   7.49367688e+00 -6.97276197e+00]
 [-9.75835723e+00 -7.72443635e+00 -8.97090688e+00 -3.37821663e+00
  -3.72288591e+00 -9.75835723e+00 -8.97090688e+00 -8.97090688e+00
   1.23119117e+00 -6.96280547e+00]
 [-2.28980078e-13  7.42605516e+00 -9.79689482e+00 -2.28980078e-13
   4.61074444e+00  8.60731836e+00 -6.70572972e+00  7.42605516e+00
  -2.28980078e-13  6.91531162e+00]
 [ 1.07109860e+00  1.07109860e+00 -9.97422169e+00  1.07109860e+00
   1.07109860e+00  9.05278182e+00 -3.89404129e+00 -1.25589394e+00
   2.79826505e+00 -1.87653936e+00]
 [-3.38350486e-02 -1.75214813e-10 -2.17546433e+00 -1.27134786e+00
   3.77854107e+00 -3.38350486e-02 -1.75214813e-10 -5.78590014e+00
  -3.38350486e-02 -3.38350486e-02]
 [-1.83669770e-15 -1.83669770e-15 -1.83669770e-15  2.82931596e+00
  -5.03370002e+00  4.89158176e+00 -4.34967502e+00 -4.81835365e-02
  -1.83669770e-15 -1.83669770e-15]
 [-1.66732438e+00  8.52944060e-16 -5.68524899e+00 -9.36219435e+00
   8.52944060e-16  8.38318137e+00  8.52944060e-16 -3.76613360e+00
   8.38318137e+00  5.30174989e+00]
 [ 2.29423303e-05  2.29423303e-05  4.36424741e+00  4.36424741e+00
   6.41619966e+00  5.88785295e+00  2.29423303e-05 -6.65128897e+00
   2.29423303e-05  2.29423303e-05]
 [-2.04721003e-06 -2.04721003e-06 -5.18549792e+00 -6.25356776e+00
  -2.04721003e-06  2.61418418e+00 -7.39484898e+00  8.17460455e+00
  -8.78339047e+00 -2.04721003e-06]
 [-1.55897737e+00  3.42729777e+00  1.99772276e+00  5.48088506e+00
   5.84812301e+00  8.12367405e-01  5.48088506e+00 -8.21454990e+00
  -1.70949786e+00 -1.55897737e+00]
 [ 9.98214034e-10  9.98214034e-10  5.86693112e+00  9.98214034e-10
  -1.39202611e+00 -9.29538016e+00 -9.96083395e+00  5.86693112e+00
   9.98214034e-10  9.98214034e-10]]
Train validation errors
[[4.687452332505024e+29, 8.986230061261703e+29], [2.2654836462143813e+30, 4.3431177163618053e+30], [1.5826031811119888e+34, 2.9950684844926597e+34], [2.9348078109610304e+42, 2.9864820685725633e+42], [9.289608395011885e+42, 9.453217930232112e+42], [8.771250060277841e+42, 8.925310994924484e+42], [6.937331085567972e+42, 7.059822543305363e+42], [8.447152390240106e+38, 8.573615809189244e+38], [6.86182835403645e+29, 1.3237447699678088e+30], [4.6874523338877254e+29, 8.98623006395071e+29]]
Selected parents:
[[ 0.00000000e+00 -9.75835723e+00 -2.28980078e-13  1.07109860e+00
  -3.38350486e-02 -1.83669770e-15 -1.66732438e+00  2.29423303e-05
  -2.04721003e-06 -1.55897737e+00  9.98214034e-10]
 [ 7.90317454e-01 -7.72443635e+00  7.42605516e+00  1.07109860e+00
  -1.75214813e-10 -1.83669770e-15  8.52944060e-16  2.29423303e-05
  -2.04721003e-06  3.42729777e+00  9.98214034e-10]
 [-7.21690673e+00 -8.97090688e+00 -9.79689482e+00 -9.97422169e+00
  -2.17546433e+00 -1.83669770e-15 -5.68524899e+00  4.36424741e+00
  -5.18549792e+00  1.99772276e+00  5.86693112e+00]
 [ 7.90317454e-01 -8.97090688e+00  7.42605516e+00 -1.25589394e+00
  -5.78590014e+00 -4.81835365e-02 -3.76613360e+00 -6.65128897e+00
   8.17460455e+00 -8.21454990e+00  5.86693112e+00]
 [ 7.49367688e+00  1.23119117e+00 -2.28980078e-13  2.79826505e+00
  -3.38350486e-02 -1.83669770e-15  8.38318137e+00  2.29423303e-05
  -8.78339047e+00 -1.70949786e+00  9.98214034e-10]
 [-6.97276197e+00 -6.96280547e+00  6.91531162e+00 -1.87653936e+00
  -3.38350486e-02 -1.83669770e-15  5.30174989e+00  2.29423303e-05
  -2.04721003e-06 -1.55897737e+00  9.98214034e-10]]Population:
[[ 0.00000000e+00 -6.97276197e+00  7.49367688e+00  2.66687186e+00
   7.49367688e+00  7.90317454e-01 -6.97276197e+00  7.90317454e-01
   3.54457855e+00 -6.97276197e+00]
 [-9.75835723e+00 -6.96280547e+00  8.30129814e+00  1.23119117e+00
  -8.97090688e+00 -8.97090688e+00 -6.96280547e+00 -5.37993201e+00
  -8.97090688e+00 -5.71738349e+00]
 [-2.28980078e-13  6.91531162e+00 -2.28980078e-13 -9.79689482e+00
   7.42605516e+00 -2.28980078e-13  9.99416782e+00  3.91872261e+00
   6.91531162e+00  6.91531162e+00]
 [ 1.07109860e+00 -1.87653936e+00 -3.29105588e+00 -2.33868850e+00
  -5.29150923e+00  2.79826505e+00 -1.87653936e+00  2.60548965e+00
   4.56114638e+00 -1.87653936e+00]
 [-3.38350486e-02 -3.38350486e-02 -5.28691383e+00 -2.17546433e+00
  -5.78590014e+00 -5.78590014e+00 -3.38350486e-02  9.30582894e+00
  -2.17546433e+00 -2.17546433e+00]
 [-1.83669770e-15 -1.83669770e-15 -9.06373928e+00 -1.83669770e-15
  -1.83669770e-15 -1.38965952e+00 -1.83669770e-15 -1.83669770e-15
  -1.83669770e-15 -1.83669770e-15]
 [-1.66732438e+00  5.30174989e+00 -5.68524899e+00 -5.68524899e+00
   4.97498533e+00 -1.51749006e+00 -4.66935557e+00  5.30174989e+00
  -5.68524899e+00  5.30174989e+00]
 [ 2.29423303e-05  2.29423303e-05  2.29423303e-05  4.36424741e+00
   2.29423303e-05 -6.65128897e+00  2.29423303e-05 -2.92882387e+00
   6.03710743e+00  4.36424741e+00]
 [-2.04721003e-06 -2.04721003e-06  9.23052059e+00 -5.18549792e+00
   6.91560285e-01 -8.78339047e+00 -2.04721003e-06  6.61042307e+00
  -5.18549792e+00  2.32597362e+00]
 [-1.55897737e+00 -1.55897737e+00  3.37701599e+00  1.99772276e+00
  -8.21454990e+00 -9.86427394e+00  3.42729777e+00 -5.02256718e+00
  -4.34306531e+00  1.99772276e+00]
 [ 9.98214034e-10  9.98214034e-10  4.87216855e+00 -9.11155085e+00
   9.98214034e-10  5.86693112e+00  9.98214034e-10 -5.01785882e+00
   5.86693112e+00  5.86693112e+00]]
Train validation errors
[[4.687452332505024e+29, 8.986230061261703e+29], [4.6874523338877254e+29, 8.98623006395071e+29], [3.0117249707379925e+43, 3.064714323156786e+43], [3.7362167367675576e+34, 7.066936687172225e+34], [1.2970502374211103e+31, 2.4862437411885447e+31], [7.078137220732382e+41, 7.202117525811807e+41], [2.265483645742738e+30, 4.343117715411476e+30], [1.1882104271810528e+34, 2.2500900840917646e+34], [1.5145826973650205e+34, 2.8631962946944e+34], [1.5843145249247366e+34, 2.998350081611018e+34]]
Selected parents:
[[ 0.00000000e+00 -9.75835723e+00 -2.28980078e-13  1.07109860e+00
  -3.38350486e-02 -1.83669770e-15 -1.66732438e+00  2.29423303e-05
  -2.04721003e-06 -1.55897737e+00  9.98214034e-10]
 [-6.97276197e+00 -6.96280547e+00  6.91531162e+00 -1.87653936e+00
  -3.38350486e-02 -1.83669770e-15  5.30174989e+00  2.29423303e-05
  -2.04721003e-06 -1.55897737e+00  9.98214034e-10]
 [ 7.49367688e+00 -8.97090688e+00  7.42605516e+00 -5.29150923e+00
  -5.78590014e+00 -1.83669770e-15  4.97498533e+00  2.29423303e-05
   6.91560285e-01 -8.21454990e+00  9.98214034e-10]
 [-6.97276197e+00 -6.96280547e+00  9.99416782e+00 -1.87653936e+00
  -3.38350486e-02 -1.83669770e-15 -4.66935557e+00  2.29423303e-05
  -2.04721003e-06  3.42729777e+00  9.98214034e-10]
 [ 7.90317454e-01 -5.37993201e+00  3.91872261e+00  2.60548965e+00
   9.30582894e+00 -1.83669770e-15  5.30174989e+00 -2.92882387e+00
   6.61042307e+00 -5.02256718e+00 -5.01785882e+00]
 [ 3.54457855e+00 -8.97090688e+00  6.91531162e+00  4.56114638e+00
  -2.17546433e+00 -1.83669770e-15 -5.68524899e+00  6.03710743e+00
  -5.18549792e+00 -4.34306531e+00  5.86693112e+00]]Population:
[[ 0.00000000e+00 -6.97276197e+00 -6.97276197e+00  7.49367688e+00
  -1.09135698e+00 -6.97276197e+00 -6.04462624e-01  0.00000000e+00
  -6.97276197e+00  3.65063298e+00]
 [-9.75835723e+00 -6.96280547e+00 -6.96280547e+00 -7.39631266e+00
  -6.96280547e+00 -9.75835723e+00 -8.97090688e+00 -9.75835723e+00
  -6.96280547e+00 -3.03485079e+00]
 [-2.28980078e-13  6.91531162e+00  9.99416782e+00  7.42605516e+00
  -2.28980078e-13  6.91531162e+00  7.42605516e+00  1.14734729e+00
   6.91531162e+00 -4.77205442e+00]
 [ 1.07109860e+00 -1.87653936e+00 -1.32074178e+00 -5.29150923e+00
  -8.24884269e+00  1.07109860e+00 -5.29150923e+00  1.07109860e+00
  -1.87653936e+00  9.10686832e+00]
 [-3.38350486e-02 -3.38350486e-02 -5.78590014e+00 -5.78590014e+00
  -3.38350486e-02 -8.17994979e-01 -5.78590014e+00 -3.38350486e-02
  -3.38350486e-02  5.37821726e+00]
 [-1.83669770e-15 -1.83669770e-15 -1.83669770e-15 -1.83669770e-15
  -1.83669770e-15 -1.83669770e-15 -1.83669770e-15 -1.83669770e-15
  -1.83669770e-15 -3.43918866e-01]
 [-1.66732438e+00  5.30174989e+00 -8.98681478e+00  4.97498533e+00
  -1.66732438e+00  5.30174989e+00 -1.66732438e+00  8.30735489e+00
  -4.66935557e+00 -4.66935557e+00]
 [ 2.29423303e-05  2.29423303e-05  7.70525587e+00 -8.55783269e+00
   2.29423303e-05  2.29423303e-05 -7.29091939e+00  2.29423303e-05
   7.41093805e+00  3.46146191e+00]
 [-2.04721003e-06 -2.04721003e-06 -2.04721003e-06 -5.10918693e+00
  -2.04721003e-06 -2.04721003e-06  9.71442907e+00 -9.39170273e+00
  -2.04721003e-06 -3.85382486e+00]
 [-1.55897737e+00 -1.55897737e+00  3.42729777e+00  5.12093574e+00
  -6.75208419e-01  7.99829054e+00 -8.21454990e+00 -1.44075373e-01
   4.71905626e+00  6.08725419e+00]
 [ 9.98214034e-10  9.98214034e-10  9.98214034e-10  9.98214034e-10
   9.98214034e-10  9.98214034e-10  9.98214034e-10  9.98214034e-10
   9.98214034e-10  8.01736096e+00]]
Train validation errors
[[4.687452332505024e+29, 8.986230061261703e+29], [4.6874523338877254e+29, 8.98623006395071e+29], [2.269847265987056e+30, 4.351577787398423e+30], [4.850350434933972e+30, 9.284247569575125e+30], [8.792916060597248e+28, 1.685674028067859e+29], [1.2338194233873698e+31, 2.365332896496399e+31], [1.2414415890230085e+31, 2.3756555395510465e+31], [2.1757153975750156e+28, 4.26015578071119e+28], [4.300821436806192e+30, 8.245152303448662e+30], [4.329803472924629e+40, 4.403755033114206e+40]]
Selected parents:
[[ 0.00000000e+00 -9.75835723e+00 -2.28980078e-13  1.07109860e+00
  -3.38350486e-02 -1.83669770e-15 -1.66732438e+00  2.29423303e-05
  -2.04721003e-06 -1.55897737e+00  9.98214034e-10]
 [-6.97276197e+00 -6.96280547e+00  6.91531162e+00 -1.87653936e+00
  -3.38350486e-02 -1.83669770e-15  5.30174989e+00  2.29423303e-05
  -2.04721003e-06 -1.55897737e+00  9.98214034e-10]
 [-6.97276197e+00 -6.96280547e+00  9.99416782e+00 -1.32074178e+00
  -5.78590014e+00 -1.83669770e-15 -8.98681478e+00  7.70525587e+00
  -2.04721003e-06  3.42729777e+00  9.98214034e-10]
 [-1.09135698e+00 -6.96280547e+00 -2.28980078e-13 -8.24884269e+00
  -3.38350486e-02 -1.83669770e-15 -1.66732438e+00  2.29423303e-05
  -2.04721003e-06 -6.75208419e-01  9.98214034e-10]
 [ 0.00000000e+00 -9.75835723e+00  1.14734729e+00  1.07109860e+00
  -3.38350486e-02 -1.83669770e-15  8.30735489e+00  2.29423303e-05
  -9.39170273e+00 -1.44075373e-01  9.98214034e-10]
 [-6.97276197e+00 -6.96280547e+00  6.91531162e+00 -1.87653936e+00
  -3.38350486e-02 -1.83669770e-15 -4.66935557e+00  7.41093805e+00
  -2.04721003e-06  4.71905626e+00  9.98214034e-10]]Population:
[[-1.09135698e+00  0.00000000e+00 -3.20523663e+00 -6.97276197e+00
   0.00000000e+00 -4.16660447e+00 -1.09135698e+00  0.00000000e+00
  -1.09135698e+00  3.76990042e+00]
 [-6.96280547e+00 -9.75835723e+00 -9.75835723e+00 -6.96280547e+00
   2.98648753e+00 -6.96280547e+00 -6.96280547e+00 -9.75835723e+00
  -6.76430969e+00 -6.96280547e+00]
 [-2.28980078e-13  1.14734729e+00 -2.28980078e-13 -7.42971081e+00
  -2.28980078e-13  6.91531162e+00 -2.28980078e-13 -2.28980078e-13
  -2.28980078e-13  9.72110177e+00]
 [-8.24884269e+00  1.07109860e+00  2.71329110e+00  1.07109860e+00
   2.08081917e+00 -1.87653936e+00  3.81079073e+00 -8.24884269e+00
  -6.93369026e+00 -1.87653936e+00]
 [-3.38350486e-02 -3.38350486e-02  5.76245148e+00 -3.38350486e-02
   5.17945777e+00  8.19744469e+00 -3.38350486e-02 -3.38350486e-02
  -3.38350486e-02  3.78983022e+00]
 [-1.83669770e-15 -1.83669770e-15 -1.83669770e-15 -3.39397913e+00
  -4.15729742e+00 -1.83669770e-15 -1.87910787e+00 -1.83669770e-15
   2.17771818e+00 -1.83669770e-15]
 [-1.66732438e+00  8.30735489e+00 -1.66732438e+00  5.30174989e+00
  -1.66732438e+00  5.30174989e+00 -8.51609101e+00 -8.64111368e+00
  -1.66732438e+00 -1.66732438e+00]
 [ 2.29423303e-05  2.29423303e-05 -9.55588445e+00 -8.13201485e+00
   2.29423303e-05  9.67074826e+00  5.12114124e+00  2.29423303e-05
   2.29423303e-05  1.20437559e+00]
 [-2.04721003e-06 -9.39170273e+00 -2.04721003e-06  9.61736940e+00
  -2.04721003e-06 -2.04721003e-06 -2.04721003e-06  6.81583770e+00
  -2.04721003e-06  7.32783223e+00]
 [-6.75208419e-01 -1.44075373e-01 -1.55897737e+00 -3.86943682e+00
  -1.55897737e+00 -1.55897737e+00 -9.68056988e+00 -1.55897737e+00
  -9.14657740e+00 -6.75208419e-01]
 [ 9.98214034e-10  9.98214034e-10  9.98214034e-10 -3.01275675e+00
   9.98214034e-10  9.98214034e-10  9.98214034e-10  9.98214034e-10
   9.98214034e-10  9.98214034e-10]]
Train validation errors
[[8.792916060597248e+28, 1.685674028067859e+29], [2.1757153975750156e+28, 4.26015578071119e+28], [4.712089229891583e+29, 9.03399575458617e+29], [4.22337238265882e+42, 4.297816670808529e+42], [6.336334577948726e+42, 6.44789631360983e+42], [4.662585567858846e+29, 8.938019673460276e+29], [1.294559550665341e+42, 1.3173553087565818e+42], [3.903636420351074e+29, 7.426833373341313e+29], [1.738668066366074e+42, 1.7692765128962025e+42], [5.397366282663228e+28, 1.0088737314048342e+29]]
Selected parents:
[[-1.09135698e+00 -6.96280547e+00 -2.28980078e-13 -8.24884269e+00
  -3.38350486e-02 -1.83669770e-15 -1.66732438e+00  2.29423303e-05
  -2.04721003e-06 -6.75208419e-01  9.98214034e-10]
 [ 0.00000000e+00 -9.75835723e+00  1.14734729e+00  1.07109860e+00
  -3.38350486e-02 -1.83669770e-15  8.30735489e+00  2.29423303e-05
  -9.39170273e+00 -1.44075373e-01  9.98214034e-10]
 [-3.20523663e+00 -9.75835723e+00 -2.28980078e-13  2.71329110e+00
   5.76245148e+00 -1.83669770e-15 -1.66732438e+00 -9.55588445e+00
  -2.04721003e-06 -1.55897737e+00  9.98214034e-10]
 [-4.16660447e+00 -6.96280547e+00  6.91531162e+00 -1.87653936e+00
   8.19744469e+00 -1.83669770e-15  5.30174989e+00  9.67074826e+00
  -2.04721003e-06 -1.55897737e+00  9.98214034e-10]
 [ 0.00000000e+00 -9.75835723e+00 -2.28980078e-13 -8.24884269e+00
  -3.38350486e-02 -1.83669770e-15 -8.64111368e+00  2.29423303e-05
   6.81583770e+00 -1.55897737e+00  9.98214034e-10]
 [ 3.76990042e+00 -6.96280547e+00  9.72110177e+00 -1.87653936e+00
   3.78983022e+00 -1.83669770e-15 -1.66732438e+00  1.20437559e+00
   7.32783223e+00 -6.75208419e-01  9.98214034e-10]]Population:
[[ 0.00000000e+00  3.76990042e+00 -4.16660447e+00  5.90676237e+00
  -4.16660447e+00 -4.16660447e+00  5.25501150e+00  8.57235757e+00
   7.28590937e+00  6.83819657e+00]
 [-9.75835723e+00 -6.96280547e+00 -9.75835723e+00 -6.96280547e+00
  -9.81640304e+00 -6.96280547e+00 -6.96280547e+00 -9.75835723e+00
  -6.96280547e+00 -6.96280547e+00]
 [ 1.14734729e+00  9.72110177e+00 -2.28980078e-13 -2.28980078e-13
  -7.54479678e+00  4.60946899e+00  4.08993655e-01 -2.28980078e-13
  -2.28980078e-13 -6.69908516e+00]
 [ 1.07109860e+00 -1.87653936e+00 -9.61753833e+00 -3.15659619e+00
   7.31233524e+00 -1.87653936e+00 -1.87653936e+00 -9.27935419e+00
  -1.87653936e+00 -6.38645516e-01]
 [-3.38350486e-02  3.78983022e+00  8.19744469e+00  5.76245148e+00
   3.78983022e+00  8.19744469e+00 -4.07784265e+00 -3.38350486e-02
  -1.84801138e+00  3.78983022e+00]
 [-1.83669770e-15 -1.83669770e-15 -1.83669770e-15 -1.83669770e-15
  -1.83669770e-15 -1.83669770e-15 -4.64520212e-01 -5.70084726e+00
  -4.23109766e+00  5.95724803e+00]
 [ 8.30735489e+00 -1.66732438e+00  1.48054896e+00  5.30174989e+00
   5.30174989e+00 -1.66732438e+00  5.30174989e+00  5.30174989e+00
  -1.66732438e+00  8.52356278e+00]
 [ 2.29423303e-05  1.20437559e+00 -9.55588445e+00  9.67074826e+00
   9.67074826e+00 -9.44779057e+00 -6.60500904e+00  2.80205876e+00
   9.83423312e+00  2.29423303e-05]
 [-9.39170273e+00  7.32783223e+00 -2.04721003e-06  5.49341632e+00
   4.32881554e-01 -6.48571648e+00  6.81583770e+00  6.81583770e+00
   7.32783223e+00 -2.04721003e-06]
 [-1.44075373e-01 -6.75208419e-01 -1.55897737e+00 -1.55897737e+00
  -4.94992322e+00 -1.55897737e+00  6.43675896e+00  9.74418688e+00
   7.54856924e+00  1.54999771e+00]
 [ 9.98214034e-10  9.98214034e-10 -9.72885203e+00  9.98214034e-10
   9.98214034e-10 -6.78166019e+00  9.98214034e-10  9.98214034e-10
   9.98214034e-10  9.98214034e-10]]
Train validation errors
[[2.1757153975750156e+28, 4.26015578071119e+28], [5.397366282663228e+28, 1.0088737314048342e+29], [4.323600642565709e+34, 8.181024731944059e+34], [4.0265798584382246e+29, 7.673098434453471e+29], [4.701116395576402e+30, 9.011094687584374e+30], [2.108474227294224e+34, 3.9899282699325294e+34], [7.9107367671358115e+40, 8.04996494762333e+40], [1.191498582122975e+43, 1.2124757310638982e+43], [6.563277523537933e+42, 6.678828256038938e+42], [1.3010896133083932e+43, 1.323997395875223e+43]]
Selected parents:
[[ 0.00000000e+00 -9.75835723e+00  1.14734729e+00  1.07109860e+00
  -3.38350486e-02 -1.83669770e-15  8.30735489e+00  2.29423303e-05
  -9.39170273e+00 -1.44075373e-01  9.98214034e-10]
 [ 3.76990042e+00 -6.96280547e+00  9.72110177e+00 -1.87653936e+00
   3.78983022e+00 -1.83669770e-15 -1.66732438e+00  1.20437559e+00
   7.32783223e+00 -6.75208419e-01  9.98214034e-10]
 [-4.16660447e+00 -9.75835723e+00 -2.28980078e-13 -9.61753833e+00
   8.19744469e+00 -1.83669770e-15  1.48054896e+00 -9.55588445e+00
  -2.04721003e-06 -1.55897737e+00 -9.72885203e+00]
 [ 5.90676237e+00 -6.96280547e+00 -2.28980078e-13 -3.15659619e+00
   5.76245148e+00 -1.83669770e-15  5.30174989e+00  9.67074826e+00
   5.49341632e+00 -1.55897737e+00  9.98214034e-10]
 [-4.16660447e+00 -9.81640304e+00 -7.54479678e+00  7.31233524e+00
   3.78983022e+00 -1.83669770e-15  5.30174989e+00  9.67074826e+00
   4.32881554e-01 -4.94992322e+00  9.98214034e-10]
 [-4.16660447e+00 -6.96280547e+00  4.60946899e+00 -1.87653936e+00
   8.19744469e+00 -1.83669770e-15 -1.66732438e+00 -9.44779057e+00
  -6.48571648e+00 -1.55897737e+00 -6.78166019e+00]]Population:
[[ 0.00000000e+00  3.76990042e+00  0.00000000e+00 -9.92923615e-01
   3.76990042e+00  3.76990042e+00  0.00000000e+00  4.02697990e+00
   3.76990042e+00 -4.41610090e+00]
 [-9.75835723e+00 -6.96280547e+00 -9.58704883e+00 -9.75835723e+00
  -9.75835723e+00 -5.31642872e+00  4.15167531e+00  4.32399691e+00
   2.89982395e+00 -5.79947270e+00]
 [ 1.14734729e+00  9.72110177e+00  6.22715354e+00  4.08557497e+00
   1.14734729e+00  1.14734729e+00  1.14734729e+00  3.65504563e+00
   9.56679101e+00  9.72110177e+00]
 [ 1.07109860e+00 -1.87653936e+00  1.07109860e+00  1.07109860e+00
   1.07109860e+00 -4.01692282e+00 -7.40973764e+00  2.51088721e+00
  -1.87653936e+00 -9.61753833e+00]
 [-3.38350486e-02  3.78983022e+00 -3.38350486e-02  8.74981476e+00
  -3.38350486e-02 -3.38350486e-02  3.78983022e+00  9.98606616e+00
   3.78983022e+00  8.19744469e+00]
 [-1.83669770e-15 -1.83669770e-15  6.80313037e+00 -1.83669770e-15
  -1.83669770e-15 -1.83669770e-15 -1.83669770e-15 -1.83669770e-15
  -1.83669770e-15 -1.83669770e-15]
 [ 8.30735489e+00 -1.66732438e+00  5.30174989e+00 -9.05263637e+00
   8.30735489e+00  8.30735489e+00 -9.61524724e+00  1.88309359e-01
  -6.86166996e+00  1.48054896e+00]
 [ 2.29423303e-05  1.20437559e+00  2.29423303e-05  9.67074826e+00
   1.20437559e+00 -8.95773351e+00  9.67074826e+00  9.67074826e+00
   1.20437559e+00  1.20437559e+00]
 [-9.39170273e+00  7.32783223e+00  5.54585991e+00 -3.67387406e+00
  -9.39170273e+00  7.32783223e+00 -6.30562792e+00  4.32881554e-01
  -5.31605782e+00  9.72225794e+00]
 [-1.44075373e-01 -6.75208419e-01 -1.44075373e-01 -3.65172495e+00
  -1.44075373e-01 -6.75208419e-01 -4.94992322e+00 -4.94992322e+00
  -6.75208419e-01  8.43276560e+00]
 [ 9.98214034e-10  9.98214034e-10  3.07747311e+00 -4.27888608e+00
   7.50810120e+00  9.98214034e-10 -6.41712252e+00 -6.50795325e+00
  -4.83082072e+00 -7.91677559e+00]]
Train validation errors
[[2.1757153975750156e+28, 4.26015578071119e+28], [5.397366282663228e+28, 1.0088737314048342e+29], [1.6968595029707844e+43, 1.7267523173353652e+43], [8.604749965871553e+33, 1.6292736401508502e+34], [2.553668751781876e+34, 4.831062314678397e+34], [5.486696895147551e+28, 1.0259248194501067e+29], [1.9292491296453449e+34, 3.65267700766338e+34], [1.9816592984171034e+34, 3.751824527087481e+34], [1.0661081054559198e+34, 2.0172489508226732e+34], [2.7202741162065702e+34, 5.140648746930895e+34]]
Selected parents:
[[ 0.00000000e+00 -9.75835723e+00  1.14734729e+00  1.07109860e+00
  -3.38350486e-02 -1.83669770e-15  8.30735489e+00  2.29423303e-05
  -9.39170273e+00 -1.44075373e-01  9.98214034e-10]
 [ 3.76990042e+00 -6.96280547e+00  9.72110177e+00 -1.87653936e+00
   3.78983022e+00 -1.83669770e-15 -1.66732438e+00  1.20437559e+00
   7.32783223e+00 -6.75208419e-01  9.98214034e-10]
 [-9.92923615e-01 -9.75835723e+00  4.08557497e+00  1.07109860e+00
   8.74981476e+00 -1.83669770e-15 -9.05263637e+00  9.67074826e+00
  -3.67387406e+00 -3.65172495e+00 -4.27888608e+00]
 [ 3.76990042e+00 -5.31642872e+00  1.14734729e+00 -4.01692282e+00
  -3.38350486e-02 -1.83669770e-15  8.30735489e+00 -8.95773351e+00
   7.32783223e+00 -6.75208419e-01  9.98214034e-10]
 [ 0.00000000e+00  4.15167531e+00  1.14734729e+00 -7.40973764e+00
   3.78983022e+00 -1.83669770e-15 -9.61524724e+00  9.67074826e+00
  -6.30562792e+00 -4.94992322e+00 -6.41712252e+00]
 [ 3.76990042e+00  2.89982395e+00  9.56679101e+00 -1.87653936e+00
   3.78983022e+00 -1.83669770e-15 -6.86166996e+00  1.20437559e+00
  -5.31605782e+00 -6.75208419e-01 -4.83082072e+00]]Population:
[[ 0.00000000e+00  3.76990042e+00 -9.92923615e-01  0.00000000e+00
   0.00000000e+00  3.76990042e+00  3.76990042e+00  0.00000000e+00
   3.76990042e+00  3.76990042e+00]
 [-9.75835723e+00 -6.96280547e+00 -9.75835723e+00  4.15167531e+00
  -9.75835723e+00 -6.96280547e+00  7.46117079e+00 -7.83931245e+00
  -3.68647856e-01 -9.75835723e+00]
 [ 1.14734729e+00  9.72110177e+00  3.25918454e+00  1.14734729e+00
   6.48913383e+00  6.16921561e+00  1.14734729e+00  1.14734729e+00
  -2.02357226e+00  3.01712240e-01]
 [ 1.07109860e+00 -1.87653936e+00  1.07109860e+00  9.28828832e+00
   1.21620650e+00 -7.52522859e+00 -1.87653936e+00 -7.40973764e+00
   1.07109860e+00 -1.87653936e+00]
 [-3.38350486e-02  3.78983022e+00  3.78983022e+00  3.78983022e+00
  -3.38350486e-02  3.78983022e+00  3.78983022e+00  3.78983022e+00
   3.78983022e+00  3.78983022e+00]
 [-1.83669770e-15 -1.83669770e-15 -1.83669770e-15 -1.83669770e-15
  -3.82098007e+00 -1.83669770e-15 -1.83669770e-15 -1.83669770e-15
  -1.83669770e-15 -1.83669770e-15]
 [ 8.30735489e+00 -1.66732438e+00 -9.05263637e+00 -9.61524724e+00
   8.30735489e+00 -1.66732438e+00 -6.86166996e+00  5.21772170e+00
  -6.86166996e+00  6.70737723e+00]
 [ 2.29423303e-05  1.20437559e+00  4.52895440e+00  9.67074826e+00
   1.20437559e+00  1.20437559e+00  3.63795138e+00  7.40011246e+00
  -9.66188878e+00 -6.55639179e+00]
 [-9.39170273e+00  7.32783223e+00 -2.55480041e+00  2.35993444e+00
  -3.45979625e-01 -9.39170273e+00 -5.31605782e+00 -1.22120515e+00
  -9.39170273e+00 -5.31605782e+00]
 [-1.44075373e-01 -6.75208419e-01 -3.65172495e+00 -4.94992322e+00
  -1.44075373e-01 -6.75208419e-01 -6.75208419e-01 -1.19994529e+00
  -2.87643948e+00  3.32812054e+00]
 [ 9.98214034e-10  9.98214034e-10 -4.27888608e+00 -6.41712252e+00
   9.98214034e-10  9.98214034e-10 -6.41712252e+00 -6.41712252e+00
  -9.84341376e+00 -4.83082072e+00]]
Train validation errors
[[2.1757153975750156e+28, 4.26015578071119e+28], [5.397366282663228e+28, 1.0088737314048342e+29], [8.603044143194242e+33, 1.6289475974115988e+34], [1.9270706996424963e+34, 3.6484984516430247e+34], [5.3526058792879435e+42, 5.4468465946382426e+42], [1.4410880508410744e+29, 2.798554290351582e+29], [1.878157076674009e+34, 3.553643327991647e+34], [1.8833276829569004e+34, 3.5636877633353854e+34], [4.453215730356346e+34, 8.427464815058152e+34], [1.0307979129009333e+34, 1.948791196705518e+34]]
Selected parents:
[[ 0.00000000e+00 -9.75835723e+00  1.14734729e+00  1.07109860e+00
  -3.38350486e-02 -1.83669770e-15  8.30735489e+00  2.29423303e-05
  -9.39170273e+00 -1.44075373e-01  9.98214034e-10]
 [ 3.76990042e+00 -6.96280547e+00  9.72110177e+00 -1.87653936e+00
   3.78983022e+00 -1.83669770e-15 -1.66732438e+00  1.20437559e+00
   7.32783223e+00 -6.75208419e-01  9.98214034e-10]
 [-9.92923615e-01 -9.75835723e+00  3.25918454e+00  1.07109860e+00
   3.78983022e+00 -1.83669770e-15 -9.05263637e+00  4.52895440e+00
  -2.55480041e+00 -3.65172495e+00 -4.27888608e+00]
 [ 3.76990042e+00 -6.96280547e+00  6.16921561e+00 -7.52522859e+00
   3.78983022e+00 -1.83669770e-15 -1.66732438e+00  1.20437559e+00
  -9.39170273e+00 -6.75208419e-01  9.98214034e-10]
 [ 3.76990042e+00  7.46117079e+00  1.14734729e+00 -1.87653936e+00
   3.78983022e+00 -1.83669770e-15 -6.86166996e+00  3.63795138e+00
  -5.31605782e+00 -6.75208419e-01 -6.41712252e+00]
 [ 3.76990042e+00 -9.75835723e+00  3.01712240e-01 -1.87653936e+00
   3.78983022e+00 -1.83669770e-15  6.70737723e+00 -6.55639179e+00
  -5.31605782e+00  3.32812054e+00 -4.83082072e+00]]Best offspring gen errors:
[[4.68745233e+29 8.98623006e+29]
 [4.68745233e+29 8.98623006e+29]
 [4.68745233e+29 8.98623006e+29]
 [4.68745233e+29 8.98623006e+29]
 [4.68745233e+29 8.98623006e+29]
 [2.17571540e+28 4.26015578e+28]
 [2.17571540e+28 4.26015578e+28]
 [2.17571540e+28 4.26015578e+28]
 [2.17571540e+28 4.26015578e+28]
 [2.17571540e+28 4.26015578e+28]]