Generation 1

Population:
[[-3.82850667e-01 -1.41047108e-12 -2.06693880e-13  4.62010753e-11
  -1.75214813e-10 -1.83669770e-15  8.52944060e-16  2.29423303e-05
  -2.04721003e-06 -9.94388023e-09  9.44618715e-10]
 [ 8.23318396e-01 -1.45799022e-12 -2.28980078e-13  4.62010753e-11
  -1.75214813e-10 -1.83669770e-15  8.77590064e-16  1.65521565e-05
  -2.04721003e-06 -1.77976168e-08  9.98214034e-10]
 [ 0.00000000e+00 -1.45799022e-12 -1.89377775e-13  4.62010753e-11
  -1.39632846e-10 -2.61133714e-15  8.52944060e-16  2.12894034e-05
  -2.04721003e-06 -1.57996329e-08  9.69547981e-10]
 [ 7.57968557e-01 -1.45799022e-12 -1.83740854e-13  4.62010753e-11
  -1.88047579e-10 -2.47074239e-15  8.52944060e-16  2.29423303e-05
  -2.22415650e-06 -8.19859968e-09  9.98214034e-10]
 [-6.97111639e-01 -2.03174609e-12 -2.28980078e-13  4.62010753e-11
  -1.75214813e-10 -1.83669770e-15  9.36786971e-16  2.29423303e-05
  -2.21977089e-06 -1.59792834e-08  9.52735854e-10]
 [ 0.00000000e+00 -1.27980381e-12 -2.28980078e-13  4.79107086e-11
  -2.19392432e-10 -1.94968615e-15  8.39212334e-16  2.29423303e-05
  -1.88631172e-06 -1.59792834e-08  9.57283888e-10]
 [ 0.00000000e+00 -1.45799022e-12 -3.09852965e-13  4.62010753e-11
  -1.82744181e-10 -2.48124886e-15  8.90269728e-16  2.09933868e-05
  -2.38072982e-06 -1.25502833e-08  9.30371021e-10]
 [ 0.00000000e+00 -1.45799022e-12 -2.72328283e-13  5.48062453e-11
  -2.06461757e-10 -1.83669770e-15  8.57463659e-16  2.29423303e-05
  -2.04721003e-06 -1.54927077e-08  1.04393930e-09]
 [ 0.00000000e+00 -1.45799022e-12 -1.86175988e-13  4.62010753e-11
  -1.27095810e-10 -1.83669770e-15  8.52944060e-16  2.71013326e-05
  -2.78953325e-06 -1.45957550e-08  9.98214034e-10]
 [-8.82646063e-01 -2.21196765e-12 -3.13468242e-13  3.72528255e-11
  -1.75214813e-10 -1.99722168e-15  8.52944060e-16  2.29423303e-05
  -2.04721003e-06 -1.77183268e-08  9.98214034e-10]]
  
  

Selected parents:
[[-3.82850667e-01  0.00000000e+00  7.57968557e-01  0.00000000e+00
   0.00000000e+00 -8.82646063e-01]
 [-1.41047108e-12 -1.45799022e-12 -1.45799022e-12 -1.27980381e-12
  -1.45799022e-12 -2.21196765e-12]
 [-2.06693880e-13 -1.89377775e-13 -1.83740854e-13 -2.28980078e-13
  -2.72328283e-13 -3.13468242e-13]
 [ 4.62010753e-11  4.62010753e-11  4.62010753e-11  4.79107086e-11
   5.48062453e-11  3.72528255e-11]
 [-1.75214813e-10 -1.39632846e-10 -1.88047579e-10 -2.19392432e-10
  -2.06461757e-10 -1.75214813e-10]
 [-1.83669770e-15 -2.61133714e-15 -2.47074239e-15 -1.94968615e-15
  -1.83669770e-15 -1.99722168e-15]
 [ 8.52944060e-16  8.52944060e-16  8.52944060e-16  8.39212334e-16
   8.57463659e-16  8.52944060e-16]
 [ 2.29423303e-05  2.12894034e-05  2.29423303e-05  2.29423303e-05
   2.29423303e-05  2.29423303e-05]
 [-2.04721003e-06 -2.04721003e-06 -2.22415650e-06 -1.88631172e-06
  -2.04721003e-06 -2.04721003e-06]
 [-9.94388023e-09 -1.57996329e-08 -8.19859968e-09 -1.59792834e-08
  -1.54927077e-08 -1.77183268e-08]
 [ 9.44618715e-10  9.69547981e-10  9.98214034e-10  9.57283888e-10
   1.04393930e-09  9.98214034e-10]]
   
   
After cross over and mutation:
[[ 0.00000000e+00 -1.27980381e-12 -2.28980078e-13  4.79107086e-11
  -2.19392432e-10 -1.94968615e-15  8.39212334e-16  2.29423303e-05
  -1.88631172e-06 -1.59792834e-08  9.57283888e-10]
 [-8.82646063e-01 -2.21196765e-12 -3.13468242e-13  3.72528255e-11
  -1.75214813e-10 -1.99722168e-15  8.52944060e-16  2.29423303e-05
  -2.04721003e-06 -1.77183268e-08  9.98214034e-10]
 [-8.82646063e-01 -1.40551374e-12 -2.72328283e-13  4.30878207e-11
  -2.28864960e-10 -1.20809573e-15  8.57463659e-16  2.29423303e-05
  -2.04721003e-06 -1.77183268e-08  9.98214034e-10]
 [-8.82646063e-01 -1.94792892e-12 -2.88344059e-13  5.48062453e-11
  -2.06461757e-10 -1.83669770e-15  8.57463659e-16  2.39960779e-05
  -2.04721003e-06 -2.00113782e-08  1.01548365e-09]
 [-3.82850667e-01 -1.20467825e-12 -2.73211835e-13  5.20246629e-11
  -2.78156302e-10 -1.83669770e-15  9.46338868e-16  2.91522523e-05
  -1.84405391e-06 -9.94388023e-09  9.44618715e-10]
 [-7.18588585e-01 -9.81304849e-13 -2.72328283e-13  5.31072746e-11
  -2.63998032e-10 -1.21814214e-15  8.57463659e-16  2.29423303e-05
  -2.70762687e-06 -9.70937255e-09  9.44618715e-10]
 [ 7.36207142e-01 -1.27980381e-12 -1.83740854e-13  4.62010753e-11
  -1.35496620e-10 -1.94968615e-15  8.52944060e-16  2.63838155e-05
  -1.88631172e-06 -1.59792834e-08  9.27051712e-10]
 [ 7.57968557e-01 -1.27980381e-12 -2.28980078e-13  4.30361039e-11
  -1.88047579e-10 -1.94968615e-15  8.85868432e-16  2.29423303e-05
  -2.22922353e-06 -7.98767811e-09  9.98214034e-10]
 [-8.82646063e-01 -2.21196765e-12 -3.80416627e-13  3.72528255e-11
  -1.40257615e-10 -1.99722168e-15  8.11056832e-16  2.84437563e-05
  -2.88723034e-06 -2.01140790e-08  1.36949376e-09]
 [ 0.00000000e+00 -2.21196765e-12 -3.13468242e-13  5.71584904e-11
  -1.18283863e-10 -1.83669770e-15  8.67478447e-16  1.44274103e-05
  -2.61051452e-06 -1.77183268e-08  1.04393930e-09]]
  
Generation 2 (7th vector is the ans (0 indexed))


Population:
[[ 0.00000000e+00 -1.27980381e-12 -2.28980078e-13  4.79107086e-11
  -2.19392432e-10 -1.94968615e-15  8.39212334e-16  2.29423303e-05
  -1.88631172e-06 -1.59792834e-08  9.57283888e-10]
 [-8.82646063e-01 -2.21196765e-12 -3.13468242e-13  3.72528255e-11
  -1.75214813e-10 -1.99722168e-15  8.52944060e-16  2.29423303e-05
  -2.04721003e-06 -1.77183268e-08  9.98214034e-10]
 [-8.82646063e-01 -1.40551374e-12 -2.72328283e-13  4.30878207e-11
  -2.28864960e-10 -1.20809573e-15  8.57463659e-16  2.29423303e-05
  -2.04721003e-06 -1.77183268e-08  9.98214034e-10]
 [-8.82646063e-01 -1.94792892e-12 -2.88344059e-13  5.48062453e-11
  -2.06461757e-10 -1.83669770e-15  8.57463659e-16  2.39960779e-05
  -2.04721003e-06 -2.00113782e-08  1.01548365e-09]
 [-3.82850667e-01 -1.20467825e-12 -2.73211835e-13  5.20246629e-11
  -2.78156302e-10 -1.83669770e-15  9.46338868e-16  2.91522523e-05
  -1.84405391e-06 -9.94388023e-09  9.44618715e-10]
 [-7.18588585e-01 -9.81304849e-13 -2.72328283e-13  5.31072746e-11
  -2.63998032e-10 -1.21814214e-15  8.57463659e-16  2.29423303e-05
  -2.70762687e-06 -9.70937255e-09  9.44618715e-10]
 [ 7.36207142e-01 -1.27980381e-12 -1.83740854e-13  4.62010753e-11
  -1.35496620e-10 -1.94968615e-15  8.52944060e-16  2.63838155e-05
  -1.88631172e-06 -1.59792834e-08  9.27051712e-10]
 [ 7.57968557e-01 -1.27980381e-12 -2.28980078e-13  4.30361039e-11
  -1.88047579e-10 -1.94968615e-15  8.85868432e-16  2.29423303e-05
  -2.22922353e-06 -7.98767811e-09  9.98214034e-10]
 [-8.82646063e-01 -2.21196765e-12 -3.80416627e-13  3.72528255e-11
  -1.40257615e-10 -1.99722168e-15  8.11056832e-16  2.84437563e-05
  -2.88723034e-06 -2.01140790e-08  1.36949376e-09]
 [ 0.00000000e+00 -2.21196765e-12 -3.13468242e-13  5.71584904e-11
  -1.18283863e-10 -1.83669770e-15  8.67478447e-16  1.44274103e-05
  -2.61051452e-06 -1.77183268e-08  1.04393930e-09]]
