Generation 1

Population:
[[-8.53010823e-03 -1.45799022e-12 -2.88140359e-13  4.62010753e-11
  -1.69163833e-10 -9.92585109e-16  8.52944060e-16  2.54188448e-05
  -2.04721003e-06 -1.59792834e-08  1.02425344e-09]
 [-3.36603456e-01 -1.06148853e-12 -2.28980078e-13  4.62010753e-11
  -1.77929885e-10 -1.83669770e-15  8.52944060e-16  2.22537321e-05
  -2.04721003e-06 -2.44475931e-08  9.98214034e-10]
 [ 0.00000000e+00 -1.45799022e-12 -2.31019404e-13  4.62010753e-11
  -2.04234856e-10 -2.14816514e-15  8.52944060e-16  2.46914915e-05
  -1.50360331e-06 -1.59792834e-08  9.98214034e-10]
 [ 7.96206328e-01 -2.05394691e-12 -1.93059216e-13  4.62010753e-11
  -1.22021919e-10 -1.83669770e-15  7.85706870e-16  2.29423303e-05
  -1.25444261e-06 -1.44810322e-08  9.98214034e-10]
 [-7.87617361e-01 -1.45799022e-12 -2.28980078e-13  4.62010753e-11
  -1.75214813e-10 -1.92683713e-15  8.52944060e-16  2.29423303e-05
  -2.02518082e-06 -1.80379539e-08  1.02783775e-09]
 [-6.65444714e-01 -1.45799022e-12 -2.19561891e-13  4.60764044e-11
  -1.75214813e-10 -1.83669770e-15  8.28101761e-16  1.76175729e-05
  -2.04721003e-06 -1.59792834e-08  9.79150619e-10]
 [ 3.72010673e-01 -1.34760511e-12 -2.28980078e-13  4.62010753e-11
  -1.75214813e-10 -1.83669770e-15  8.89146196e-16  2.29423303e-05
  -2.04721003e-06 -1.59792834e-08  9.18515733e-10]
 [ 0.00000000e+00 -1.85941698e-12 -2.28980078e-13  4.62010753e-11
  -1.51224919e-10 -2.47104555e-15  8.52944060e-16  2.29423303e-05
  -2.04721003e-06 -1.59792834e-08  1.03776595e-09]
 [ 4.77805139e-01 -1.63463265e-12 -2.76117179e-13  4.62010753e-11
  -2.35578402e-10 -1.83669770e-15  7.83455393e-16  1.62030254e-05
  -2.04721003e-06 -1.59792834e-08  9.46521872e-10]
 [-1.67806358e-01 -2.34757556e-12 -2.28980078e-13  4.90423947e-11
  -1.83374897e-10 -2.28601611e-15  8.52944060e-16  2.29423303e-05
  -2.04721003e-06 -1.59792834e-08  9.98214034e-10]]



Selected parents:
[[-8.53010823e-03 -7.87617361e-01 -6.65444714e-01  3.72010673e-01
   0.00000000e+00 -1.67806358e-01]
 [-1.45799022e-12 -1.45799022e-12 -1.45799022e-12 -1.34760511e-12
  -1.85941698e-12 -2.34757556e-12]
 [-2.88140359e-13 -2.28980078e-13 -2.19561891e-13 -2.28980078e-13
  -2.28980078e-13 -2.28980078e-13]
 [ 4.62010753e-11  4.62010753e-11  4.60764044e-11  4.62010753e-11
   4.62010753e-11  4.90423947e-11]
 [-1.69163833e-10 -1.75214813e-10 -1.75214813e-10 -1.75214813e-10
  -1.51224919e-10 -1.83374897e-10]
 [-9.92585109e-16 -1.92683713e-15 -1.83669770e-15 -1.83669770e-15
  -2.47104555e-15 -2.28601611e-15]
 [ 8.52944060e-16  8.52944060e-16  8.28101761e-16  8.89146196e-16
   8.52944060e-16  8.52944060e-16]
 [ 2.54188448e-05  2.29423303e-05  1.76175729e-05  2.29423303e-05
   2.29423303e-05  2.29423303e-05]
 [-2.04721003e-06 -2.02518082e-06 -2.04721003e-06 -2.04721003e-06
  -2.04721003e-06 -2.04721003e-06]
 [-1.59792834e-08 -1.80379539e-08 -1.59792834e-08 -1.59792834e-08
  -1.59792834e-08 -1.59792834e-08]
 [ 1.02425344e-09  1.02783775e-09  9.79150619e-10  9.18515733e-10
   1.03776595e-09  9.98214034e-10]]
   
   
After cross over and mutation:
[[-7.87617361e-01 -1.45799022e-12 -2.28980078e-13  4.62010753e-11
  -1.75214813e-10 -1.92683713e-15  8.52944060e-16  2.29423303e-05
  -2.02518082e-06 -1.80379539e-08  1.02783775e-09]
 [-1.67806358e-01 -2.34757556e-12 -2.28980078e-13  4.90423947e-11
  -1.83374897e-10 -2.28601611e-15  8.52944060e-16  2.29423303e-05
  -2.04721003e-06 -1.59792834e-08  9.98214034e-10]
 [-8.53010823e-03 -1.84519884e-12 -2.28980078e-13  4.00946737e-11
  -2.48372880e-10 -2.28601611e-15  8.52944060e-16  2.29423303e-05
  -1.66777837e-06 -2.24172870e-08  1.06772835e-09]
 [-8.94286017e-03 -1.77126185e-12 -2.88140359e-13  3.81386879e-11
  -1.57678392e-10 -9.66533809e-16  9.16197078e-16  2.54188448e-05
  -2.04721003e-06 -1.59792834e-08  1.02425344e-09]
 [-7.12711155e-01 -1.45799022e-12 -1.81896582e-13  4.62010753e-11
  -1.75214813e-10 -2.58605985e-15  8.52944060e-16  2.29423303e-05
  -1.19387491e-06 -2.23863456e-08  1.02783775e-09]
 [-1.67806358e-01 -2.34757556e-12 -2.28980078e-13  4.90423947e-11
  -1.75214813e-10 -2.80480450e-15  8.35386321e-16  2.29423303e-05
  -1.37624075e-06 -1.80379539e-08  9.98214034e-10]
 [-7.64183725e-01 -1.08810194e-12 -2.00833638e-13  4.31723051e-11
  -1.75214813e-10 -1.92683713e-15  8.52944060e-16  2.29423303e-05
  -2.04721003e-06 -2.14805540e-08  9.79150619e-10]
 [-6.65444714e-01 -1.61429997e-12 -2.28980078e-13  4.60764044e-11
  -2.34427030e-10 -1.49015553e-15  8.28101761e-16  2.58527093e-05
  -2.02518082e-06 -1.21519222e-08  1.06693148e-09]
 [-8.27444855e-01 -2.10732143e-12 -1.39162939e-13  4.55786375e-11
  -2.53831460e-10 -9.92585109e-16  9.35311197e-16  2.33141862e-05
  -2.04721003e-06 -1.80379539e-08  1.02425344e-09]
 [-7.58662130e-01 -1.45799022e-12 -2.88140359e-13  4.62010753e-11
  -1.75214813e-10 -1.92683713e-15  8.52944060e-16  3.43693112e-05
  -1.15809140e-06 -1.35760251e-08  6.35835708e-10]]
  
Generation 2


Population:
[[-7.87617361e-01 -1.45799022e-12 -2.28980078e-13  4.62010753e-11
  -1.75214813e-10 -1.92683713e-15  8.52944060e-16  2.29423303e-05
  -2.02518082e-06 -1.80379539e-08  1.02783775e-09]
 [-1.67806358e-01 -2.34757556e-12 -2.28980078e-13  4.90423947e-11
  -1.83374897e-10 -2.28601611e-15  8.52944060e-16  2.29423303e-05
  -2.04721003e-06 -1.59792834e-08  9.98214034e-10]
 [-8.53010823e-03 -1.84519884e-12 -2.28980078e-13  4.00946737e-11
  -2.48372880e-10 -2.28601611e-15  8.52944060e-16  2.29423303e-05
  -1.66777837e-06 -2.24172870e-08  1.06772835e-09]
 [-8.94286017e-03 -1.77126185e-12 -2.88140359e-13  3.81386879e-11
  -1.57678392e-10 -9.66533809e-16  9.16197078e-16  2.54188448e-05
  -2.04721003e-06 -1.59792834e-08  1.02425344e-09]
 [-7.12711155e-01 -1.45799022e-12 -1.81896582e-13  4.62010753e-11
  -1.75214813e-10 -2.58605985e-15  8.52944060e-16  2.29423303e-05
  -1.19387491e-06 -2.23863456e-08  1.02783775e-09]
 [-1.67806358e-01 -2.34757556e-12 -2.28980078e-13  4.90423947e-11
  -1.75214813e-10 -2.80480450e-15  8.35386321e-16  2.29423303e-05
  -1.37624075e-06 -1.80379539e-08  9.98214034e-10]
 [-7.64183725e-01 -1.08810194e-12 -2.00833638e-13  4.31723051e-11
  -1.75214813e-10 -1.92683713e-15  8.52944060e-16  2.29423303e-05
  -2.04721003e-06 -2.14805540e-08  9.79150619e-10]
 [-6.65444714e-01 -1.61429997e-12 -2.28980078e-13  4.60764044e-11
  -2.34427030e-10 -1.49015553e-15  8.28101761e-16  2.58527093e-05
  -2.02518082e-06 -1.21519222e-08  1.06693148e-09]
 [-8.27444855e-01 -2.10732143e-12 -1.39162939e-13  4.55786375e-11
  -2.53831460e-10 -9.92585109e-16  9.35311197e-16  2.33141862e-05
  -2.04721003e-06 -1.80379539e-08  1.02425344e-09]
 [-7.58662130e-01 -1.45799022e-12 -2.88140359e-13  4.62010753e-11
  -1.75214813e-10 -1.92683713e-15  8.52944060e-16  3.43693112e-05
  -1.15809140e-06 -1.35760251e-08  6.35835708e-10]]



Selected parents:
[[-7.87617361e-01 -1.67806358e-01 -8.53010823e-03 -8.94286017e-03
  -7.64183725e-01 -8.27444855e-01]
 [-1.45799022e-12 -2.34757556e-12 -1.84519884e-12 -1.77126185e-12
  -1.08810194e-12 -2.10732143e-12]
 [-2.28980078e-13 -2.28980078e-13 -2.28980078e-13 -2.88140359e-13
  -2.00833638e-13 -1.39162939e-13]
 [ 4.62010753e-11  4.90423947e-11  4.00946737e-11  3.81386879e-11
   4.31723051e-11  4.55786375e-11]
 [-1.75214813e-10 -1.83374897e-10 -2.48372880e-10 -1.57678392e-10
  -1.75214813e-10 -2.53831460e-10]
 [-1.92683713e-15 -2.28601611e-15 -2.28601611e-15 -9.66533809e-16
  -1.92683713e-15 -9.92585109e-16]
 [ 8.52944060e-16  8.52944060e-16  8.52944060e-16  9.16197078e-16
   8.52944060e-16  9.35311197e-16]
 [ 2.29423303e-05  2.29423303e-05  2.29423303e-05  2.54188448e-05
   2.29423303e-05  2.33141862e-05]
 [-2.02518082e-06 -2.04721003e-06 -1.66777837e-06 -2.04721003e-06
  -2.04721003e-06 -2.04721003e-06]
 [-1.80379539e-08 -1.59792834e-08 -2.24172870e-08 -1.59792834e-08
  -2.14805540e-08 -1.80379539e-08]
 [ 1.02783775e-09  9.98214034e-10  1.06772835e-09  1.02425344e-09
   9.79150619e-10  1.02425344e-09]]
   
   
After cross over and mutation:
[[-7.87617361e-01 -1.45799022e-12 -2.28980078e-13  4.62010753e-11
  -1.75214813e-10 -1.92683713e-15  8.52944060e-16  2.29423303e-05
  -2.02518082e-06 -1.80379539e-08  1.02783775e-09]
 [-1.67806358e-01 -2.34757556e-12 -2.28980078e-13  4.90423947e-11
  -1.83374897e-10 -2.28601611e-15  8.52944060e-16  2.29423303e-05
  -2.04721003e-06 -1.59792834e-08  9.98214034e-10]
 [-7.56017555e-01 -2.32381007e-12 -1.39162939e-13  4.55786375e-11
  -2.53831460e-10 -9.92585109e-16  9.35311197e-16  3.40915805e-05
  -2.75276010e-06 -2.42876502e-08  3.16818859e-10]
 [-8.94286017e-03 -2.10732143e-12 -2.88140359e-13  3.81386879e-11
  -1.96463770e-10 -1.01719560e-15  9.16197078e-16  2.33141862e-05
  -2.16203672e-06 -1.38695142e-08  1.47700960e-09]
 [-1.67806358e-01 -2.34757556e-12 -1.91640892e-13  4.88980165e-11
  -8.66822906e-11 -2.28601611e-15  8.15092900e-16  2.06823828e-05
  -2.19095023e-06 -1.59792834e-08  1.37908363e-09]
 [-7.13925292e-01 -1.45799022e-12 -2.28980078e-13  4.62010753e-11
  -1.15411775e-10 -2.50720506e-15  8.52944060e-16  1.74716888e-05
  -1.32702710e-06 -1.80379539e-08  1.02783775e-09]
 [-8.27444855e-01 -2.64028193e-12 -1.91902163e-13  4.94106742e-11
  -2.53831460e-10 -2.41482943e-15  8.52944060e-16  2.33141862e-05
  -2.04721003e-06 -1.93039909e-08  1.02425344e-09]
 [-8.27444855e-01 -2.34757556e-12 -2.28980078e-13  4.13352914e-11
  -2.53831460e-10 -3.11089908e-15  9.35311197e-16  2.29423303e-05
  -1.23851829e-06 -1.59792834e-08  1.03281654e-09]
 [-1.14214456e-01 -2.02871728e-12 -1.47120182e-13  4.90423947e-11
  -1.49217916e-10 -1.37111429e-15  8.52944060e-16  1.93523017e-05
  -2.39233688e-06 -1.80379539e-08  1.02783775e-09]
 [-8.08434515e-01 -1.45799022e-12 -2.28980078e-13  5.78676986e-11
  -1.31770379e-10 -2.28601611e-15  8.09402549e-16  2.29423303e-05
  -2.04721003e-06 -9.13417009e-09  9.98214034e-10]]
  
  
Generation 3

Population:
[[-7.87617361e-01 -1.45799022e-12 -2.28980078e-13  4.62010753e-11
  -1.75214813e-10 -1.92683713e-15  8.52944060e-16  2.29423303e-05
  -2.02518082e-06 -1.80379539e-08  1.02783775e-09]
 [-1.67806358e-01 -2.34757556e-12 -2.28980078e-13  4.90423947e-11
  -1.83374897e-10 -2.28601611e-15  8.52944060e-16  2.29423303e-05
  -2.04721003e-06 -1.59792834e-08  9.98214034e-10]
 [-7.56017555e-01 -2.32381007e-12 -1.39162939e-13  4.55786375e-11
  -2.53831460e-10 -9.92585109e-16  9.35311197e-16  3.40915805e-05
  -2.75276010e-06 -2.42876502e-08  3.16818859e-10]
 [-8.94286017e-03 -2.10732143e-12 -2.88140359e-13  3.81386879e-11
  -1.96463770e-10 -1.01719560e-15  9.16197078e-16  2.33141862e-05
  -2.16203672e-06 -1.38695142e-08  1.47700960e-09]
 [-1.67806358e-01 -2.34757556e-12 -1.91640892e-13  4.88980165e-11
  -8.66822906e-11 -2.28601611e-15  8.15092900e-16  2.06823828e-05
  -2.19095023e-06 -1.59792834e-08  1.37908363e-09]
 [-7.13925292e-01 -1.45799022e-12 -2.28980078e-13  4.62010753e-11
  -1.15411775e-10 -2.50720506e-15  8.52944060e-16  1.74716888e-05
  -1.32702710e-06 -1.80379539e-08  1.02783775e-09]
 [-8.27444855e-01 -2.64028193e-12 -1.91902163e-13  4.94106742e-11
  -2.53831460e-10 -2.41482943e-15  8.52944060e-16  2.33141862e-05
  -2.04721003e-06 -1.93039909e-08  1.02425344e-09]
 [-8.27444855e-01 -2.34757556e-12 -2.28980078e-13  4.13352914e-11
  -2.53831460e-10 -3.11089908e-15  9.35311197e-16  2.29423303e-05
  -1.23851829e-06 -1.59792834e-08  1.03281654e-09]
 [-1.14214456e-01 -2.02871728e-12 -1.47120182e-13  4.90423947e-11
  -1.49217916e-10 -1.37111429e-15  8.52944060e-16  1.93523017e-05
  -2.39233688e-06 -1.80379539e-08  1.02783775e-09]
 [-8.08434515e-01 -1.45799022e-12 -2.28980078e-13  5.78676986e-11
  -1.31770379e-10 -2.28601611e-15  8.09402549e-16  2.29423303e-05
  -2.04721003e-06 -9.13417009e-09  9.98214034e-10]]



Selected parents:
[[-7.87617361e-01 -1.67806358e-01 -7.13925292e-01 -8.27444855e-01
  -1.14214456e-01 -8.08434515e-01]
 [-1.45799022e-12 -2.34757556e-12 -1.45799022e-12 -2.64028193e-12
  -2.02871728e-12 -1.45799022e-12]
 [-2.28980078e-13 -2.28980078e-13 -2.28980078e-13 -1.91902163e-13
  -1.47120182e-13 -2.28980078e-13]
 [ 4.62010753e-11  4.90423947e-11  4.62010753e-11  4.94106742e-11
   4.90423947e-11  5.78676986e-11]
 [-1.75214813e-10 -1.83374897e-10 -1.15411775e-10 -2.53831460e-10
  -1.49217916e-10 -1.31770379e-10]
 [-1.92683713e-15 -2.28601611e-15 -2.50720506e-15 -2.41482943e-15
  -1.37111429e-15 -2.28601611e-15]
 [ 8.52944060e-16  8.52944060e-16  8.52944060e-16  8.52944060e-16
   8.52944060e-16  8.09402549e-16]
 [ 2.29423303e-05  2.29423303e-05  1.74716888e-05  2.33141862e-05
   1.93523017e-05  2.29423303e-05]
 [-2.02518082e-06 -2.04721003e-06 -1.32702710e-06 -2.04721003e-06
  -2.39233688e-06 -2.04721003e-06]
 [-1.80379539e-08 -1.59792834e-08 -1.80379539e-08 -1.93039909e-08
  -1.80379539e-08 -9.13417009e-09]
 [ 1.02783775e-09  9.98214034e-10  1.02783775e-09  1.02425344e-09
   1.02783775e-09  9.98214034e-10]]
   
  
After cross over and mutation:
[[-7.87617361e-01 -1.45799022e-12 -2.28980078e-13  4.62010753e-11
  -1.75214813e-10 -1.92683713e-15  8.52944060e-16  2.29423303e-05
  -2.02518082e-06 -1.80379539e-08  1.02783775e-09]
 [-1.67806358e-01 -2.34757556e-12 -2.28980078e-13  4.90423947e-11
  -1.83374897e-10 -2.28601611e-15  8.52944060e-16  2.29423303e-05
  -2.04721003e-06 -1.59792834e-08  9.98214034e-10]
 [-7.87617361e-01 -1.45799022e-12 -2.88760127e-13  6.02690566e-11
  -2.25467593e-10 -1.92683713e-15  7.50243427e-16  1.58016207e-05
  -1.74262678e-06 -1.80379539e-08  9.72874987e-10]
 [-8.08434515e-01 -1.43528116e-12 -1.42283684e-13  5.07745342e-11
  -1.36036036e-10 -2.28601611e-15  8.52944060e-16  2.29423303e-05
  -2.37988893e-06 -9.10981973e-09  1.06281091e-09]
 [-7.61888700e-01 -2.00571365e-12 -1.79828581e-13  4.94106742e-11
  -9.64370584e-11 -2.41482943e-15  9.16044904e-16  2.29423303e-05
  -2.02518082e-06 -2.60217650e-08  4.99137503e-10]
 [-8.27444855e-01 -1.45799022e-12 -2.28980078e-13  5.70607523e-11
  -2.53831460e-10 -2.41482943e-15  8.42509697e-16  2.29423303e-05
  -1.35422713e-06 -1.03360612e-08  1.02783775e-09]
 [-7.87617361e-01 -1.43600653e-12 -2.28980078e-13  4.62010753e-11
  -1.66473526e-10 -1.92683713e-15  8.52944060e-16  2.29423303e-05
  -1.71945201e-06 -2.31295512e-08  1.02783775e-09]
 [-7.87617361e-01 -1.91081286e-12 -2.46688020e-13  5.78676986e-11
  -1.75214813e-10 -2.45096630e-15  8.09402549e-16  2.29423303e-05
  -2.02518082e-06 -9.99765847e-09  1.45532032e-09]
 [-8.47923359e-01 -1.45799022e-12 -2.28980078e-13  4.90423947e-11
  -1.75214813e-10 -2.19243105e-15  8.50924222e-16  1.93523017e-05
  -2.39233688e-06 -1.80379539e-08  7.06284962e-10]
 [-1.14214456e-01 -2.01888617e-12 -1.16533130e-13  5.52169041e-11
  -1.07780899e-10 -1.94213381e-15  8.22462599e-16  2.29423303e-05
  -2.02518082e-06 -1.22001954e-08  1.29936292e-09]]
  
Generation 4 (3rd vector)


Population:
[[-7.87617361e-01 -1.45799022e-12 -2.28980078e-13  4.62010753e-11
  -1.75214813e-10 -1.92683713e-15  8.52944060e-16  2.29423303e-05
  -2.02518082e-06 -1.80379539e-08  1.02783775e-09]
 [-1.67806358e-01 -2.34757556e-12 -2.28980078e-13  4.90423947e-11
  -1.83374897e-10 -2.28601611e-15  8.52944060e-16  2.29423303e-05
  -2.04721003e-06 -1.59792834e-08  9.98214034e-10]
 [-7.87617361e-01 -1.45799022e-12 -2.88760127e-13  6.02690566e-11
  -2.25467593e-10 -1.92683713e-15  7.50243427e-16  1.58016207e-05
  -1.74262678e-06 -1.80379539e-08  9.72874987e-10]
 [-8.08434515e-01 -1.43528116e-12 -1.42283684e-13  5.07745342e-11
  -1.36036036e-10 -2.28601611e-15  8.52944060e-16  2.29423303e-05
  -2.37988893e-06 -9.10981973e-09  1.06281091e-09]
 [-7.61888700e-01 -2.00571365e-12 -1.79828581e-13  4.94106742e-11
  -9.64370584e-11 -2.41482943e-15  9.16044904e-16  2.29423303e-05
  -2.02518082e-06 -2.60217650e-08  4.99137503e-10]
 [-8.27444855e-01 -1.45799022e-12 -2.28980078e-13  5.70607523e-11
  -2.53831460e-10 -2.41482943e-15  8.42509697e-16  2.29423303e-05
  -1.35422713e-06 -1.03360612e-08  1.02783775e-09]
 [-7.87617361e-01 -1.43600653e-12 -2.28980078e-13  4.62010753e-11
  -1.66473526e-10 -1.92683713e-15  8.52944060e-16  2.29423303e-05
  -1.71945201e-06 -2.31295512e-08  1.02783775e-09]
 [-7.87617361e-01 -1.91081286e-12 -2.46688020e-13  5.78676986e-11
  -1.75214813e-10 -2.45096630e-15  8.09402549e-16  2.29423303e-05
  -2.02518082e-06 -9.99765847e-09  1.45532032e-09]
 [-8.47923359e-01 -1.45799022e-12 -2.28980078e-13  4.90423947e-11
  -1.75214813e-10 -2.19243105e-15  8.50924222e-16  1.93523017e-05
  -2.39233688e-06 -1.80379539e-08  7.06284962e-10]
 [-1.14214456e-01 -2.01888617e-12 -1.16533130e-13  5.52169041e-11
  -1.07780899e-10 -1.94213381e-15  8.22462599e-16  2.29423303e-05
  -2.02518082e-06 -1.22001954e-08  1.29936292e-09]]
