Fitness funtion: -1 * (train_validation_error[:, 1] + train_validation_error[:, 0])
Initialed with the best that we have until now
Starting all over again with new root population
No of generations: 10
Population size: 10
Mutation coefficient: 0.2
Split point: 7
Two offspring per pair
Population:
[[ 0.00000000e+00  0.00000000e+00 -8.99469270e+00  0.00000000e+00
   0.00000000e+00  0.00000000e+00  0.00000000e+00  0.00000000e+00
   0.00000000e+00  5.13152399e+00]
 [-9.75835723e+00 -9.75835723e+00 -9.75835723e+00 -9.75835723e+00
  -9.75835723e+00 -9.75835723e+00 -9.75835723e+00  8.15499567e+00
  -9.75835723e+00 -9.75835723e+00]
 [-2.28980078e-13 -6.89851082e+00 -2.28980078e-13 -2.28980078e-13
  -2.28980078e-13 -2.28980078e-13 -2.28980078e-13 -2.28980078e-13
  -2.28980078e-13 -2.28980078e-13]
 [ 1.07109860e+00  1.07109860e+00  1.07109860e+00  1.07109860e+00
   1.07109860e+00  1.07109860e+00  1.07109860e+00  1.07109860e+00
   1.07109860e+00  1.07109860e+00]
 [-1.75214813e-10 -1.75214813e-10 -1.75214813e-10 -1.75214813e-10
  -1.75214813e-10 -1.75214813e-10 -1.75214813e-10 -1.75214813e-10
  -1.75214813e-10 -1.75214813e-10]
 [-1.83669770e-15 -7.68328173e+00 -1.83669770e-15 -1.83669770e-15
   6.19979954e+00 -3.12980365e+00 -1.83669770e-15 -1.83669770e-15
  -1.83669770e-15  5.99994073e+00]
 [ 2.67118468e+00  8.52944060e-16  8.52944060e-16  8.52944060e-16
   8.52944060e-16  6.62089551e+00  8.52944060e-16  8.52944060e-16
   8.52944060e-16  1.10230649e+00]
 [ 2.29423303e-05  2.29423303e-05  2.29423303e-05  2.29423303e-05
   2.29423303e-05  2.29423303e-05  2.29423303e-05  2.29423303e-05
   2.29423303e-05  2.29423303e-05]
 [-2.04721003e-06 -2.04721003e-06 -2.04721003e-06 -2.04721003e-06
  -2.04721003e-06 -2.04721003e-06 -2.04721003e-06 -2.04721003e-06
  -2.04721003e-06 -2.04721003e-06]
 [ 3.04997039e+00 -1.59792834e-08 -1.59792834e-08 -1.59792834e-08
  -1.59792834e-08 -1.59792834e-08 -1.59792834e-08 -1.59792834e-08
  -1.59792834e-08 -1.59792834e-08]
 [ 9.98214034e-10 -6.71461796e+00  9.98214034e-10  9.98214034e-10
   9.98214034e-10  9.98214034e-10 -7.15823025e+00  9.98214034e-10
  -4.05376929e+00  9.98214034e-10]]
Train validation errors
[[1.7941076632168716e+30, 3.4394513465431593e+30], [2.1643802430745545e+43, 2.2025294592809937e+43], [15449790285.392181, 400739531550.8066], [15450295594.449286, 400741755000.0832], [1.409194676612897e+43, 1.4340056525719877e+43], [3.5912850934027397e+42, 3.6545150286227764e+42], [2.3254868698481825e+34, 4.39953132508971e+34], [15471067256.228558, 400936909667.4494], [7.457969813342229e+33, 1.4109549376821204e+34], [1.319804545121983e+43, 1.3430416743725895e+43]]
Selected parents:
[[ 0.00000000e+00 -9.75835723e+00 -2.28980078e-13  1.07109860e+00
  -1.75214813e-10 -1.83669770e-15  2.67118468e+00  2.29423303e-05
  -2.04721003e-06  3.04997039e+00  9.98214034e-10]
 [-8.99469270e+00 -9.75835723e+00 -2.28980078e-13  1.07109860e+00
  -1.75214813e-10 -1.83669770e-15  8.52944060e-16  2.29423303e-05
  -2.04721003e-06 -1.59792834e-08  9.98214034e-10]
 [ 0.00000000e+00 -9.75835723e+00 -2.28980078e-13  1.07109860e+00
  -1.75214813e-10 -1.83669770e-15  8.52944060e-16  2.29423303e-05
  -2.04721003e-06 -1.59792834e-08  9.98214034e-10]
 [ 0.00000000e+00 -9.75835723e+00 -2.28980078e-13  1.07109860e+00
  -1.75214813e-10 -1.83669770e-15  8.52944060e-16  2.29423303e-05
  -2.04721003e-06 -1.59792834e-08 -7.15823025e+00]
 [ 0.00000000e+00  8.15499567e+00 -2.28980078e-13  1.07109860e+00
  -1.75214813e-10 -1.83669770e-15  8.52944060e-16  2.29423303e-05
  -2.04721003e-06 -1.59792834e-08  9.98214034e-10]
 [ 0.00000000e+00 -9.75835723e+00 -2.28980078e-13  1.07109860e+00
  -1.75214813e-10 -1.83669770e-15  8.52944060e-16  2.29423303e-05
  -2.04721003e-06 -1.59792834e-08 -4.05376929e+00]]Population:
[[-8.99469270e+00  0.00000000e+00  0.00000000e+00  0.00000000e+00
  -8.99469270e+00  0.00000000e+00  4.91968578e+00  0.00000000e+00
   0.00000000e+00  0.00000000e+00]
 [-9.75835723e+00 -9.75835723e+00 -9.75835723e+00 -9.75835723e+00
  -9.75835723e+00 -9.75835723e+00 -9.75835723e+00  9.10300380e+00
   7.06112006e+00 -9.75835723e+00]
 [-2.28980078e-13 -2.28980078e-13 -2.28980078e-13 -2.84549861e-02
   9.40894816e+00 -2.28980078e-13 -2.28980078e-13 -2.28980078e-13
  -2.28980078e-13  5.71250525e+00]
 [ 1.07109860e+00  1.07109860e+00  1.07109860e+00  1.07109860e+00
   1.07109860e+00  1.07109860e+00  1.07109860e+00  1.07109860e+00
   1.07109860e+00  3.97300847e-01]
 [-1.75214813e-10 -1.75214813e-10 -1.75214813e-10 -1.75214813e-10
  -1.75214813e-10 -1.75214813e-10 -1.75214813e-10 -7.16495014e+00
  -1.75214813e-10 -1.75214813e-10]
 [-1.83669770e-15 -1.83669770e-15 -1.83669770e-15 -3.47130529e+00
  -1.83669770e-15 -1.83669770e-15 -1.83669770e-15 -1.83669770e-15
  -1.83669770e-15 -1.59604007e+00]
 [ 8.52944060e-16  8.52944060e-16  8.52944060e-16  8.52944060e-16
   8.52944060e-16  8.52944060e-16  8.52944060e-16  8.52944060e-16
   4.69626140e-01  3.70846053e+00]
 [ 2.29423303e-05  2.29423303e-05  7.78654819e+00  2.29423303e-05
   2.29423303e-05  2.29423303e-05  2.29423303e-05  2.29423303e-05
   2.29423303e-05  2.29423303e-05]
 [-2.04721003e-06 -2.04721003e-06  4.90593533e+00 -2.04721003e-06
  -2.04721003e-06 -2.04721003e-06 -2.04721003e-06 -2.04721003e-06
  -2.04721003e-06 -2.04721003e-06]
 [-1.59792834e-08 -1.59792834e-08 -1.59792834e-08 -1.59792834e-08
  -1.59792834e-08  3.46674086e+00 -1.59792834e-08 -1.59792834e-08
   3.04997039e+00  3.04997039e+00]
 [ 9.98214034e-10  9.98214034e-10 -4.05376929e+00 -7.15823025e+00
  -7.15823025e+00 -7.15823025e+00 -4.05376929e+00 -7.15823025e+00
   9.98214034e-10  9.98214034e-10]]
Train validation errors
[[15449790285.392181, 400739531550.8066], [15450295594.449286, 400741755000.0832], [7.45005640378128e+33, 1.4094361674711746e+34], [4.418336258901508e+42, 4.4963303106380137e+42], [2.325486869847971e+34, 4.399531325089297e+34], [2.2801311127295194e+34, 4.311597591391391e+34], [7.457969813342225e+33, 1.4109549376821204e+34], [2.325486870214795e+34, 4.399531325806166e+34], [1.7941076632176003e+30, 3.4394513465445745e+30], [9.339039269931947e+41, 9.503458687873583e+41]]
Selected parents:
[[-8.99469270e+00 -9.75835723e+00 -2.28980078e-13  1.07109860e+00
  -1.75214813e-10 -1.83669770e-15  8.52944060e-16  2.29423303e-05
  -2.04721003e-06 -1.59792834e-08  9.98214034e-10]
 [ 0.00000000e+00 -9.75835723e+00 -2.28980078e-13  1.07109860e+00
  -1.75214813e-10 -1.83669770e-15  8.52944060e-16  2.29423303e-05
  -2.04721003e-06 -1.59792834e-08  9.98214034e-10]
 [ 0.00000000e+00 -9.75835723e+00 -2.28980078e-13  1.07109860e+00
  -1.75214813e-10 -1.83669770e-15  8.52944060e-16  7.78654819e+00
   4.90593533e+00 -1.59792834e-08 -4.05376929e+00]
 [ 0.00000000e+00 -9.75835723e+00 -2.28980078e-13  1.07109860e+00
  -1.75214813e-10 -1.83669770e-15  8.52944060e-16  2.29423303e-05
  -2.04721003e-06  3.46674086e+00 -7.15823025e+00]
 [ 4.91968578e+00 -9.75835723e+00 -2.28980078e-13  1.07109860e+00
  -1.75214813e-10 -1.83669770e-15  8.52944060e-16  2.29423303e-05
  -2.04721003e-06 -1.59792834e-08 -4.05376929e+00]
 [ 0.00000000e+00  7.06112006e+00 -2.28980078e-13  1.07109860e+00
  -1.75214813e-10 -1.83669770e-15  4.69626140e-01  2.29423303e-05
  -2.04721003e-06  3.04997039e+00  9.98214034e-10]]Population:
[[-8.99469270e+00  0.00000000e+00  0.00000000e+00 -8.99469270e+00
   0.00000000e+00  0.00000000e+00  0.00000000e+00  0.00000000e+00
   0.00000000e+00  0.00000000e+00]
 [-9.75835723e+00 -9.75835723e+00 -9.75835723e+00 -9.75835723e+00
  -9.75835723e+00 -9.75835723e+00 -9.75835723e+00 -9.75835723e+00
  -9.75835723e+00 -9.75835723e+00]
 [-2.28980078e-13 -2.28980078e-13 -2.28980078e-13 -2.28980078e-13
  -2.28980078e-13 -2.28980078e-13 -2.28980078e-13  4.79894563e-01
  -2.28980078e-13 -2.28980078e-13]
 [ 1.07109860e+00  1.07109860e+00  1.07109860e+00  1.07109860e+00
   1.07109860e+00  1.07109860e+00  1.07109860e+00  1.07109860e+00
  -8.51951856e+00  1.07109860e+00]
 [-1.75214813e-10 -1.75214813e-10 -1.75214813e-10 -1.75214813e-10
  -1.75214813e-10 -1.75214813e-10 -1.75214813e-10 -1.75214813e-10
  -1.75214813e-10 -1.75214813e-10]
 [-1.83669770e-15 -1.83669770e-15 -1.83669770e-15 -1.83669770e-15
  -1.83669770e-15 -5.52047066e-01 -1.83669770e-15 -1.83669770e-15
  -1.83669770e-15 -1.83669770e-15]
 [ 8.52944060e-16  8.52944060e-16 -4.94117629e+00  8.52944060e-16
   4.69626140e-01  4.69626140e-01  8.52944060e-16  8.52944060e-16
   8.52944060e-16  8.52944060e-16]
 [ 2.29423303e-05  2.29423303e-05  2.29423303e-05  2.29423303e-05
   7.78654819e+00  2.29423303e-05  2.29423303e-05  7.78654819e+00
   2.29423303e-05  2.29423303e-05]
 [-2.04721003e-06 -2.04721003e-06 -2.04721003e-06 -2.04721003e-06
   6.74281989e+00 -2.04721003e-06 -2.04721003e-06  4.90593533e+00
  -2.04721003e-06 -2.04721003e-06]
 [-1.59792834e-08 -1.59792834e-08  3.31705518e-01 -1.59792834e-08
  -1.59792834e-08  3.04997039e+00  3.46674086e+00 -1.59792834e-08
  -1.59792834e-08 -1.59792834e-08]
 [ 9.98214034e-10  9.98214034e-10 -4.05376929e+00  9.98214034e-10
  -4.05376929e+00 -4.05376929e+00 -7.15823025e+00 -4.05376929e+00
   9.98214034e-10  9.98214034e-10]]
Train validation errors
[[15449790285.392181, 400739531550.8066], [15450295594.449286, 400741755000.0832], [7.433289100431163e+33, 1.4061701765673339e+34], [15449790285.392181, 400739531550.8066], [7.447185928368973e+33, 1.4088858782712588e+34], [1.1178134791931163e+41, 1.137673929784689e+41], [2.2801311127295194e+34, 4.311597591391391e+34], [7.450056403781222e+33, 1.4094361674711628e+34], [137064582854.82373, 354930828160.24164], [15450295594.449286, 400741755000.0832]]
Selected parents:
[[-8.99469270e+00 -9.75835723e+00 -2.28980078e-13  1.07109860e+00
  -1.75214813e-10 -1.83669770e-15  8.52944060e-16  2.29423303e-05
  -2.04721003e-06 -1.59792834e-08  9.98214034e-10]
 [ 0.00000000e+00 -9.75835723e+00 -2.28980078e-13  1.07109860e+00
  -1.75214813e-10 -1.83669770e-15  8.52944060e-16  2.29423303e-05
  -2.04721003e-06 -1.59792834e-08  9.98214034e-10]
 [ 0.00000000e+00 -9.75835723e+00 -2.28980078e-13  1.07109860e+00
  -1.75214813e-10 -1.83669770e-15 -4.94117629e+00  2.29423303e-05
  -2.04721003e-06  3.31705518e-01 -4.05376929e+00]
 [-8.99469270e+00 -9.75835723e+00 -2.28980078e-13  1.07109860e+00
  -1.75214813e-10 -1.83669770e-15  8.52944060e-16  2.29423303e-05
  -2.04721003e-06 -1.59792834e-08  9.98214034e-10]
 [ 0.00000000e+00 -9.75835723e+00 -2.28980078e-13 -8.51951856e+00
  -1.75214813e-10 -1.83669770e-15  8.52944060e-16  2.29423303e-05
  -2.04721003e-06 -1.59792834e-08  9.98214034e-10]
 [ 0.00000000e+00 -9.75835723e+00 -2.28980078e-13  1.07109860e+00
  -1.75214813e-10 -1.83669770e-15  8.52944060e-16  2.29423303e-05
  -2.04721003e-06 -1.59792834e-08  9.98214034e-10]]Population:
[[-8.99469270e+00 -8.99469270e+00  4.85962923e+00  4.91926319e+00
  -8.99469270e+00  5.98851853e+00 -8.99469270e+00  0.00000000e+00
  -8.99469270e+00 -8.99469270e+00]
 [-9.75835723e+00 -9.75835723e+00 -9.75835723e+00 -9.75835723e+00
  -9.75835723e+00 -9.75835723e+00 -9.75835723e+00 -9.75835723e+00
  -9.75835723e+00 -9.75835723e+00]
 [-2.28980078e-13 -2.28980078e-13 -2.28980078e-13 -2.28980078e-13
  -2.28980078e-13 -2.28980078e-13 -2.28980078e-13 -2.28980078e-13
  -2.28980078e-13 -2.28980078e-13]
 [ 1.07109860e+00  1.07109860e+00  8.76142815e+00  1.07109860e+00
   1.07109860e+00  1.07109860e+00  1.07109860e+00  1.07109860e+00
  -8.51951856e+00  1.07109860e+00]
 [-1.75214813e-10 -1.75214813e-10 -1.75214813e-10 -1.75214813e-10
  -8.65906813e+00 -1.75214813e-10 -5.72487213e+00 -1.75214813e-10
  -1.75214813e-10 -1.75214813e-10]
 [-1.83669770e-15 -1.83669770e-15 -1.83669770e-15  6.05920198e+00
  -1.83669770e-15 -1.83669770e-15 -1.83669770e-15 -1.83669770e-15
  -1.83669770e-15 -1.83669770e-15]
 [ 8.52944060e-16  8.52944060e-16  8.52944060e-16  9.84346676e+00
   8.52944060e-16  8.52944060e-16  8.52944060e-16  3.90139714e+00
   8.52944060e-16  8.52944060e-16]
 [ 2.29423303e-05  2.29423303e-05  2.29423303e-05  8.03305258e+00
   2.29423303e-05  2.29423303e-05  2.29423303e-05  2.29423303e-05
   2.29423303e-05  2.29423303e-05]
 [-2.04721003e-06 -2.04721003e-06 -2.04721003e-06 -2.04721003e-06
  -2.04721003e-06  2.31751255e+00  8.45403909e+00  5.22820798e-02
  -2.04721003e-06 -2.04721003e-06]
 [-1.59792834e-08 -1.59792834e-08 -1.59792834e-08 -1.59792834e-08
  -1.59792834e-08 -1.59792834e-08 -1.59792834e-08 -1.59792834e-08
  -1.59792834e-08  6.51842976e+00]
 [ 9.98214034e-10  9.98214034e-10  9.98214034e-10  9.98214034e-10
   9.98214034e-10 -9.64215198e+00  9.98214034e-10  9.98214034e-10
   9.98214034e-10  7.70317871e+00]]
Train validation errors
[[15449790285.392181, 400739531550.8066], [15449790285.392181, 400739531550.8066], [143850049708.76904, 836568574111.2609], [1.3460046444037346e+43, 1.369703065877929e+43], [249782569655099.44, 458714423740518.3], [4.218536250180446e+34, 7.980923091272211e+34], [5.902002476020187e+27, 1.1442609726073344e+28], [2.2574107174899653e+23, 4.376599425034774e+23], [137065330943.81502, 354934547326.4298], [2.7861004059549946e+34, 5.275289591208361e+34]]
Selected parents:
[[-8.99469270e+00 -9.75835723e+00 -2.28980078e-13  1.07109860e+00
  -1.75214813e-10 -1.83669770e-15  8.52944060e-16  2.29423303e-05
  -2.04721003e-06 -1.59792834e-08  9.98214034e-10]
 [-8.99469270e+00 -9.75835723e+00 -2.28980078e-13  1.07109860e+00
  -1.75214813e-10 -1.83669770e-15  8.52944060e-16  2.29423303e-05
  -2.04721003e-06 -1.59792834e-08  9.98214034e-10]
 [ 4.85962923e+00 -9.75835723e+00 -2.28980078e-13  8.76142815e+00
  -1.75214813e-10 -1.83669770e-15  8.52944060e-16  2.29423303e-05
  -2.04721003e-06 -1.59792834e-08  9.98214034e-10]
 [-8.99469270e+00 -9.75835723e+00 -2.28980078e-13  1.07109860e+00
  -8.65906813e+00 -1.83669770e-15  8.52944060e-16  2.29423303e-05
  -2.04721003e-06 -1.59792834e-08  9.98214034e-10]
 [ 0.00000000e+00 -9.75835723e+00 -2.28980078e-13  1.07109860e+00
  -1.75214813e-10 -1.83669770e-15  3.90139714e+00  2.29423303e-05
   5.22820798e-02 -1.59792834e-08  9.98214034e-10]
 [-8.99469270e+00 -9.75835723e+00 -2.28980078e-13 -8.51951856e+00
  -1.75214813e-10 -1.83669770e-15  8.52944060e-16  2.29423303e-05
  -2.04721003e-06 -1.59792834e-08  9.98214034e-10]]Population:
[[-8.99469270e+00 -8.99469270e+00 -8.99469270e+00 -8.99469270e+00
   8.47566786e+00 -8.99469270e+00 -8.99469270e+00 -4.67373247e+00
  -5.26958883e+00  0.00000000e+00]
 [-9.75835723e+00 -9.75835723e+00 -9.75835723e+00 -9.75835723e+00
  -9.75835723e+00 -9.75835723e+00 -9.75835723e+00 -9.75835723e+00
  -9.75835723e+00 -9.75835723e+00]
 [-2.28980078e-13 -2.28980078e-13 -2.28980078e-13 -2.28980078e-13
  -2.28980078e-13 -2.28980078e-13 -2.28980078e-13 -2.28980078e-13
  -2.28980078e-13 -2.28980078e-13]
 [ 1.07109860e+00  1.07109860e+00 -8.51951856e+00 -8.51951856e+00
   1.07109860e+00  1.07109860e+00  4.03406764e+00 -8.51951856e+00
   1.07109860e+00  1.07109860e+00]
 [-1.75214813e-10 -1.75214813e-10 -1.75214813e-10 -1.75214813e-10
  -1.75214813e-10  3.23526001e+00 -1.75214813e-10 -8.65906813e+00
  -1.75214813e-10 -1.75214813e-10]
 [-1.83669770e-15 -1.83669770e-15 -1.83669770e-15  5.94295936e+00
  -1.83669770e-15 -1.83669770e-15  5.24691675e-01 -1.83669770e-15
   7.83934897e+00 -6.37400481e+00]
 [ 8.52944060e-16  8.52944060e-16  8.52944060e-16  8.52944060e-16
   8.52944060e-16  8.52944060e-16  8.52944060e-16  8.52944060e-16
   3.90139714e+00  3.90139714e+00]
 [ 2.29423303e-05  2.29423303e-05  2.29423303e-05  2.29423303e-05
  -2.33421633e+00  2.29423303e-05  2.29423303e-05  2.29423303e-05
   2.29423303e-05  2.29423303e-05]
 [-2.04721003e-06 -2.04721003e-06 -5.60766738e+00 -2.04721003e-06
  -2.04721003e-06 -2.04721003e-06 -2.04721003e-06 -2.04721003e-06
   5.22820798e-02 -2.04721003e-06]
 [-1.59792834e-08 -1.59792834e-08  6.81350077e+00 -1.59792834e-08
  -1.59792834e-08 -1.59792834e-08  4.30876156e+00  3.80662719e-02
  -1.59792834e-08 -1.59792834e-08]
 [ 9.98214034e-10  9.98214034e-10  4.57661519e+00  9.98214034e-10
   9.98214034e-10  9.98214034e-10  9.98214034e-10 -4.47779543e+00
   9.98214034e-10  9.98214034e-10]]
Train validation errors
[[15449790285.392181, 400739531550.8066], [15449790285.392181, 400739531550.8066], [1.0077460632516437e+34, 1.9092039501539297e+34], [1.2948552428887403e+43, 1.3176531024286545e+43], [1.9474119941975813e+23, 3.8057505145081375e+23], [35569954871137.305, 72257837391955.27], [1.009319551556027e+41, 1.0270939883903772e+41], [9.096652518730039e+33, 1.7209586377374786e+34], [2.2530752346506125e+43, 2.2927439877441275e+43], [1.4894998797412659e+43, 1.5157247486828338e+43]]
Selected parents:
[[-8.99469270e+00 -9.75835723e+00 -2.28980078e-13  1.07109860e+00
  -1.75214813e-10 -1.83669770e-15  8.52944060e-16  2.29423303e-05
  -2.04721003e-06 -1.59792834e-08  9.98214034e-10]
 [-8.99469270e+00 -9.75835723e+00 -2.28980078e-13  1.07109860e+00
  -1.75214813e-10 -1.83669770e-15  8.52944060e-16  2.29423303e-05
  -2.04721003e-06 -1.59792834e-08  9.98214034e-10]
 [-8.99469270e+00 -9.75835723e+00 -2.28980078e-13 -8.51951856e+00
  -1.75214813e-10 -1.83669770e-15  8.52944060e-16  2.29423303e-05
  -5.60766738e+00  6.81350077e+00  4.57661519e+00]
 [ 8.47566786e+00 -9.75835723e+00 -2.28980078e-13  1.07109860e+00
  -1.75214813e-10 -1.83669770e-15  8.52944060e-16 -2.33421633e+00
  -2.04721003e-06 -1.59792834e-08  9.98214034e-10]
 [-8.99469270e+00 -9.75835723e+00 -2.28980078e-13  1.07109860e+00
   3.23526001e+00 -1.83669770e-15  8.52944060e-16  2.29423303e-05
  -2.04721003e-06 -1.59792834e-08  9.98214034e-10]
 [-4.67373247e+00 -9.75835723e+00 -2.28980078e-13 -8.51951856e+00
  -8.65906813e+00 -1.83669770e-15  8.52944060e-16  2.29423303e-05
  -2.04721003e-06  3.80662719e-02 -4.47779543e+00]]Population:
[[-8.99469270e+00 -8.99469270e+00 -8.99469270e+00  8.47566786e+00
  -8.99469270e+00 -8.99469270e+00 -8.99469270e+00 -8.99469270e+00
  -8.99469270e+00 -8.99469270e+00]
 [-9.75835723e+00 -9.75835723e+00 -9.83663051e+00 -9.75835723e+00
  -9.75835723e+00 -1.14868259e-01 -9.75835723e+00 -9.75835723e+00
  -9.75835723e+00 -9.75835723e+00]
 [-2.28980078e-13 -2.28980078e-13 -2.28980078e-13 -2.28980078e-13
   8.36922196e+00  1.20096256e+00 -8.38021819e+00 -2.28980078e-13
  -2.28980078e-13 -2.28980078e-13]
 [ 1.07109860e+00  1.07109860e+00 -3.08619480e+00  1.07109860e+00
   1.07109860e+00  1.07109860e+00 -8.51951856e+00 -8.51951856e+00
  -6.68610305e+00  1.07109860e+00]
 [-1.75214813e-10 -1.75214813e-10 -1.75214813e-10 -1.75214813e-10
  -1.75214813e-10  3.23526001e+00 -1.75214813e-10 -1.75214813e-10
   3.23526001e+00 -3.80394315e+00]
 [-1.83669770e-15 -1.83669770e-15 -1.83669770e-15 -1.83669770e-15
   1.56768443e+00 -1.83669770e-15 -1.83669770e-15 -1.83669770e-15
  -1.83669770e-15 -1.83669770e-15]
 [ 8.52944060e-16  8.52944060e-16 -9.63843679e+00  8.52944060e-16
   8.52944060e-16  8.52944060e-16  8.52944060e-16  8.52944060e-16
   8.52944060e-16  8.52944060e-16]
 [ 2.29423303e-05  2.29423303e-05 -8.84815803e+00 -2.33421633e+00
   2.29423303e-05  2.29423303e-05  2.29423303e-05  2.29423303e-05
   2.29423303e-05  2.29423303e-05]
 [-2.04721003e-06 -2.04721003e-06 -2.04721003e-06 -2.04721003e-06
  -2.04721003e-06 -2.04721003e-06 -2.04721003e-06 -5.60766738e+00
  -2.04721003e-06 -2.04721003e-06]
 [-1.59792834e-08 -1.59792834e-08 -1.59792834e-08 -1.59792834e-08
  -1.59792834e-08  1.73216271e+00 -9.71111003e+00  6.81350077e+00
  -1.59792834e-08 -1.59792834e-08]
 [ 9.98214034e-10  9.98214034e-10  9.98214034e-10  9.98214034e-10
   9.98214034e-10  9.98214034e-10  9.98214034e-10  4.57661519e+00
   9.98214034e-10  9.98214034e-10]]
Train validation errors
[[15449790285.392181, 400739531550.8066], [15449790285.392181, 400739531550.8066], [2.798177347889245e+24, 5.468372588297794e+24], [1.9474119941975813e+23, 3.8057505145081375e+23], [9.010170014890853e+41, 9.168807508586267e+41], [5.786748828740992e+29, 1.1093671520362384e+30], [1.818842099098429e+31, 3.4868692841475245e+31], [1.0077460632516437e+34, 1.9092039501539297e+34], [33207384882379.227, 65313769803510.71], [47886912865318.3, 85067949252578.73]]
Selected parents:
[[-8.99469270e+00 -9.75835723e+00 -2.28980078e-13  1.07109860e+00
  -1.75214813e-10 -1.83669770e-15  8.52944060e-16  2.29423303e-05
  -2.04721003e-06 -1.59792834e-08  9.98214034e-10]
 [-8.99469270e+00 -9.75835723e+00 -2.28980078e-13  1.07109860e+00
  -1.75214813e-10 -1.83669770e-15  8.52944060e-16  2.29423303e-05
  -2.04721003e-06 -1.59792834e-08  9.98214034e-10]
 [-8.99469270e+00 -9.83663051e+00 -2.28980078e-13 -3.08619480e+00
  -1.75214813e-10 -1.83669770e-15 -9.63843679e+00 -8.84815803e+00
  -2.04721003e-06 -1.59792834e-08  9.98214034e-10]
 [ 8.47566786e+00 -9.75835723e+00 -2.28980078e-13  1.07109860e+00
  -1.75214813e-10 -1.83669770e-15  8.52944060e-16 -2.33421633e+00
  -2.04721003e-06 -1.59792834e-08  9.98214034e-10]
 [-8.99469270e+00 -9.75835723e+00 -2.28980078e-13 -6.68610305e+00
   3.23526001e+00 -1.83669770e-15  8.52944060e-16  2.29423303e-05
  -2.04721003e-06 -1.59792834e-08  9.98214034e-10]
 [-8.99469270e+00 -9.75835723e+00 -2.28980078e-13  1.07109860e+00
  -3.80394315e+00 -1.83669770e-15  8.52944060e-16  2.29423303e-05
  -2.04721003e-06 -1.59792834e-08  9.98214034e-10]]Population:
[[-8.99469270e+00 -8.99469270e+00 -8.99469270e+00  8.47566786e+00
  -8.99469270e+00  8.47566786e+00 -8.99469270e+00 -8.99469270e+00
  -8.99469270e+00  8.47566786e+00]
 [-9.75835723e+00 -9.75835723e+00 -6.36343769e+00 -9.75835723e+00
  -9.75835723e+00 -9.75835723e+00 -9.75835723e+00 -9.75835723e+00
  -9.75835723e+00 -9.75835723e+00]
 [-2.28980078e-13 -2.28980078e-13 -2.28980078e-13 -1.93937592e+00
  -2.28980078e-13 -2.28980078e-13 -2.28980078e-13 -2.28980078e-13
  -2.28980078e-13  8.17987581e+00]
 [ 1.07109860e+00  1.07109860e+00 -3.08619480e+00  1.07109860e+00
   1.07109860e+00  1.07109860e+00  1.07109860e+00 -8.67623818e+00
   1.07109860e+00  1.07109860e+00]
 [-1.75214813e-10 -1.75214813e-10 -1.75214813e-10 -1.75214813e-10
  -1.75214813e-10 -1.75214813e-10 -1.75214813e-10 -1.75214813e-10
  -1.75214813e-10  9.63097431e+00]
 [-1.83669770e-15 -1.83669770e-15  5.49139980e+00 -1.83669770e-15
  -1.83669770e-15 -1.83669770e-15  2.04416281e+00 -1.83669770e-15
  -1.83669770e-15 -1.83669770e-15]
 [ 8.52944060e-16  8.52944060e-16  4.65686892e+00  8.52944060e-16
   2.78978317e+00  8.52944060e-16 -2.60659843e+00  8.52944060e-16
   8.52944060e-16  8.52944060e-16]
 [ 2.29423303e-05  2.29423303e-05 -8.84815803e+00 -2.33421633e+00
   2.29423303e-05 -2.33421633e+00  2.29423303e-05 -5.97355797e+00
   2.29423303e-05 -2.33421633e+00]
 [-2.04721003e-06 -2.04721003e-06 -2.04721003e-06 -2.04721003e-06
  -8.47202379e+00 -2.04721003e-06 -2.04721003e-06 -2.04721003e-06
  -2.04721003e-06 -2.04721003e-06]
 [-1.59792834e-08 -1.59792834e-08  3.65304115e+00 -1.59792834e-08
  -1.59792834e-08 -1.59792834e-08 -1.59792834e-08 -1.59792834e-08
  -1.59792834e-08 -1.59792834e-08]
 [ 9.98214034e-10  9.98214034e-10  9.98214034e-10  9.98214034e-10
   9.98214034e-10 -3.55844107e+00  9.98214034e-10 -6.38254481e+00
   5.90617046e+00  9.98214034e-10]]
Train validation errors
[[15449790285.392181, 400739531550.8066], [15449790285.392181, 400739531550.8066], [1.1055597030900761e+43, 1.1250250741539448e+43], [1.9474120049764644e+23, 3.8057505411289206e+23], [5.927136211062278e+27, 1.149133805108035e+28], [5.746811829700827e+33, 1.0872257860580778e+34], [1.531957311314582e+42, 1.558929706720403e+42], [1.8488311018716752e+34, 3.4977608291789095e+34], [1.5831224857318108e+34, 2.9950704335506174e+34], [1.9472828827084233e+23, 3.805458115946464e+23]]
Selected parents:
[[-8.99469270e+00 -9.75835723e+00 -2.28980078e-13  1.07109860e+00
  -1.75214813e-10 -1.83669770e-15  8.52944060e-16  2.29423303e-05
  -2.04721003e-06 -1.59792834e-08  9.98214034e-10]
 [-8.99469270e+00 -9.75835723e+00 -2.28980078e-13  1.07109860e+00
  -1.75214813e-10 -1.83669770e-15  8.52944060e-16  2.29423303e-05
  -2.04721003e-06 -1.59792834e-08  9.98214034e-10]
 [ 8.47566786e+00 -9.75835723e+00 -1.93937592e+00  1.07109860e+00
  -1.75214813e-10 -1.83669770e-15  8.52944060e-16 -2.33421633e+00
  -2.04721003e-06 -1.59792834e-08  9.98214034e-10]
 [-8.99469270e+00 -9.75835723e+00 -2.28980078e-13  1.07109860e+00
  -1.75214813e-10 -1.83669770e-15  2.78978317e+00  2.29423303e-05
  -8.47202379e+00 -1.59792834e-08  9.98214034e-10]
 [ 8.47566786e+00 -9.75835723e+00 -2.28980078e-13  1.07109860e+00
  -1.75214813e-10 -1.83669770e-15  8.52944060e-16 -2.33421633e+00
  -2.04721003e-06 -1.59792834e-08 -3.55844107e+00]
 [ 8.47566786e+00 -9.75835723e+00  8.17987581e+00  1.07109860e+00
   9.63097431e+00 -1.83669770e-15  8.52944060e-16 -2.33421633e+00
  -2.04721003e-06 -1.59792834e-08  9.98214034e-10]]Population:
[[-8.99469270e+00 -8.99469270e+00 -8.99469270e+00 -8.99469270e+00
   8.47566786e+00  8.47566786e+00 -8.99469270e+00 -8.99469270e+00
  -8.99469270e+00  8.47566786e+00]
 [-9.75835723e+00 -9.75835723e+00 -9.75835723e+00 -9.75835723e+00
  -9.75835723e+00 -9.75835723e+00 -9.75835723e+00 -9.75835723e+00
  -9.75835723e+00 -9.75835723e+00]
 [-2.28980078e-13 -2.28980078e-13 -2.28980078e-13 -2.28980078e-13
  -9.13241924e+00 -1.93937592e+00 -2.28980078e-13 -2.28980078e-13
  -2.28980078e-13 -1.93937592e+00]
 [ 1.07109860e+00  1.07109860e+00  1.07109860e+00  1.07109860e+00
  -3.22818888e+00  1.07109860e+00  1.07109860e+00  1.07109860e+00
   1.07109860e+00  1.07109860e+00]
 [-1.75214813e-10 -1.75214813e-10  4.96104483e+00 -1.99233208e+00
   9.63097431e+00 -1.75214813e-10 -1.75214813e-10 -1.75214813e-10
  -1.75214813e-10 -5.72854866e+00]
 [-1.83669770e-15 -1.83669770e-15 -1.83669770e-15 -1.83669770e-15
  -1.83669770e-15 -1.83669770e-15 -1.83669770e-15 -1.83669770e-15
  -1.83669770e-15 -1.83669770e-15]
 [ 8.52944060e-16  8.52944060e-16  8.52944060e-16  8.52944060e-16
   8.52944060e-16  8.52944060e-16 -4.25735633e+00  8.52944060e-16
   8.52944060e-16  8.52944060e-16]
 [ 2.29423303e-05  2.29423303e-05  2.29423303e-05  2.55745568e+00
  -2.33421633e+00 -2.33421633e+00  2.29423303e-05  3.09307246e+00
   2.29423303e-05 -2.33421633e+00]
 [-2.04721003e-06 -2.04721003e-06 -2.04721003e-06 -2.04721003e-06
  -2.04721003e-06  4.90994185e+00 -2.74165718e+00 -2.04721003e-06
  -2.04721003e-06 -2.04721003e-06]
 [-1.59792834e-08 -1.59792834e-08 -1.59792834e-08 -1.59792834e-08
  -1.59792834e-08 -1.59792834e-08 -1.59792834e-08 -1.59792834e-08
  -1.59792834e-08 -1.59792834e-08]
 [ 9.98214034e-10  9.98214034e-10 -9.37344412e+00  9.98214034e-10
   9.98214034e-10  9.98214034e-10  9.98214034e-10  4.52897290e-02
   9.98214034e-10  9.98214034e-10]]
Train validation errors
[[15449790285.392181, 400739531550.8066], [15449790285.392181, 400739531550.8066], [3.987502355371798e+34, 7.543857481526368e+34], [2.3376004077219694e+23, 4.56828186202449e+23], [1.9472844042228204e+23, 3.805461120804081e+23], [1.9536154718100553e+27, 3.7834767756393046e+27], [6.207209913088369e+26, 1.2034335608873217e+27], [9.319820204515619e+29, 1.7632970932422208e+30], [15449790285.392181, 400739531550.8066], [1.9474887770023517e+23, 3.805924399940443e+23]]
Selected parents:
[[-8.99469270e+00 -9.75835723e+00 -2.28980078e-13  1.07109860e+00
  -1.75214813e-10 -1.83669770e-15  8.52944060e-16  2.29423303e-05
  -2.04721003e-06 -1.59792834e-08  9.98214034e-10]
 [-8.99469270e+00 -9.75835723e+00 -2.28980078e-13  1.07109860e+00
  -1.75214813e-10 -1.83669770e-15  8.52944060e-16  2.29423303e-05
  -2.04721003e-06 -1.59792834e-08  9.98214034e-10]
 [-8.99469270e+00 -9.75835723e+00 -2.28980078e-13  1.07109860e+00
  -1.99233208e+00 -1.83669770e-15  8.52944060e-16  2.55745568e+00
  -2.04721003e-06 -1.59792834e-08  9.98214034e-10]
 [ 8.47566786e+00 -9.75835723e+00 -9.13241924e+00 -3.22818888e+00
   9.63097431e+00 -1.83669770e-15  8.52944060e-16 -2.33421633e+00
  -2.04721003e-06 -1.59792834e-08  9.98214034e-10]
 [-8.99469270e+00 -9.75835723e+00 -2.28980078e-13  1.07109860e+00
  -1.75214813e-10 -1.83669770e-15  8.52944060e-16  2.29423303e-05
  -2.04721003e-06 -1.59792834e-08  9.98214034e-10]
 [ 8.47566786e+00 -9.75835723e+00 -1.93937592e+00  1.07109860e+00
  -5.72854866e+00 -1.83669770e-15  8.52944060e-16 -2.33421633e+00
  -2.04721003e-06 -1.59792834e-08  9.98214034e-10]]Population:
[[-8.99469270e+00 -8.99469270e+00  8.47566786e+00  8.47566786e+00
  -8.99469270e+00  8.47566786e+00  8.47566786e+00  8.47566786e+00
  -8.99469270e+00 -7.50391099e+00]
 [-9.75835723e+00 -9.75835723e+00 -9.75835723e+00 -9.75835723e+00
  -9.75835723e+00 -9.75835723e+00 -9.75835723e+00 -9.75835723e+00
  -9.75835723e+00 -9.75835723e+00]
 [-2.28980078e-13 -2.28980078e-13 -2.28980078e-13 -2.28980078e-13
  -9.54002180e+00 -9.13241924e+00 -1.93937592e+00 -9.13241924e+00
  -1.93937592e+00 -2.28980078e-13]
 [ 1.07109860e+00  1.07109860e+00  1.07109860e+00 -3.22818888e+00
   1.07109860e+00 -3.22818888e+00 -3.22818888e+00 -3.22818888e+00
   1.07109860e+00  4.48128187e+00]
 [-1.75214813e-10 -1.75214813e-10 -1.75214813e-10  9.63097431e+00
   9.63097431e+00 -1.75214813e-10 -5.72854866e+00  9.63097431e+00
  -5.72854866e+00 -5.72854866e+00]
 [-1.83669770e-15 -1.83669770e-15 -1.83669770e-15 -1.83669770e-15
  -1.83669770e-15 -1.83669770e-15 -1.83669770e-15 -1.83669770e-15
  -1.83669770e-15 -1.83669770e-15]
 [ 8.52944060e-16  8.52944060e-16  8.52944060e-16  8.52944060e-16
   8.52944060e-16  8.52944060e-16  8.52944060e-16  8.52944060e-16
   2.63463819e+00  8.52944060e-16]
 [ 2.29423303e-05  2.29423303e-05 -4.78460497e+00  2.29423303e-05
   2.29423303e-05 -2.33421633e+00 -2.33421633e+00 -2.33421633e+00
   2.29423303e-05  8.35186384e+00]
 [-2.04721003e-06 -2.04721003e-06  5.10755536e+00 -2.04721003e-06
  -2.04721003e-06 -2.04721003e-06 -2.04721003e-06 -2.04721003e-06
  -2.04721003e-06 -2.04721003e-06]
 [-1.59792834e-08 -1.59792834e-08 -1.59792834e-08 -1.59792834e-08
  -1.59792834e-08  6.58001757e+00 -1.59792834e-08 -1.59792834e-08
  -4.06649290e+00 -1.59792834e-08]
 [ 9.98214034e-10  9.98214034e-10  9.98214034e-10  9.98214034e-10
   9.98214034e-10  9.98214034e-10  9.98214034e-10  9.98214034e-10
   9.98214034e-10 -6.03657654e+00]]
Train validation errors
[[15449790285.392181, 400739531550.8066], [15449790285.392181, 400739531550.8066], [2.0754089629379053e+27, 4.014937000935213e+27], [308141724351743.9, 592019903938681.4], [311832714892092.94, 602875742113428.2], [8.347941893199386e+30, 1.600363338637147e+31], [1.947490202366287e+23, 3.805927167351967e+23], [1.9472844042228204e+23, 3.805461120804081e+23], [3.1893140547332284e+30, 6.114176283364827e+30], [1.6537647962734402e+34, 3.1287131649390303e+34]]
Selected parents:
[[-8.99469270e+00 -9.75835723e+00 -2.28980078e-13  1.07109860e+00
  -1.75214813e-10 -1.83669770e-15  8.52944060e-16  2.29423303e-05
  -2.04721003e-06 -1.59792834e-08  9.98214034e-10]
 [-8.99469270e+00 -9.75835723e+00 -2.28980078e-13  1.07109860e+00
  -1.75214813e-10 -1.83669770e-15  8.52944060e-16  2.29423303e-05
  -2.04721003e-06 -1.59792834e-08  9.98214034e-10]
 [ 8.47566786e+00 -9.75835723e+00 -2.28980078e-13 -3.22818888e+00
   9.63097431e+00 -1.83669770e-15  8.52944060e-16  2.29423303e-05
  -2.04721003e-06 -1.59792834e-08  9.98214034e-10]
 [-8.99469270e+00 -9.75835723e+00 -9.54002180e+00  1.07109860e+00
   9.63097431e+00 -1.83669770e-15  8.52944060e-16  2.29423303e-05
  -2.04721003e-06 -1.59792834e-08  9.98214034e-10]
 [ 8.47566786e+00 -9.75835723e+00 -1.93937592e+00 -3.22818888e+00
  -5.72854866e+00 -1.83669770e-15  8.52944060e-16 -2.33421633e+00
  -2.04721003e-06 -1.59792834e-08  9.98214034e-10]
 [ 8.47566786e+00 -9.75835723e+00 -9.13241924e+00 -3.22818888e+00
   9.63097431e+00 -1.83669770e-15  8.52944060e-16 -2.33421633e+00
  -2.04721003e-06 -1.59792834e-08  9.98214034e-10]]Population:
[[-8.99469270e+00 -8.99469270e+00 -7.30869316e+00 -8.99469270e+00
   8.47566786e+00 -8.99469270e+00  8.47566786e+00 -8.99469270e+00
  -8.99469270e+00  8.47566786e+00]
 [-9.75835723e+00 -9.75835723e+00 -9.75835723e+00 -9.75835723e+00
   1.14747305e+00  7.81590290e+00 -9.75835723e+00 -2.20991407e+00
  -9.75835723e+00 -9.75835723e+00]
 [-2.28980078e-13 -2.28980078e-13 -2.28980078e-13 -2.28980078e-13
  -2.28980078e-13 -9.54002180e+00 -1.93937592e+00 -2.28980078e-13
  -2.28980078e-13 -2.28980078e-13]
 [ 1.07109860e+00  1.07109860e+00  1.07109860e+00  1.07109860e+00
  -3.22818888e+00  1.07109860e+00 -3.22406354e+00  1.07109860e+00
   1.07109860e+00 -5.16729267e+00]
 [-1.75214813e-10 -1.75214813e-10 -1.75214813e-10 -1.75214813e-10
   9.63097431e+00  9.63097431e+00 -1.75214813e-10 -1.75214813e-10
  -1.75214813e-10  9.63097431e+00]
 [-1.83669770e-15 -1.83669770e-15 -1.83669770e-15 -1.83669770e-15
  -1.83669770e-15 -1.83669770e-15 -1.83669770e-15 -1.83669770e-15
  -1.83669770e-15 -7.93073743e+00]
 [ 8.52944060e-16  8.52944060e-16  8.52944060e-16  8.52944060e-16
   8.52944060e-16  8.52944060e-16  8.52944060e-16  8.52944060e-16
   8.52944060e-16  8.52944060e-16]
 [ 2.29423303e-05  2.29423303e-05  2.29423303e-05  2.29423303e-05
   2.29423303e-05  2.29423303e-05  2.29423303e-05 -2.33421633e+00
   2.29423303e-05  2.29423303e-05]
 [-2.04721003e-06 -2.04721003e-06 -2.04721003e-06 -8.69739888e+00
  -2.04721003e-06 -2.04721003e-06 -2.04721003e-06 -2.04721003e-06
  -2.04721003e-06 -2.04721003e-06]
 [-1.59792834e-08 -1.59792834e-08 -1.59792834e-08 -5.82172146e+00
  -1.59792834e-08 -1.59792834e-08 -1.59792834e-08 -1.59792834e-08
  -1.59792834e-08 -1.59792834e-08]
 [ 9.98214034e-10  9.98214034e-10  9.98214034e-10  9.98214034e-10
   8.88302781e+00 -1.05481663e+00  9.98214034e-10  9.98214034e-10
   9.98214034e-10  9.98214034e-10]]
Train validation errors
[[15449790285.392181, 400739531550.8066], [15449790285.392181, 400739531550.8066], [15449884990.12852, 400739948310.30536], [6.934754764481402e+30, 1.332207084173871e+31], [3.5811672738906673e+34, 6.775122150268678e+34], [5.0495944540258745e+32, 9.55320335967769e+32], [31391012177.27822, 311794985006.7211], [1.947411993056993e+23, 3.805750512393496e+23], [15449790285.392181, 400739531550.8066], [2.3059125980759617e+43, 2.346511631682967e+43]]
Selected parents:
[[-8.99469270e+00 -9.75835723e+00 -2.28980078e-13  1.07109860e+00
  -1.75214813e-10 -1.83669770e-15  8.52944060e-16  2.29423303e-05
  -2.04721003e-06 -1.59792834e-08  9.98214034e-10]
 [-8.99469270e+00 -9.75835723e+00 -2.28980078e-13  1.07109860e+00
  -1.75214813e-10 -1.83669770e-15  8.52944060e-16  2.29423303e-05
  -2.04721003e-06 -1.59792834e-08  9.98214034e-10]
 [-7.30869316e+00 -9.75835723e+00 -2.28980078e-13  1.07109860e+00
  -1.75214813e-10 -1.83669770e-15  8.52944060e-16  2.29423303e-05
  -2.04721003e-06 -1.59792834e-08  9.98214034e-10]
 [ 8.47566786e+00 -9.75835723e+00 -1.93937592e+00 -3.22406354e+00
  -1.75214813e-10 -1.83669770e-15  8.52944060e-16  2.29423303e-05
  -2.04721003e-06 -1.59792834e-08  9.98214034e-10]
 [-8.99469270e+00 -2.20991407e+00 -2.28980078e-13  1.07109860e+00
  -1.75214813e-10 -1.83669770e-15  8.52944060e-16 -2.33421633e+00
  -2.04721003e-06 -1.59792834e-08  9.98214034e-10]
 [-8.99469270e+00 -9.75835723e+00 -2.28980078e-13  1.07109860e+00
  -1.75214813e-10 -1.83669770e-15  8.52944060e-16  2.29423303e-05
  -2.04721003e-06 -1.59792834e-08  9.98214034e-10]]Best offspring gen errors:
[[1.54497903e+10 4.00739532e+11]
 [1.54497903e+10 4.00739532e+11]
 [1.54497903e+10 4.00739532e+11]
 [1.54497903e+10 4.00739532e+11]
 [1.54497903e+10 4.00739532e+11]
 [1.54497903e+10 4.00739532e+11]
 [1.54497903e+10 4.00739532e+11]
 [1.54497903e+10 4.00739532e+11]
 [1.54497903e+10 4.00739532e+11]
 [3.13910122e+10 3.11794985e+11]]