Fitness funtion: -1 * (train_validation_error[:, 1] + train_validation_error[:, 0])
Starting all over again with new root population
No of generations: 10
Population size: 10
Mutation coefficient: 0.2
Split point: 7
Two offspring per pair
Population:
[[ 8.63796466e+00  0.00000000e+00  0.00000000e+00  0.00000000e+00
   0.00000000e+00  7.75471892e+00  0.00000000e+00  0.00000000e+00
   0.00000000e+00  0.00000000e+00]
 [-1.45799022e-12 -1.45799022e-12 -1.45799022e-12 -1.45799022e-12
  -1.45799022e-12 -1.45799022e-12 -1.45799022e-12 -1.45799022e-12
  -1.45799022e-12 -1.45799022e-12]
 [-2.28980078e-13 -2.28980078e-13 -2.81561260e+00 -2.28980078e-13
  -2.28980078e-13 -2.28980078e-13  1.20809854e+00 -2.28980078e-13
  -1.39189324e+00 -2.28980078e-13]
 [ 4.62010753e-11  8.75286318e+00  4.62010753e-11  4.62010753e-11
   4.62010753e-11  4.62010753e-11  4.62010753e-11  4.62010753e-11
   3.65000174e+00 -4.04047225e+00]
 [-1.75214813e-10 -1.75214813e-10 -1.75214813e-10 -1.75214813e-10
  -7.07488416e+00 -1.75214813e-10 -5.60670085e+00 -1.75214813e-10
  -1.36006310e+00 -1.75214813e-10]
 [ 6.14232244e+00 -3.36587504e+00 -3.17494966e+00  5.50347444e+00
  -1.83669770e-15 -1.83669770e-15 -1.83669770e-15 -1.36436865e+00
  -1.83669770e-15 -1.83669770e-15]
 [ 8.52944060e-16  8.52944060e-16  8.52944060e-16 -5.80748573e+00
   2.72089316e+00  8.52944060e-16  8.52944060e-16  8.52944060e-16
   5.39659500e+00  8.52944060e-16]
 [ 2.29423303e-05 -2.54449221e+00  2.29423303e-05 -3.29139594e+00
   2.29423303e-05 -3.96495517e+00  2.29423303e-05  2.29423303e-05
   2.29423303e-05  2.29423303e-05]
 [-2.04721003e-06 -2.04721003e-06  7.32972479e-01 -2.04721003e-06
  -2.04721003e-06 -2.04721003e-06 -2.04721003e-06 -2.04721003e-06
  -2.04721003e-06 -2.04721003e-06]
 [-1.59792834e-08 -1.59792834e-08 -1.59792834e-08  3.47036311e+00
  -1.59792834e-08  7.91566803e+00 -1.59792834e-08 -1.59792834e-08
  -8.54761422e-02 -1.59792834e-08]
 [ 9.98214034e-10  9.98214034e-10  9.98214034e-10  9.98214034e-10
   9.98214034e-10 -9.89444347e+00  7.85294971e+00  3.02236947e+00
   1.57328475e+00 -4.19265624e+00]]
Train validation errors
[[1.3831870676669656e+43, 1.407540140845823e+43], [4.153475724371426e+42, 4.2266038655402577e+42], [3.6956376562007113e+42, 3.760704865756006e+42], [1.110426870378284e+43, 1.1299779190061515e+43], [167283047321390.12, 306093271349363.1], [4.30045106511392e+34, 8.129221510278931e+34], [2.798776357229421e+34, 5.294936047694299e+34], [6.8236610842409764e+41, 6.943465600159243e+41], [1.1208865254722588e+33, 2.1204621000977355e+33], [7.977762002585154e+33, 1.5092931415558908e+34]]
Selected parents:
[[ 0.00000000e+00 -1.45799022e-12 -2.28980078e-13  4.62010753e-11
  -7.07488416e+00 -1.83669770e-15  2.72089316e+00  2.29423303e-05
  -2.04721003e-06 -1.59792834e-08  9.98214034e-10]
 [ 7.75471892e+00 -1.45799022e-12 -2.28980078e-13  4.62010753e-11
  -1.75214813e-10 -1.83669770e-15  8.52944060e-16 -3.96495517e+00
  -2.04721003e-06  7.91566803e+00 -9.89444347e+00]
 [ 0.00000000e+00 -1.45799022e-12  1.20809854e+00  4.62010753e-11
  -5.60670085e+00 -1.83669770e-15  8.52944060e-16  2.29423303e-05
  -2.04721003e-06 -1.59792834e-08  7.85294971e+00]
 [ 0.00000000e+00 -1.45799022e-12 -2.28980078e-13  4.62010753e-11
  -1.75214813e-10 -1.36436865e+00  8.52944060e-16  2.29423303e-05
  -2.04721003e-06 -1.59792834e-08  3.02236947e+00]
 [ 0.00000000e+00 -1.45799022e-12 -1.39189324e+00  3.65000174e+00
  -1.36006310e+00 -1.83669770e-15  5.39659500e+00  2.29423303e-05
  -2.04721003e-06 -8.54761422e-02  1.57328475e+00]
 [ 0.00000000e+00 -1.45799022e-12 -2.28980078e-13 -4.04047225e+00
  -1.75214813e-10 -1.83669770e-15  8.52944060e-16  2.29423303e-05
  -2.04721003e-06 -1.59792834e-08 -4.19265624e+00]]Population:
[[ 0.00000000e+00  0.00000000e+00  0.00000000e+00  7.75471892e+00
   0.00000000e+00  7.75471892e+00  7.75471892e+00  7.75471892e+00
   0.00000000e+00  0.00000000e+00]
 [-1.45799022e-12 -1.45799022e-12 -1.45799022e-12 -1.45799022e-12
   7.03136256e+00 -1.45799022e-12 -1.45799022e-12 -1.45799022e-12
  -5.24243209e+00  1.71455146e+00]
 [-2.28980078e-13 -1.39189324e+00 -2.28980078e-13  7.62036839e+00
   1.20809854e+00  3.23065741e+00 -6.95486590e+00  7.57692560e+00
  -2.28980078e-13 -2.28980078e-13]
 [ 4.62010753e-11  3.65000174e+00  3.18917436e+00  1.00402774e+00
   1.86411476e+00  4.62010753e-11 -4.04047225e+00  3.74812808e+00
  -5.07786470e-01  1.99420461e+00]
 [-7.07488416e+00 -1.36006310e+00  6.62627828e+00 -2.80956546e+00
  -1.75214813e-10 -1.75214813e-10 -1.75214813e-10 -1.75214813e-10
  -7.07488416e+00 -1.75214813e-10]
 [-1.83669770e-15 -1.83669770e-15 -1.83669770e-15  3.05518610e+00
  -1.83669770e-15 -1.83669770e-15  3.19346105e+00 -1.83669770e-15
  -1.83669770e-15 -1.83669770e-15]
 [ 2.72089316e+00  5.39659500e+00  2.47540041e+00  8.52944060e-16
  -8.31396631e+00  8.52944060e-16  8.52944060e-16  8.52944060e-16
  -2.59908282e+00 -1.22382204e+00]
 [ 2.29423303e-05  2.29423303e-05 -4.61678653e+00 -6.27652103e-02
   5.26564392e+00 -3.96495517e+00  5.08862975e+00 -3.94330106e+00
  -2.08450293e+00  2.29423303e-05]
 [-2.04721003e-06 -2.04721003e-06 -2.04721003e-06  2.66422129e-01
  -2.04721003e-06 -2.04721003e-06 -2.04721003e-06 -2.04721003e-06
  -2.04721003e-06 -2.23620668e+00]
 [-1.59792834e-08 -8.54761422e-02 -5.78878997e+00  7.91566803e+00
  -1.59792834e-08  1.83038403e-01 -1.59792834e-08 -1.59792834e-08
  -1.59792834e-08 -2.85809175e+00]
 [ 9.98214034e-10  1.57328475e+00 -4.19265624e+00 -9.89444347e+00
   7.85294971e+00 -9.89444347e+00 -4.19265624e+00 -9.89444347e+00
  -4.19265624e+00  9.98214034e-10]]
Train validation errors
[[167283047321390.12, 306093271349363.1], [1.1208865254722588e+33, 2.1204621000977355e+33], [8.430236852890336e+33, 1.596998765419097e+34], [3.4213875957585776e+42, 3.48138389601958e+42], [2.7988083531840394e+34, 5.294999627695328e+34], [4.439796002672272e+34, 8.399387994302944e+34], [3.738542909128404e+42, 3.804256365205131e+42], [4.443122202969081e+34, 8.405836323508333e+34], [7.977829629261906e+33, 1.50930657982532e+34], [1.625334147777241e+30, 3.119371584734639e+30]]
Selected parents:
[[ 0.00000000e+00 -1.45799022e-12 -2.28980078e-13  4.62010753e-11
  -7.07488416e+00 -1.83669770e-15  2.72089316e+00  2.29423303e-05
  -2.04721003e-06 -1.59792834e-08  9.98214034e-10]
 [ 0.00000000e+00 -1.45799022e-12 -1.39189324e+00  3.65000174e+00
  -1.36006310e+00 -1.83669770e-15  5.39659500e+00  2.29423303e-05
  -2.04721003e-06 -8.54761422e-02  1.57328475e+00]
 [ 0.00000000e+00 -1.45799022e-12 -2.28980078e-13  3.18917436e+00
   6.62627828e+00 -1.83669770e-15  2.47540041e+00 -4.61678653e+00
  -2.04721003e-06 -5.78878997e+00 -4.19265624e+00]
 [ 0.00000000e+00  7.03136256e+00  1.20809854e+00  1.86411476e+00
  -1.75214813e-10 -1.83669770e-15 -8.31396631e+00  5.26564392e+00
  -2.04721003e-06 -1.59792834e-08  7.85294971e+00]
 [ 0.00000000e+00 -5.24243209e+00 -2.28980078e-13 -5.07786470e-01
  -7.07488416e+00 -1.83669770e-15 -2.59908282e+00 -2.08450293e+00
  -2.04721003e-06 -1.59792834e-08 -4.19265624e+00]
 [ 0.00000000e+00  1.71455146e+00 -2.28980078e-13  1.99420461e+00
  -1.75214813e-10 -1.83669770e-15 -1.22382204e+00  2.29423303e-05
  -2.23620668e+00 -2.85809175e+00  9.98214034e-10]]Population:
[[ 0.00000000e+00  0.00000000e+00  0.00000000e+00  4.70722079e+00
   0.00000000e+00  0.00000000e+00  0.00000000e+00  0.00000000e+00
   0.00000000e+00  0.00000000e+00]
 [-1.45799022e-12  1.71455146e+00 -1.45799022e-12 -1.45799022e-12
  -1.45799022e-12 -3.92038290e+00 -5.24243209e+00 -1.45799022e-12
   1.71455146e+00 -5.24243209e+00]
 [-2.28980078e-13 -2.28980078e-13 -3.64669150e+00  9.29452241e+00
  -2.28980078e-13 -2.28980078e-13 -2.28980078e-13 -7.31920471e-01
   1.84134206e+00 -2.28980078e-13]
 [ 4.62010753e-11  1.99420461e+00  3.65000174e+00 -9.80629216e+00
  -1.79353228e+00  4.62010753e-11  3.18917436e+00 -5.07786470e-01
  -1.48443850e+00 -8.00612270e-01]
 [-7.07488416e+00 -1.75214813e-10 -7.07488416e+00 -5.54653805e+00
   6.62627828e+00  7.62049387e+00 -7.07488416e+00 -7.07488416e+00
  -1.75214813e-10 -1.75214813e-10]
 [-1.83669770e-15 -1.83669770e-15 -2.95399642e+00 -1.83669770e-15
  -5.30600805e-01 -1.83669770e-15 -1.83669770e-15 -1.83669770e-15
   4.60282772e+00 -1.83669770e-15]
 [ 2.72089316e+00 -1.22382204e+00  2.72089316e+00  2.72089316e+00
   5.09039583e-01  2.47540041e+00 -2.59908282e+00  3.84779797e+00
  -2.59908282e+00 -2.59908282e+00]
 [ 2.29423303e-05  2.29423303e-05  2.29423303e-05  2.29423303e-05
  -4.61678653e+00 -5.60115202e+00 -2.08450293e+00 -2.08450293e+00
   5.19919935e+00 -4.52311635e+00]
 [-2.04721003e-06 -2.23620668e+00  7.04204968e+00 -1.47860072e+00
  -2.04721003e-06  2.87504706e+00 -2.04721003e-06 -2.04721003e-06
  -2.04721003e-06 -9.08313767e+00]
 [-1.59792834e-08 -2.85809175e+00  6.15612445e+00 -1.59792834e-08
  -3.54313878e+00 -2.85460097e+00 -5.78878997e+00 -5.78878997e+00
  -2.85809175e+00 -1.59792834e-08]
 [ 9.98214034e-10  9.98214034e-10  9.98214034e-10  9.98214034e-10
  -4.19265624e+00  9.98214034e-10  1.47480108e+00 -4.19265624e+00
  -4.19265624e+00  7.96894379e+00]]
Train validation errors
[[167283047321390.12, 306093271349363.1], [1.625334147777241e+30, 3.119371584734639e+30], [3.199148662198668e+42, 3.255471271468617e+42], [1.805394214667125e+26, 3.5002392809951786e+26], [1.0327028896706344e+41, 1.0510698558566473e+41], [1.511390285389378e+30, 2.8930760448117525e+30], [8.367259781349374e+32, 1.575806849727999e+33], [8.430152285288723e+33, 1.5969819724639342e+34], [7.766751529953038e+42, 7.903337182500973e+42], [2.8792478664256406e+34, 5.447105113179807e+34]]
Selected parents:
[[ 0.00000000e+00 -1.45799022e-12 -2.28980078e-13  4.62010753e-11
  -7.07488416e+00 -1.83669770e-15  2.72089316e+00  2.29423303e-05
  -2.04721003e-06 -1.59792834e-08  9.98214034e-10]
 [ 0.00000000e+00  1.71455146e+00 -2.28980078e-13  1.99420461e+00
  -1.75214813e-10 -1.83669770e-15 -1.22382204e+00  2.29423303e-05
  -2.23620668e+00 -2.85809175e+00  9.98214034e-10]
 [ 4.70722079e+00 -1.45799022e-12  9.29452241e+00 -9.80629216e+00
  -5.54653805e+00 -1.83669770e-15  2.72089316e+00  2.29423303e-05
  -1.47860072e+00 -1.59792834e-08  9.98214034e-10]
 [ 0.00000000e+00 -3.92038290e+00 -2.28980078e-13  4.62010753e-11
   7.62049387e+00 -1.83669770e-15  2.47540041e+00 -5.60115202e+00
   2.87504706e+00 -2.85460097e+00  9.98214034e-10]
 [ 0.00000000e+00 -5.24243209e+00 -2.28980078e-13  3.18917436e+00
  -7.07488416e+00 -1.83669770e-15 -2.59908282e+00 -2.08450293e+00
  -2.04721003e-06 -5.78878997e+00  1.47480108e+00]
 [ 0.00000000e+00 -1.45799022e-12 -7.31920471e-01 -5.07786470e-01
  -7.07488416e+00 -1.83669770e-15  3.84779797e+00 -2.08450293e+00
  -2.04721003e-06 -5.78878997e+00 -4.19265624e+00]]Population:
[[ 0.00000000e+00  4.70722079e+00  8.31512049e+00 -2.38135267e+00
   4.70722079e+00  0.00000000e+00  0.00000000e+00  0.00000000e+00
   1.11482222e+00  0.00000000e+00]
 [-1.45799022e-12 -1.45799022e-12  2.03298392e+00 -5.24243209e+00
  -1.45799022e-12  4.60883036e+00  5.30395498e+00 -1.45799022e-12
  -3.92038290e+00 -1.45799022e-12]
 [-2.28980078e-13  9.29452241e+00 -1.73211737e+00 -2.64538842e+00
  -2.86185291e+00 -7.31920471e-01 -9.45049799e+00 -7.31920471e-01
  -2.28980078e-13 -2.28980078e-13]
 [ 4.62010753e-11 -9.80629216e+00  4.62010753e-11  3.18917436e+00
  -9.80629216e+00  7.00029172e+00 -5.07786470e-01  3.18917436e+00
   4.62010753e-11  4.62010753e-11]
 [-7.07488416e+00 -5.54653805e+00  7.62049387e+00 -7.07488416e+00
  -5.54653805e+00 -4.25986270e+00 -7.07488416e+00 -7.07488416e+00
   6.92469962e-01  7.62049387e+00]
 [-1.83669770e-15 -1.83669770e-15 -1.83669770e-15  2.65334813e+00
  -1.83669770e-15 -1.83669770e-15 -1.83669770e-15 -1.83669770e-15
  -1.83669770e-15 -3.84567707e+00]
 [ 2.72089316e+00  2.72089316e+00 -2.59908282e+00 -2.59908282e+00
   2.72089316e+00  2.72089316e+00 -2.59908282e+00 -4.48083765e+00
   2.47540041e+00  2.47540041e+00]
 [ 2.29423303e-05  2.29423303e-05 -2.08450293e+00 -2.08450293e+00
  -2.08450293e+00  2.29423303e-05 -2.08450293e+00 -2.08450293e+00
   5.04543125e+00  2.29423303e-05]
 [-2.04721003e-06 -1.47860072e+00 -2.04721003e-06 -2.04721003e-06
  -1.47860072e+00  3.26651683e+00 -2.04721003e-06 -2.04721003e-06
  -8.37337588e-01  2.87504706e+00]
 [-1.59792834e-08 -1.59792834e-08 -2.85460097e+00 -5.78878997e+00
  -1.59792834e-08  9.94780442e+00 -3.38737289e-01 -5.78878997e+00
  -2.85460097e+00 -2.85460097e+00]
 [ 9.98214034e-10  9.98214034e-10  1.47480108e+00 -3.11157345e+00
  -4.19265624e+00 -4.19265624e+00  1.47480108e+00  1.69831423e-01
   9.98214034e-10  9.98214034e-10]]
Train validation errors
[[167283047321390.12, 306093271349363.1], [1.805394214667125e+26, 3.5002392809951786e+26], [9.11328780149047e+32, 1.720540712975258e+33], [2.5808945826753514e+42, 2.626265142216769e+42], [7.98022107951675e+33, 1.5097650409513364e+34], [7.225628777770414e+33, 1.3634526253086626e+34], [9.779400178860909e+32, 1.8497097032058539e+33], [1.4919007697866763e+30, 2.1405490733406112e+30], [1.5877830800464056e+30, 3.0451535716765306e+30], [5.422027726068337e+42, 5.5174924528498165e+42]]
Selected parents:
[[ 0.00000000e+00 -1.45799022e-12 -2.28980078e-13  4.62010753e-11
  -7.07488416e+00 -1.83669770e-15  2.72089316e+00  2.29423303e-05
  -2.04721003e-06 -1.59792834e-08  9.98214034e-10]
 [ 4.70722079e+00 -1.45799022e-12  9.29452241e+00 -9.80629216e+00
  -5.54653805e+00 -1.83669770e-15  2.72089316e+00  2.29423303e-05
  -1.47860072e+00 -1.59792834e-08  9.98214034e-10]
 [ 8.31512049e+00  2.03298392e+00 -1.73211737e+00  4.62010753e-11
   7.62049387e+00 -1.83669770e-15 -2.59908282e+00 -2.08450293e+00
  -2.04721003e-06 -2.85460097e+00  1.47480108e+00]
 [ 0.00000000e+00  5.30395498e+00 -9.45049799e+00 -5.07786470e-01
  -7.07488416e+00 -1.83669770e-15 -2.59908282e+00 -2.08450293e+00
  -2.04721003e-06 -3.38737289e-01  1.47480108e+00]
 [ 0.00000000e+00 -1.45799022e-12 -7.31920471e-01  3.18917436e+00
  -7.07488416e+00 -1.83669770e-15 -4.48083765e+00 -2.08450293e+00
  -2.04721003e-06 -5.78878997e+00  1.69831423e-01]
 [ 1.11482222e+00 -3.92038290e+00 -2.28980078e-13  4.62010753e-11
   6.92469962e-01 -1.83669770e-15  2.47540041e+00  5.04543125e+00
  -8.37337588e-01 -2.85460097e+00  9.98214034e-10]]Population:
[[ 0.00000000e+00  4.70722079e+00  4.70722079e+00  4.70722079e+00
   0.00000000e+00  0.00000000e+00  0.00000000e+00  0.00000000e+00
  -7.03793736e+00  1.11482222e+00]
 [-1.45799022e-12 -1.45799022e-12 -6.52138301e-01  1.76722791e+00
   5.30395498e+00 -4.14914478e+00 -3.92038290e+00  6.35172794e+00
  -1.45799022e-12  8.99724407e+00]
 [-2.28980078e-13  9.29452241e+00  9.29452241e+00 -9.45049799e+00
  -1.70154468e+00 -9.45049799e+00 -2.28980078e-13  1.75870854e+00
   2.45745158e+00 -2.28980078e-13]
 [ 4.62010753e-11 -9.80629216e+00 -9.80629216e+00 -2.98928287e+00
   4.62010753e-11  4.62010753e-11  4.62010753e-11  4.62010753e-11
  -1.72464484e+00  4.62010753e-11]
 [-7.07488416e+00 -5.54653805e+00 -7.07488416e+00 -4.51212658e+00
  -7.07488416e+00 -9.79649900e+00 -7.07488416e+00 -7.07488416e+00
   6.92469962e-01 -7.48947112e+00]
 [-1.83669770e-15 -1.83669770e-15 -9.72759054e+00 -1.83669770e-15
  -1.83669770e-15 -1.83669770e-15 -1.83669770e-15 -1.83669770e-15
  -1.83669770e-15 -1.83669770e-15]
 [ 2.72089316e+00  2.72089316e+00  2.72089316e+00 -2.59908282e+00
   2.72089316e+00  2.72089316e+00 -4.48083765e+00 -4.48083765e+00
   2.72089316e+00  2.72089316e+00]
 [ 2.29423303e-05  2.29423303e-05  2.29423303e-05 -2.08450293e+00
  -3.01321814e+00 -2.08450293e+00  7.60940333e+00  9.56204446e-01
   5.04543125e+00  5.04543125e+00]
 [-2.04721003e-06 -1.47860072e+00  6.82141065e+00 -2.04721003e-06
  -2.04721003e-06 -2.04721003e-06 -8.37337588e-01 -6.26132113e+00
  -2.04721003e-06 -2.04721003e-06]
 [-1.59792834e-08 -1.59792834e-08 -1.59792834e-08 -3.38737289e-01
  -3.03633105e+00 -1.59792834e-08 -4.72036668e+00  6.00393898e-02
  -2.85460097e+00 -1.59792834e-08]
 [ 9.98214034e-10  9.98214034e-10  9.98214034e-10  7.09149744e+00
   1.47480108e+00  9.98214034e-10  1.69831423e-01  1.69831423e-01
   8.74421904e+00  9.98214034e-10]]
Train validation errors
[[167283047321390.12, 306093271349363.1], [1.805394214667125e+26, 3.5002392809951786e+26], [3.4691753637306945e+43, 3.530255351169297e+43], [2.2779080629419976e+34, 4.30931072903633e+34], [9.066016215616778e+32, 1.711371462050222e+33], [1.5531541197734565e+23, 3.0353038542864426e+23], [2.6402791207720973e+30, 4.416824627798293e+30], [1.2869379154603396e+31, 2.434569236952045e+31], [3.424457183130918e+34, 6.476508751516188e+34], [9.098074124658313e+23, 1.7779971902247703e+24]]
Selected parents:
[[ 0.00000000e+00 -1.45799022e-12 -2.28980078e-13  4.62010753e-11
  -7.07488416e+00 -1.83669770e-15  2.72089316e+00  2.29423303e-05
  -2.04721003e-06 -1.59792834e-08  9.98214034e-10]
 [ 4.70722079e+00 -1.45799022e-12  9.29452241e+00 -9.80629216e+00
  -5.54653805e+00 -1.83669770e-15  2.72089316e+00  2.29423303e-05
  -1.47860072e+00 -1.59792834e-08  9.98214034e-10]
 [ 0.00000000e+00 -4.14914478e+00 -9.45049799e+00  4.62010753e-11
  -9.79649900e+00 -1.83669770e-15  2.72089316e+00 -2.08450293e+00
  -2.04721003e-06 -1.59792834e-08  9.98214034e-10]
 [ 0.00000000e+00 -3.92038290e+00 -2.28980078e-13  4.62010753e-11
  -7.07488416e+00 -1.83669770e-15 -4.48083765e+00  7.60940333e+00
  -8.37337588e-01 -4.72036668e+00  1.69831423e-01]
 [ 0.00000000e+00  6.35172794e+00  1.75870854e+00  4.62010753e-11
  -7.07488416e+00 -1.83669770e-15 -4.48083765e+00  9.56204446e-01
  -6.26132113e+00  6.00393898e-02  1.69831423e-01]
 [ 1.11482222e+00  8.99724407e+00 -2.28980078e-13  4.62010753e-11
  -7.48947112e+00 -1.83669770e-15  2.72089316e+00  5.04543125e+00
  -2.04721003e-06 -1.59792834e-08  9.98214034e-10]]Population:
[[ 0.00000000e+00  0.00000000e+00  0.00000000e+00  0.00000000e+00
   0.00000000e+00  0.00000000e+00  0.00000000e+00  0.00000000e+00
   0.00000000e+00  0.00000000e+00]
 [-1.45799022e-12 -4.14914478e+00  6.83305699e+00 -1.45799022e-12
  -5.29772194e+00 -4.14914478e+00 -1.45799022e-12 -7.72647135e+00
  -8.56869690e+00  8.99724407e+00]
 [-2.28980078e-13 -9.45049799e+00 -9.45049799e+00  9.83560560e+00
  -2.28980078e-13 -2.28980078e-13 -2.28980078e-13 -2.28980078e-13
  -7.82120473e+00 -8.70767754e+00]
 [ 4.62010753e-11  4.62010753e-11  4.62010753e-11  2.88562214e+00
   4.62010753e-11 -5.37060423e-01  4.62010753e-11 -5.15579373e+00
   6.25305069e+00  8.97685836e+00]
 [-7.07488416e+00 -9.79649900e+00  5.54524407e+00 -7.07488416e+00
  -9.79649900e+00 -2.25471863e+00 -6.31405824e+00 -8.45331396e+00
  -7.48947112e+00 -7.07488416e+00]
 [-1.83669770e-15 -1.83669770e-15  3.74262946e+00 -1.83669770e-15
  -1.83669770e-15 -3.49186863e+00 -1.83669770e-15 -2.14400297e-01
   9.35678240e+00  2.15814920e+00]
 [ 2.72089316e+00  2.72089316e+00  2.72089316e+00 -9.12691325e+00
   2.72089316e+00 -4.48083765e+00  2.72089316e+00 -4.48083765e+00
  -8.00411599e+00  2.72089316e+00]
 [ 2.29423303e-05 -2.08450293e+00  7.84454205e+00 -4.87997310e+00
  -4.88591425e+00  7.60940333e+00  2.29423303e-05  7.60940333e+00
   5.04543125e+00  5.04543125e+00]
 [-2.04721003e-06 -2.04721003e-06 -2.04721003e-06 -2.04721003e-06
  -2.04721003e-06 -8.37337588e-01 -2.04721003e-06 -8.37337588e-01
  -2.04721003e-06 -2.04721003e-06]
 [-1.59792834e-08 -1.59792834e-08 -1.59792834e-08 -5.17326519e-01
  -4.72036668e+00  3.05659885e+00 -3.39970258e+00  6.95758419e+00
   8.08795835e+00 -1.59792834e-08]
 [ 9.98214034e-10  9.98214034e-10 -4.04687515e+00 -3.06187884e+00
  -5.27233164e+00  9.98214034e-10  9.98214034e-10  8.39293396e+00
   9.98214034e-10 -1.15939936e+00]]
Train validation errors
[[167283047321390.12, 306093271349363.1], [1.5531541197734565e+23, 3.0353038542864426e+23], [5.1349856901028176e+42, 5.2252712801250694e+42], [4.2840605341829517e+33, 8.106281873619786e+33], [1.3077294310575356e+34, 2.4762121352956716e+34], [4.470241632734516e+42, 4.5489450963872286e+42], [2.229149013086533e+30, 4.2734612515706655e+30], [1.680958661695439e+40, 1.7090645739881336e+40], [3.209735505163215e+43, 3.266248982536802e+43], [1.7075116044033858e+42, 1.737554492772175e+42]]
Selected parents:
[[ 0.00000000e+00 -1.45799022e-12 -2.28980078e-13  4.62010753e-11
  -7.07488416e+00 -1.83669770e-15  2.72089316e+00  2.29423303e-05
  -2.04721003e-06 -1.59792834e-08  9.98214034e-10]
 [ 0.00000000e+00 -4.14914478e+00 -9.45049799e+00  4.62010753e-11
  -9.79649900e+00 -1.83669770e-15  2.72089316e+00 -2.08450293e+00
  -2.04721003e-06 -1.59792834e-08  9.98214034e-10]
 [ 0.00000000e+00 -1.45799022e-12  9.83560560e+00  2.88562214e+00
  -7.07488416e+00 -1.83669770e-15 -9.12691325e+00 -4.87997310e+00
  -2.04721003e-06 -5.17326519e-01 -3.06187884e+00]
 [ 0.00000000e+00 -5.29772194e+00 -2.28980078e-13  4.62010753e-11
  -9.79649900e+00 -1.83669770e-15  2.72089316e+00 -4.88591425e+00
  -2.04721003e-06 -4.72036668e+00 -5.27233164e+00]
 [ 0.00000000e+00 -1.45799022e-12 -2.28980078e-13  4.62010753e-11
  -6.31405824e+00 -1.83669770e-15  2.72089316e+00  2.29423303e-05
  -2.04721003e-06 -3.39970258e+00  9.98214034e-10]
 [ 0.00000000e+00 -7.72647135e+00 -2.28980078e-13 -5.15579373e+00
  -8.45331396e+00 -2.14400297e-01 -4.48083765e+00  7.60940333e+00
  -8.37337588e-01  6.95758419e+00  8.39293396e+00]]Population:
[[ 0.00000000e+00  0.00000000e+00  6.98463101e+00 -4.81442628e+00
   0.00000000e+00  0.00000000e+00  0.00000000e+00  0.00000000e+00
   0.00000000e+00 -3.45858916e+00]
 [-1.45799022e-12 -4.14914478e+00 -5.29772194e+00 -4.14914478e+00
  -4.14914478e+00 -4.14914478e+00 -1.45799022e-12 -1.45799022e-12
  -4.40316560e+00 -4.14914478e+00]
 [-2.28980078e-13 -9.45049799e+00 -2.28980078e-13 -9.45049799e+00
  -2.28980078e-13 -9.45049799e+00  9.83560560e+00 -5.35232369e+00
  -9.45049799e+00 -9.48220775e+00]
 [ 4.62010753e-11  4.62010753e-11  4.62010753e-11  4.62010753e-11
   4.62010753e-11  5.38131557e+00  2.88562214e+00  2.88562214e+00
   4.62010753e-11  4.62010753e-11]
 [-7.07488416e+00 -9.79649900e+00  6.84976618e+00 -9.79649900e+00
  -6.31405824e+00  6.53282978e+00 -7.07488416e+00 -7.07488416e+00
  -9.79649900e+00 -6.31405824e+00]
 [-1.83669770e-15 -1.83669770e-15 -7.12783315e+00 -1.99768630e+00
  -1.83669770e-15  8.64821391e+00 -1.83669770e-15 -1.83669770e-15
  -3.90672046e+00 -1.83669770e-15]
 [ 2.72089316e+00  2.72089316e+00 -9.95172197e+00  2.72089316e+00
   2.72089316e+00  2.72089316e+00 -3.43582170e+00  8.20931173e+00
   2.72089316e+00  2.72089316e+00]
 [ 2.29423303e-05 -2.08450293e+00 -2.08450293e+00 -4.88591425e+00
  -2.08450293e+00  2.29423303e-05 -4.87997310e+00 -4.87997310e+00
   2.82868409e+00  7.57629788e+00]
 [-2.04721003e-06 -2.04721003e-06 -2.04721003e-06 -2.04721003e-06
   4.68311352e-03 -2.04721003e-06 -2.04721003e-06  1.01888908e+00
  -2.04721003e-06 -2.04721003e-06]
 [-1.59792834e-08 -1.59792834e-08 -5.59515212e+00  5.34810154e+00
   2.51711634e+00 -6.03030630e+00 -1.59792834e-08 -7.21368572e+00
  -3.39970258e+00 -3.39970258e+00]
 [ 9.98214034e-10  9.98214034e-10 -5.27233164e+00 -5.27233164e+00
   9.98214034e-10  9.98214034e-10  9.98214034e-10  9.98214034e-10
   9.98214034e-10  9.98214034e-10]]
Train validation errors
[[167283047321390.12, 306093271349363.1], [1.5531541197734565e+23, 3.0353038542864426e+23], [1.8627381072300788e+43, 1.8955657192000404e+43], [1.463330060005896e+42, 1.4891782444168615e+42], [1.2212040239809069e+30, 2.341135739718871e+30], [2.7420044198810223e+43, 2.7902806107431043e+43], [8.511696444941063e+23, 1.6634144913404108e+24], [9.985268205440638e+30, 1.913871935197764e+31], [5.595525309950194e+42, 5.69404515265016e+42], [2.2248970651537038e+30, 4.265217745553743e+30]]
Selected parents:
[[ 0.00000000e+00 -1.45799022e-12 -2.28980078e-13  4.62010753e-11
  -7.07488416e+00 -1.83669770e-15  2.72089316e+00  2.29423303e-05
  -2.04721003e-06 -1.59792834e-08  9.98214034e-10]
 [ 0.00000000e+00 -4.14914478e+00 -9.45049799e+00  4.62010753e-11
  -9.79649900e+00 -1.83669770e-15  2.72089316e+00 -2.08450293e+00
  -2.04721003e-06 -1.59792834e-08  9.98214034e-10]
 [ 0.00000000e+00 -4.14914478e+00 -2.28980078e-13  4.62010753e-11
  -6.31405824e+00 -1.83669770e-15  2.72089316e+00 -2.08450293e+00
   4.68311352e-03  2.51711634e+00  9.98214034e-10]
 [ 0.00000000e+00 -1.45799022e-12  9.83560560e+00  2.88562214e+00
  -7.07488416e+00 -1.83669770e-15 -3.43582170e+00 -4.87997310e+00
  -2.04721003e-06 -1.59792834e-08  9.98214034e-10]
 [ 0.00000000e+00 -1.45799022e-12 -5.35232369e+00  2.88562214e+00
  -7.07488416e+00 -1.83669770e-15  8.20931173e+00 -4.87997310e+00
   1.01888908e+00 -7.21368572e+00  9.98214034e-10]
 [-3.45858916e+00 -4.14914478e+00 -9.48220775e+00  4.62010753e-11
  -6.31405824e+00 -1.83669770e-15  2.72089316e+00  7.57629788e+00
  -2.04721003e-06 -3.39970258e+00  9.98214034e-10]]Population:
[[ 0.00000000e+00  0.00000000e+00  0.00000000e+00  0.00000000e+00
   0.00000000e+00  0.00000000e+00  8.72105055e+00  0.00000000e+00
   0.00000000e+00  0.00000000e+00]
 [-1.45799022e-12 -4.14914478e+00 -4.14914478e+00 -1.45799022e-12
  -4.14914478e+00 -1.45799022e-12  9.23919025e+00 -1.45799022e-12
  -1.45799022e-12  1.77968504e+00]
 [-2.28980078e-13 -9.45049799e+00 -6.05721538e+00  9.83560560e+00
  -1.89049195e+00  1.56880033e+00 -2.28980078e-13 -8.33871718e+00
  -9.45049799e+00 -9.45049799e+00]
 [ 4.62010753e-11  4.62010753e-11 -8.15378229e+00  2.88562214e+00
   5.37514926e+00  2.88562214e+00  6.98503216e+00  4.62010753e-11
   4.62010753e-11  4.62010753e-11]
 [-7.07488416e+00 -9.79649900e+00 -3.84228468e-01 -7.07488416e+00
  -9.79649900e+00 -7.07488416e+00 -4.62606223e+00 -4.27017455e+00
  -9.79649900e+00  1.11145475e+00]
 [-1.83669770e-15 -1.83669770e-15 -1.83669770e-15 -1.83669770e-15
  -1.83669770e-15 -1.83669770e-15 -1.83669770e-15 -1.83669770e-15
  -1.83669770e-15 -1.83669770e-15]
 [ 2.72089316e+00  2.72089316e+00  2.72089316e+00 -7.13962937e+00
   8.20931173e+00  8.20931173e+00  2.72089316e+00  2.72089316e+00
  -6.57758304e+00 -4.04401088e+00]
 [ 2.29423303e-05 -2.08450293e+00 -2.08450293e+00 -2.08450293e+00
  -2.08450293e+00 -4.87997310e+00 -2.08450293e+00  2.29423303e-05
   2.71801984e+00  2.29423303e-05]
 [-2.04721003e-06 -2.04721003e-06 -2.04721003e-06  9.26164875e+00
  -4.14859925e+00  1.01888908e+00 -2.04721003e-06 -3.43248931e+00
  -7.41831831e+00 -2.04721003e-06]
 [-1.59792834e-08 -1.59792834e-08  2.51711634e+00 -5.29193272e+00
   4.04471634e+00 -7.21368572e+00 -1.59792834e-08 -1.59792834e-08
  -2.46002326e+00 -1.59792834e-08]
 [ 9.98214034e-10  9.98214034e-10  9.98214034e-10  3.24395414e+00
   9.98214034e-10  3.63130117e+00  2.72256021e+00  9.98214034e-10
   7.86786136e+00  9.98214034e-10]]
Train validation errors
[[167283047321390.12, 306093271349363.1], [1.5531541197734565e+23, 3.0353038542864426e+23], [1.2211128234076391e+30, 2.340954517753585e+30], [4.477070630536933e+33, 8.455697717815715e+33], [3.025467903611088e+30, 5.790979779321361e+30], [5.514550258359194e+33, 1.0410606067438693e+34], [3.363968185131078e+33, 6.364204361741762e+33], [9.72946272889722e+26, 1.8863164377610912e+27], [2.771755568887176e+34, 5.242102244381542e+34], [4171453603248.4023, 9750931690247.643]]
Selected parents:
[[ 0.00000000e+00 -1.45799022e-12 -2.28980078e-13  4.62010753e-11
  -7.07488416e+00 -1.83669770e-15  2.72089316e+00  2.29423303e-05
  -2.04721003e-06 -1.59792834e-08  9.98214034e-10]
 [ 0.00000000e+00 -4.14914478e+00 -9.45049799e+00  4.62010753e-11
  -9.79649900e+00 -1.83669770e-15  2.72089316e+00 -2.08450293e+00
  -2.04721003e-06 -1.59792834e-08  9.98214034e-10]
 [ 0.00000000e+00 -4.14914478e+00 -6.05721538e+00 -8.15378229e+00
  -3.84228468e-01 -1.83669770e-15  2.72089316e+00 -2.08450293e+00
  -2.04721003e-06  2.51711634e+00  9.98214034e-10]
 [ 0.00000000e+00 -4.14914478e+00 -1.89049195e+00  5.37514926e+00
  -9.79649900e+00 -1.83669770e-15  8.20931173e+00 -2.08450293e+00
  -4.14859925e+00  4.04471634e+00  9.98214034e-10]
 [ 0.00000000e+00 -1.45799022e-12 -8.33871718e+00  4.62010753e-11
  -4.27017455e+00 -1.83669770e-15  2.72089316e+00  2.29423303e-05
  -3.43248931e+00 -1.59792834e-08  9.98214034e-10]
 [ 0.00000000e+00  1.77968504e+00 -9.45049799e+00  4.62010753e-11
   1.11145475e+00 -1.83669770e-15 -4.04401088e+00  2.29423303e-05
  -2.04721003e-06 -1.59792834e-08  9.98214034e-10]]Population:
[[ 0.00000000e+00  0.00000000e+00  0.00000000e+00  0.00000000e+00
   0.00000000e+00  6.54578036e+00  0.00000000e+00  4.54661132e+00
   7.59166547e-01  0.00000000e+00]
 [-1.45799022e-12  1.77968504e+00 -5.28150776e+00  1.77968504e+00
  -4.14914478e+00 -4.14914478e+00 -1.45799022e-12 -4.14914478e+00
  -1.45799022e-12 -1.45799022e-12]
 [-2.28980078e-13 -9.45049799e+00 -2.77696548e+00 -9.45049799e+00
  -6.05721538e+00 -9.45049799e+00 -2.28980078e-13  4.59306260e+00
  -7.06111404e-01 -1.89049195e+00]
 [ 4.62010753e-11  4.62010753e-11  4.62010753e-11  4.62010753e-11
  -5.17444183e+00  1.58829725e+00  4.62010753e-11  4.62010753e-11
   4.62010753e-11  5.37514926e+00]
 [-7.07488416e+00  1.11145475e+00  1.11145475e+00  1.11145475e+00
  -9.35593649e+00 -3.84228468e-01 -9.79649900e+00 -7.07488416e+00
  -9.79649900e+00 -3.75779770e+00]
 [-1.83669770e-15 -1.83669770e-15 -1.83669770e-15  3.41693212e+00
   2.87180703e+00 -4.21240044e+00 -9.94164841e+00 -1.83669770e-15
  -1.83669770e-15 -1.83669770e-15]
 [ 2.72089316e+00 -4.04401088e+00  2.72089316e+00 -4.04401088e+00
   2.72089316e+00  2.72089316e+00  2.72089316e+00  4.04920996e-01
   6.03991147e+00  8.20931173e+00]
 [ 2.29423303e-05  2.29423303e-05 -6.66329611e+00  2.29423303e-05
  -6.54434115e+00  9.55312816e+00  2.29423303e-05  2.29423303e-05
   2.29423303e-05  2.39715201e+00]
 [-2.04721003e-06 -2.04721003e-06  1.44708094e+00  6.14948470e+00
   1.86104573e+00 -7.15535337e+00  9.95163418e+00 -4.14859925e+00
  -2.04721003e-06 -1.81595127e+00]
 [-1.59792834e-08 -1.59792834e-08  2.51711634e+00 -4.36327206e+00
  -1.59792834e-08  2.51711634e+00 -1.59792834e-08  4.04471634e+00
  -6.46301730e+00 -2.83844293e+00]
 [ 9.98214034e-10  9.98214034e-10  9.98214034e-10 -4.37039256e+00
   9.98214034e-10  9.98214034e-10 -9.69499454e+00  9.98214034e-10
   9.98214034e-10  9.98214034e-10]]
Train validation errors
[[167283047321390.12, 306093271349363.1], [4171453603248.4023, 9750931690247.643], [1.2475363151107673e+30, 2.3935430296945426e+30], [4.280081777775437e+42, 4.3553147711464324e+42], [3.0236130697621734e+42, 3.0768483092592996e+42], [6.50541008007062e+42, 6.619945830555961e+42], [3.623761899512137e+43, 3.6876422020874027e+43], [3.0268320740487655e+30, 5.793621471050222e+30], [8.056156398389407e+30, 1.5444311708121795e+31], [1.5928982365170232e+30, 3.0564896758419813e+30]]
Selected parents:
[[ 0.00000000e+00 -1.45799022e-12 -2.28980078e-13  4.62010753e-11
  -7.07488416e+00 -1.83669770e-15  2.72089316e+00  2.29423303e-05
  -2.04721003e-06 -1.59792834e-08  9.98214034e-10]
 [ 0.00000000e+00  1.77968504e+00 -9.45049799e+00  4.62010753e-11
   1.11145475e+00 -1.83669770e-15 -4.04401088e+00  2.29423303e-05
  -2.04721003e-06 -1.59792834e-08  9.98214034e-10]
 [ 0.00000000e+00 -5.28150776e+00 -2.77696548e+00  4.62010753e-11
   1.11145475e+00 -1.83669770e-15  2.72089316e+00 -6.66329611e+00
   1.44708094e+00  2.51711634e+00  9.98214034e-10]
 [ 4.54661132e+00 -4.14914478e+00  4.59306260e+00  4.62010753e-11
  -7.07488416e+00 -1.83669770e-15  4.04920996e-01  2.29423303e-05
  -4.14859925e+00  4.04471634e+00  9.98214034e-10]
 [ 7.59166547e-01 -1.45799022e-12 -7.06111404e-01  4.62010753e-11
  -9.79649900e+00 -1.83669770e-15  6.03991147e+00  2.29423303e-05
  -2.04721003e-06 -6.46301730e+00  9.98214034e-10]
 [ 0.00000000e+00 -1.45799022e-12 -1.89049195e+00  5.37514926e+00
  -3.75779770e+00 -1.83669770e-15  8.20931173e+00  2.39715201e+00
  -1.81595127e+00 -2.83844293e+00  9.98214034e-10]]Population:
[[ 0.00000000e+00  0.00000000e+00  0.00000000e+00  0.00000000e+00
   0.00000000e+00  0.00000000e+00  9.27440156e-02  7.59166547e-01
   4.54661132e+00 -4.47107659e+00]
 [-1.45799022e-12  1.77968504e+00 -4.02459943e+00 -1.45799022e-12
   3.10262898e+00  1.77968504e+00 -1.45799022e-12 -5.28150776e+00
   5.54246955e+00 -4.14914478e+00]
 [-2.28980078e-13 -9.45049799e+00 -9.45049799e+00  6.00249634e+00
   6.07336038e+00 -9.45049799e+00 -2.77696548e+00 -2.77696548e+00
   8.01388019e-02 -1.89049195e+00]
 [ 4.62010753e-11  4.62010753e-11  7.11985948e+00  4.62010753e-11
   4.62010753e-11  4.62010753e-11  4.62010753e-11 -6.57909530e+00
   4.62010753e-11  1.45674278e+00]
 [-7.07488416e+00  1.11145475e+00 -7.07488416e+00  1.11145475e+00
   1.11145475e+00  8.52312194e+00 -9.79649900e+00 -9.79649900e+00
  -7.07488416e+00 -7.07488416e+00]
 [-1.83669770e-15 -1.83669770e-15 -1.83669770e-15 -1.83669770e-15
  -1.83669770e-15  4.92282618e-01 -1.83669770e-15  6.54921519e+00
  -9.96130680e+00 -5.47945251e-01]
 [ 2.72089316e+00 -4.04401088e+00  2.72089316e+00 -4.04401088e+00
   2.72089316e+00 -9.77905618e-01  6.03991147e+00  6.09263825e+00
  -9.45481759e+00 -7.98031705e+00]
 [ 2.29423303e-05  2.29423303e-05  2.29423303e-05  2.29423303e-05
   2.29423303e-05 -2.58466234e+00  2.29423303e-05 -6.66329611e+00
  -9.75777903e+00  2.39715201e+00]
 [-2.04721003e-06 -2.04721003e-06 -2.04721003e-06 -2.04721003e-06
   3.52018026e+00 -2.04721003e-06 -2.04721003e-06  1.44708094e+00
   8.12803388e+00  6.88416032e+00]
 [-1.59792834e-08 -1.59792834e-08 -1.59792834e-08 -3.05379060e+00
  -9.18584497e+00 -1.59792834e-08  2.51711634e+00 -3.77143531e+00
  -7.44530184e-01  1.12014836e+00]
 [ 9.98214034e-10  9.98214034e-10  6.47348339e+00  9.98214034e-10
   9.98214034e-10  2.20736239e+00  9.98214034e-10  9.98214034e-10
   9.98214034e-10  1.01502717e+00]]
Train validation errors
[[167283047321390.12, 306093271349363.1], [4171453603248.4023, 9750931690247.643], [1.901860414653751e+34, 3.5980828697559433e+34], [1.7986048208310924e+30, 3.4480727620240244e+30], [1.6024864448819102e+31, 3.070347456553689e+31], [8.887295294556728e+40, 9.044655682496621e+40], [1.2219792216559073e+30, 2.3426342535940283e+30], [1.5725117415850188e+43, 1.6001977396831707e+43], [3.637879958218696e+43, 3.701930364003679e+43], [1.1006193018831866e+41, 1.1199508149975446e+41]]
Selected parents:
[[ 0.00000000e+00 -1.45799022e-12 -2.28980078e-13  4.62010753e-11
  -7.07488416e+00 -1.83669770e-15  2.72089316e+00  2.29423303e-05
  -2.04721003e-06 -1.59792834e-08  9.98214034e-10]
 [ 0.00000000e+00  1.77968504e+00 -9.45049799e+00  4.62010753e-11
   1.11145475e+00 -1.83669770e-15 -4.04401088e+00  2.29423303e-05
  -2.04721003e-06 -1.59792834e-08  9.98214034e-10]
 [ 0.00000000e+00 -4.02459943e+00 -9.45049799e+00  7.11985948e+00
  -7.07488416e+00 -1.83669770e-15  2.72089316e+00  2.29423303e-05
  -2.04721003e-06 -1.59792834e-08  6.47348339e+00]
 [ 0.00000000e+00 -1.45799022e-12  6.00249634e+00  4.62010753e-11
   1.11145475e+00 -1.83669770e-15 -4.04401088e+00  2.29423303e-05
  -2.04721003e-06 -3.05379060e+00  9.98214034e-10]
 [ 0.00000000e+00  3.10262898e+00  6.07336038e+00  4.62010753e-11
   1.11145475e+00 -1.83669770e-15  2.72089316e+00  2.29423303e-05
   3.52018026e+00 -9.18584497e+00  9.98214034e-10]
 [ 9.27440156e-02 -1.45799022e-12 -2.77696548e+00  4.62010753e-11
  -9.79649900e+00 -1.83669770e-15  6.03991147e+00  2.29423303e-05
  -2.04721003e-06  2.51711634e+00  9.98214034e-10]]Best offspring gen errors:
[[1.67283047e+14 3.06093271e+14]
 [1.67283047e+14 3.06093271e+14]
 [1.67283047e+14 3.06093271e+14]
 [1.67283047e+14 3.06093271e+14]
 [1.67283047e+14 3.06093271e+14]
 [1.67283047e+14 3.06093271e+14]
 [1.67283047e+14 3.06093271e+14]
 [4.17145360e+12 9.75093169e+12]
 [4.17145360e+12 9.75093169e+12]
 [4.17145360e+12 9.75093169e+12]]