Starting all over again with new root population
No of generations: 3
Population size: 12
Mutation coefficient: 0.2
Split point: 7
One offspring per pair
Population:
[[ 0.00000000e+00  0.00000000e+00  0.00000000e+00  0.00000000e+00
   0.00000000e+00  0.00000000e+00  0.00000000e+00  0.00000000e+00
   0.00000000e+00  0.00000000e+00  0.00000000e+00  0.00000000e+00]
 [ 6.27937040e+00 -1.45799022e-12 -1.45799022e-12 -9.75835723e+00
  -1.45799022e-12 -1.45799022e-12 -8.98587638e+00 -1.45799022e-12
  -1.45799022e-12 -1.45799022e-12 -6.11532037e-01 -1.45799022e-12]
 [-2.28980078e-13 -2.28980078e-13 -2.17347038e+00 -2.28980078e-13
  -2.28980078e-13 -2.28980078e-13 -4.25719383e+00 -2.28980078e-13
  -2.28980078e-13  9.72667176e+00 -2.28980078e-13 -2.28980078e-13]
 [ 4.62010753e-11  4.62010753e-11  4.62010753e-11  4.62010753e-11
   4.62010753e-11  4.62010753e-11  4.62010753e-11 -4.17136006e+00
   4.62010753e-11  4.62010753e-11  4.62010753e-11  4.62010753e-11]
 [-1.75214813e-10 -1.75214813e-10 -1.75214813e-10 -1.75214813e-10
  -1.75214813e-10 -1.75214813e-10 -1.75214813e-10 -1.75214813e-10
  -1.75214813e-10 -1.75214813e-10 -1.75214813e-10 -1.75214813e-10]
 [-1.83669770e-15 -1.83669770e-15 -1.83669770e-15 -1.83669770e-15
  -1.83669770e-15 -1.83669770e-15 -1.83669770e-15 -1.83669770e-15
  -1.83669770e-15  1.31367627e+00  4.50931369e+00 -1.83669770e-15]
 [ 8.52944060e-16  8.52944060e-16  8.52944060e-16  8.52944060e-16
   8.52944060e-16  8.52944060e-16  8.52944060e-16  8.52944060e-16
   8.52944060e-16  1.38711103e+00 -7.86082958e-01  8.52944060e-16]
 [ 2.29423303e-05  2.29423303e-05  2.29423303e-05  2.29423303e-05
   2.29423303e-05 -1.52574735e+00  2.29423303e-05  2.29423303e-05
   2.29423303e-05  2.29423303e-05  2.29423303e-05  2.29423303e-05]
 [-2.04721003e-06 -2.04721003e-06 -2.04721003e-06 -2.04721003e-06
  -2.04721003e-06 -2.04721003e-06 -2.04721003e-06  5.02177686e-01
  -2.04721003e-06 -2.04721003e-06 -2.04721003e-06 -2.04721003e-06]
 [-1.59792834e-08 -1.59792834e-08 -1.59792834e-08 -1.59792834e-08
  -1.59792834e-08 -1.59792834e-08 -1.59792834e-08 -1.59792834e-08
  -1.59792834e-08  3.78539345e+00 -1.59792834e-08 -1.59792834e-08]
 [ 9.98214034e-10 -6.41889788e+00  9.98214034e-10  8.64520413e+00
   9.98214034e-10  9.98214034e-10  9.98214034e-10  9.98214034e-10
   9.98214034e-10  9.98214034e-10  9.98214034e-10  9.98214034e-10]]
Train validation errors
[[13504842102.92983, 368344514440.6409], [1.8699220255774645e+34, 3.537659418191892e+34], [13398896731.091145, 367223115707.8591], [3.391978321909553e+34, 6.417200232288855e+34], [13510723304.19212, 368296592820.6967], [8.320424354405312e+22, 1.6260266947579428e+23], [13309462541.590225, 366141689153.8224], [2.082519731335692e+25, 4.037521704900085e+25], [13510723304.19212, 368296592820.6967], [6.326944721668925e+41, 6.438348517557608e+41], [7.454810259989414e+42, 7.586063323323962e+42], [13510723304.19212, 368296592820.6967]]
Population:
[[ 0.00000000e+00  0.00000000e+00  0.00000000e+00  0.00000000e+00
   0.00000000e+00  0.00000000e+00  0.00000000e+00  9.40376952e+00
   0.00000000e+00  0.00000000e+00  0.00000000e+00  0.00000000e+00]
 [-1.45799022e-12 -8.98587638e+00  6.27937040e+00 -8.98587638e+00
  -9.75835723e+00 -1.45799022e-12 -1.45799022e-12 -8.98587638e+00
  -1.45799022e-12  2.97582479e+00 -1.45799022e-12 -1.45799022e-12]
 [-2.17347038e+00 -4.25719383e+00 -2.28980078e-13 -4.57220039e+00
  -2.28980078e-13 -2.28980078e-13 -2.28980078e-13 -4.25719383e+00
   3.96611772e+00 -2.28980078e-13 -2.28980078e-13 -2.17347038e+00]
 [ 4.62010753e-11  4.62010753e-11  4.62010753e-11  4.62010753e-11
   4.62010753e-11  4.62010753e-11  4.62010753e-11 -7.43870950e+00
   4.62010753e-11 -2.78409073e+00  4.62010753e-11  4.62010753e-11]
 [-1.75214813e-10 -1.75214813e-10 -1.75214813e-10 -1.75214813e-10
  -1.75214813e-10 -6.61726765e+00 -1.75214813e-10 -1.75214813e-10
  -1.75214813e-10 -1.75214813e-10 -1.75214813e-10 -1.75214813e-10]
 [-1.83669770e-15 -1.83669770e-15 -1.83669770e-15 -1.83669770e-15
  -1.83669770e-15 -1.83669770e-15  9.22613994e+00 -1.83669770e-15
  -1.83669770e-15 -1.83669770e-15 -1.83669770e-15 -1.83669770e-15]
 [ 8.52944060e-16  8.52944060e-16  8.52944060e-16  8.52944060e-16
   8.52944060e-16 -9.04192680e+00  8.52944060e-16  8.52944060e-16
   8.52944060e-16  8.52944060e-16  8.52944060e-16  8.52944060e-16]
 [ 2.29423303e-05  2.29423303e-05  2.29423303e-05  2.29423303e-05
   2.29423303e-05  2.29423303e-05  2.29423303e-05  9.42376367e+00
   2.29423303e-05  2.29423303e-05  2.29423303e-05  2.29423303e-05]
 [-2.04721003e-06 -2.04721003e-06 -2.04721003e-06 -2.04721003e-06
  -2.04721003e-06 -2.04721003e-06 -2.04721003e-06  7.49099302e+00
   5.44707323e+00 -2.04721003e-06 -2.04721003e-06 -2.04721003e-06]
 [-1.59792834e-08 -1.59792834e-08 -1.59792834e-08 -1.59792834e-08
  -1.59792834e-08 -5.57147756e+00 -1.59792834e-08 -1.59792834e-08
  -1.59792834e-08 -1.59792834e-08 -4.43670024e+00 -1.59792834e-08]
 [-8.29634412e+00 -1.14499322e+00  9.98214034e-10  9.98214034e-10
   9.98214034e-10  8.64520413e+00  9.98214034e-10 -6.41889788e+00
  -6.19679306e-01  9.98214034e-10  9.98214034e-10  3.89121487e+00]]
Train validation errors
[[3.1237486329014144e+34, 5.9097430909430815e+34], [5.949882597117598e+32, 1.125643632113697e+33], [13504842102.92983, 368344514440.6409], [13295353534.234158, 365989502837.3028], [13519976041.654425, 368222263577.18274], [3.3040929864147858e+34, 6.246808810429434e+34], [3.120726964099927e+43, 3.175672020993892e+43], [1.868020949590879e+34, 3.5340116344820435e+34], [1.7297601610559814e+32, 3.2721635939304375e+32], [26666779646.61283, 315915569903.04474], [3.796447692645613e+30, 7.278101190157704e+30], [6.871839200040622e+33, 1.3000663307925344e+34]]
Population:
[[ 0.00000000e+00 -7.74868050e+00  0.00000000e+00  0.00000000e+00
   0.00000000e+00  0.00000000e+00  0.00000000e+00  9.40376952e+00
   0.00000000e+00  0.00000000e+00  0.00000000e+00  0.00000000e+00]
 [-1.45799022e-12 -1.45799022e-12 -8.98587638e+00 -1.45799022e-12
  -8.98587638e+00 -1.45799022e-12 -1.45799022e-12 -8.98587638e+00
   6.27937040e+00 -9.75835723e+00 -9.75835723e+00 -7.13121383e+00]
 [-2.28980078e-13 -2.17347038e+00 -4.57220039e+00 -2.28980078e-13
  -4.25719383e+00  5.80311835e+00 -2.28980078e-13 -4.25719383e+00
   5.03435544e+00 -2.28980078e-13 -2.28980078e-13 -4.57220039e+00]
 [-1.44615563e+00 -1.20678526e+00  4.62010753e-11  4.62010753e-11
   4.62010753e-11  4.62010753e-11  4.62010753e-11 -7.43870950e+00
  -8.50210018e+00  4.62010753e-11  1.07109860e+00 -5.23714582e+00]
 [-1.75214813e-10 -1.75214813e-10 -2.33617593e+00 -1.75214813e-10
  -1.75214813e-10 -1.75214813e-10 -1.75214813e-10 -1.75214813e-10
  -1.75214813e-10 -1.75214813e-10 -1.75214813e-10 -1.75214813e-10]
 [-1.83669770e-15 -1.83669770e-15 -1.83669770e-15 -1.83669770e-15
  -1.83669770e-15 -1.83669770e-15 -1.83669770e-15 -1.83669770e-15
  -1.83669770e-15 -1.83669770e-15 -1.83669770e-15 -1.83669770e-15]
 [ 8.52944060e-16  8.52944060e-16  8.52944060e-16  8.52944060e-16
   8.52944060e-16  8.52944060e-16  8.52944060e-16  8.52944060e-16
   8.52944060e-16  8.52944060e-16  8.52944060e-16  8.52944060e-16]
 [ 2.29423303e-05  2.29423303e-05  2.29423303e-05  2.29423303e-05
   2.29423303e-05  2.29423303e-05 -7.09022101e-01  2.29423303e-05
   2.29423303e-05  2.29423303e-05  2.29423303e-05  2.29423303e-05]
 [-2.04721003e-06 -2.04721003e-06 -2.04721003e-06  1.87406404e+00
  -2.04721003e-06 -2.04721003e-06  7.49099302e+00 -2.04721003e-06
  -2.04721003e-06 -2.04721003e-06 -2.04721003e-06 -2.04721003e-06]
 [-1.59792834e-08 -4.43670024e+00 -4.43670024e+00 -1.59792834e-08
  -1.59792834e-08 -1.59792834e-08 -1.59792834e-08 -4.43670024e+00
  -1.59792834e-08 -1.59792834e-08 -1.59792834e-08 -1.59792834e-08]
 [ 3.89121487e+00  9.98214034e-10  9.98214034e-10  9.98214034e-10
   3.89121487e+00 -1.14499322e+00 -6.41889788e+00  9.98214034e-10
   9.98214034e-10  9.98214034e-10  9.98214034e-10  9.98214034e-10]]
Train validation errors
[[6.871839200033171e+33, 1.300066330790938e+34], [3.7964476928195405e+30, 7.278101190500027e+30], [3.796447706870742e+30, 7.278101220540268e+30], [2.9002844101655957e+26, 5.6229768900960856e+26], [6.871839200040347e+33, 1.3000663307924795e+34], [5.949882597113915e+32, 1.1256436321129741e+33], [1.8680712509797743e+34, 3.534111588182124e+34], [3.796447693694942e+30, 7.278101192216045e+30], [134924457126.50046, 351078551193.88367], [13519976041.654425, 368222263577.18274], [15450295591.32902, 400741754971.1651], [60911692631.21129, 309348110201.5031]]
