Starting all over again with new root population
No of generations: 10
Population size: 6
Mutation coefficient: 0.2
Split point: 7
One offspring per pair
Population:
[[ 0.00000000e+00  0.00000000e+00  0.00000000e+00  0.00000000e+00
   0.00000000e+00  0.00000000e+00]
 [ 6.27937040e+00 -1.45799022e-12 -1.45799022e-12 -9.75835723e+00
  -1.45799022e-12 -1.45799022e-12]
 [-2.28980078e-13 -2.28980078e-13 -2.17347038e+00 -2.28980078e-13
  -2.28980078e-13 -2.28980078e-13]
 [ 4.62010753e-11  4.62010753e-11  4.62010753e-11  4.62010753e-11
   4.62010753e-11  4.62010753e-11]
 [-1.75214813e-10 -1.75214813e-10 -1.75214813e-10 -1.75214813e-10
  -1.75214813e-10 -1.75214813e-10]
 [-1.83669770e-15 -1.83669770e-15 -1.83669770e-15 -1.83669770e-15
  -1.83669770e-15 -1.83669770e-15]
 [ 8.52944060e-16  8.52944060e-16  8.52944060e-16  8.52944060e-16
   8.52944060e-16  8.52944060e-16]
 [ 2.29423303e-05  2.29423303e-05  2.29423303e-05  2.29423303e-05
   2.29423303e-05 -1.52574735e+00]
 [-2.04721003e-06 -2.04721003e-06 -2.04721003e-06 -2.04721003e-06
  -2.04721003e-06 -2.04721003e-06]
 [-1.59792834e-08 -1.59792834e-08 -1.59792834e-08 -1.59792834e-08
  -1.59792834e-08 -1.59792834e-08]
 [ 9.98214034e-10 -6.41889788e+00  9.98214034e-10  8.64520413e+00
   9.98214034e-10  9.98214034e-10]]
Train validation errors
[[13504842102.92983, 368344514440.6409], [1.8699220255774645e+34, 3.537659418191892e+34], [13398896731.091145, 367223115707.8591], [3.391978321909553e+34, 6.417200232288855e+34], [13510723304.19212, 368296592820.6967], [8.320424354405312e+22, 1.6260266947579428e+23]]
Population:
[[-4.25719383e+00  0.00000000e+00  0.00000000e+00  0.00000000e+00
  -7.86082958e-01  0.00000000e+00]
 [-1.45799022e-12 -4.17136006e+00 -1.45799022e-12  1.31367627e+00
  -1.45799022e-12  6.27937040e+00]
 [-2.28980078e-13 -2.28980078e-13 -2.17347038e+00  1.38711103e+00
  -2.28980078e-13 -2.28980078e-13]
 [ 4.62010753e-11  4.62010753e-11  4.62010753e-11  4.62010753e-11
   4.62010753e-11  4.62010753e-11]
 [-1.75214813e-10 -1.75214813e-10 -1.75214813e-10 -1.75214813e-10
  -1.75214813e-10 -1.75214813e-10]
 [-1.83669770e-15 -1.83669770e-15 -1.83669770e-15  3.78539345e+00
  -1.83669770e-15 -1.83669770e-15]
 [ 8.52944060e-16  5.02177686e-01  8.52944060e-16  8.52944060e-16
   8.52944060e-16  2.79157591e+00]
 [ 2.29423303e-05  2.29423303e-05  2.29423303e-05  2.29423303e-05
   2.29423303e-05  9.23987186e+00]
 [-2.04721003e-06 -2.04721003e-06 -2.04721003e-06 -2.04721003e-06
  -2.04721003e-06 -2.04721003e-06]
 [-1.59792834e-08 -1.59792834e-08 -1.59792834e-08 -1.59792834e-08
  -1.59792834e-08 -1.59792834e-08]
 [-3.70577548e+00  9.98214034e-10  9.98214034e-10  9.98214034e-10
   9.98214034e-10  9.98214034e-10]]
Train validation errors
[[6.232478241987482e+33, 1.1791072060645602e+34], [13514672673.301693, 368264736358.329], [13398896731.091145, 367223115707.8591], [5.2533671240707965e+42, 5.345860494633966e+42], [13510691332.47403, 368296456196.9945], [3.051384450887913e+24, 5.96320943202494e+24]]
Population:
[[ 0.00000000e+00  0.00000000e+00  0.00000000e+00  0.00000000e+00
  -7.86082958e-01 -9.04192680e+00]
 [-1.45799022e-12  1.31367627e+00 -4.17136006e+00 -1.45799022e-12
  -1.45799022e-12 -1.45799022e-12]
 [-2.17347038e+00  1.38711103e+00 -2.28980078e-13 -2.17347038e+00
  -2.28980078e-13 -2.17347038e+00]
 [ 4.62010753e-11  4.62010753e-11  4.62010753e-11  4.62010753e-11
   4.62010753e-11 -5.57147756e+00]
 [-8.29634412e+00 -1.14499322e+00 -1.75214813e-10 -1.75214813e-10
  -1.75214813e-10 -1.75214813e-10]
 [-1.83669770e-15  3.78539345e+00 -1.83669770e-15 -1.83669770e-15
  -1.83669770e-15 -1.83669770e-15]
 [ 8.52944060e-16  8.52944060e-16  5.02177686e-01  8.52944060e-16
   8.52944060e-16  8.52944060e-16]
 [ 2.29423303e-05  2.29423303e-05  2.29423303e-05  2.29423303e-05
  -8.13177461e-01  2.29423303e-05]
 [-2.04721003e-06 -2.04721003e-06 -2.04721003e-06 -2.04721003e-06
  -2.04721003e-06 -2.04721003e-06]
 [-1.55178237e-01 -6.41391123e+00 -1.59792834e-08 -1.59792834e-08
  -1.59792834e-08 -1.59792834e-08]
 [ 9.98214034e-10  9.98214034e-10  9.98214034e-10 -6.25366445e+00
   9.98214034e-10  9.98214034e-10]]
Train validation errors
[[4.644285951265978e+27, 8.903476890009958e+27], [5.2533555414873936e+42, 5.345844563431195e+42], [13514672673.301693, 368264736358.329], [1.7748911041641798e+34, 3.357872758877016e+34], [2.3635365741769186e+22, 4.6189558991739075e+22], [66631345945.746864, 310650867828.69354]]
Population:
[[-7.86082958e-01  0.00000000e+00  0.00000000e+00  0.00000000e+00
  -9.04192680e+00  3.89121487e+00]
 [-1.45799022e-12  9.42376367e+00 -4.17136006e+00 -1.45799022e-12
  -1.45799022e-12  6.90345244e+00]
 [-2.28980078e-13  7.49099302e+00  5.44707323e+00 -2.17347038e+00
  -2.17347038e+00 -2.17347038e+00]
 [ 4.62010753e-11  4.62010753e-11  4.62010753e-11  4.62010753e-11
  -5.57147756e+00 -1.87256140e+00]
 [-1.75214813e-10 -8.29634412e+00 -6.19679306e-01 -1.75214813e-10
  -1.75214813e-10 -8.29634412e+00]
 [-1.83669770e-15 -1.83669770e-15 -1.83669770e-15 -1.83669770e-15
  -1.83669770e-15 -1.83669770e-15]
 [ 8.52944060e-16  8.52944060e-16  5.02177686e-01  8.52944060e-16
   8.52944060e-16  8.52944060e-16]
 [ 2.29423303e-05 -8.13177461e-01  2.29423303e-05  2.29423303e-05
   2.29423303e-05  2.84355565e+00]
 [-8.62247799e+00 -2.04721003e-06 -2.04721003e-06 -2.04721003e-06
  -2.04721003e-06 -2.04721003e-06]
 [-1.55178237e-01 -1.59792834e-08 -1.59792834e-08 -1.59792834e-08
  -1.55178237e-01 -1.59792834e-08]
 [ 9.98214034e-10  9.98214034e-10 -6.25366445e+00  9.98214034e-10
   9.98214034e-10  9.98214034e-10]]
Train validation errors
[[2.1136894042546134e+28, 4.137947452086579e+28], [2.3639237859529663e+22, 4.619832748264875e+22], [1.7748911041917328e+34, 3.35787275893086e+34], [13398896731.091145, 367223115707.8591], [4.644284213088762e+27, 8.903473172894829e+27], [2.889769350895307e+23, 5.64733279081208e+23]]
Population:
[[ 0.00000000e+00  0.00000000e+00  3.89121487e+00  0.00000000e+00
   0.00000000e+00  0.00000000e+00]
 [ 9.42376367e+00 -1.45799022e-12  6.90345244e+00  9.42376367e+00
  -4.17136006e+00  7.07926191e+00]
 [-3.84141571e+00 -2.17347038e+00 -2.17347038e+00  7.49099302e+00
   5.44707323e+00 -2.17347038e+00]
 [ 4.62010753e-11  4.62010753e-11 -1.87256140e+00 -6.16439167e+00
   4.62010753e-11  4.62010753e-11]
 [-8.29634412e+00 -1.75214813e-10 -8.29634412e+00 -8.29634412e+00
  -6.19679306e-01 -1.75214813e-10]
 [-1.83669770e-15 -1.83669770e-15 -1.83669770e-15 -1.83669770e-15
  -1.83669770e-15 -1.83669770e-15]
 [ 8.52944060e-16  8.52944060e-16  8.52944060e-16  8.52944060e-16
   5.02177686e-01  8.52944060e-16]
 [ 2.29423303e-05 -8.13177461e-01 -8.13177461e-01  2.84355565e+00
   2.29423303e-05  2.29423303e-05]
 [-2.04721003e-06 -2.04721003e-06 -2.04721003e-06 -2.04721003e-06
  -2.04721003e-06 -2.04721003e-06]
 [-1.59792834e-08 -1.59792834e-08 -1.59792834e-08 -1.59792834e-08
  -1.59792834e-08 -1.59792834e-08]
 [ 9.98214034e-10  1.46615099e-01  9.98214034e-10  8.28017235e+00
   9.98214034e-10 -6.25366445e+00]]
Train validation errors
[[230204569634768.7, 423071823347533.1], [9.754811566030547e+30, 1.8454799842769754e+31], [2.3639261373724837e+22, 4.619837412482319e+22], [3.111600689069894e+34, 5.886762430562991e+34], [1256787552801.538, 1859150202819.8862], [1.7748911041641773e+34, 3.3578727588770094e+34]]
Population:
[[ 3.89121487e+00  0.00000000e+00  0.00000000e+00  0.00000000e+00
   0.00000000e+00  3.89121487e+00]
 [ 6.90345244e+00  9.42376367e+00 -1.45799022e-12  9.42376367e+00
  -1.45799022e-12  6.90345244e+00]
 [-2.17347038e+00 -3.84141571e+00 -2.17347038e+00 -3.84141571e+00
  -2.17347038e+00 -2.17347038e+00]
 [-1.87256140e+00  4.62010753e-11  4.62010753e-11  4.62010753e-11
   4.62010753e-11 -1.87256140e+00]
 [-8.29634412e+00 -8.29634412e+00 -6.96973189e+00 -8.29634412e+00
  -1.75214813e-10 -8.29634412e+00]
 [-1.83669770e-15 -1.83669770e-15 -1.83669770e-15 -1.83669770e-15
  -1.83669770e-15 -1.83669770e-15]
 [ 8.52944060e-16  8.52944060e-16  8.52944060e-16 -9.36899511e+00
   4.32593963e+00  8.52944060e-16]
 [ 2.29423303e-05 -8.13177461e-01  2.29423303e-05 -8.13177461e-01
   8.25709971e-01 -8.13177461e-01]
 [-2.04721003e-06 -2.04721003e-06 -2.04721003e-06 -2.04721003e-06
  -2.04721003e-06 -2.04721003e-06]
 [-1.59792834e-08 -1.59792834e-08 -1.59792834e-08 -1.59792834e-08
  -1.59792834e-08 -1.59792834e-08]
 [ 9.98214034e-10  9.98214034e-10  9.98214034e-10  1.46615099e-01
   9.98214034e-10  1.46615099e-01]]
Train validation errors
[[231672854010517.6, 427201516380976.8], [2.363924005409958e+22, 4.619833290238653e+22], [162393919973277.88, 297009458351166.1], [9.754811479078921e+30, 1.8454799672844826e+31], [2.4366779350858647e+22, 4.761925734942267e+22], [9.754811478709953e+30, 1.845479967205541e+31]]
Population:
[[ 0.00000000e+00  3.89121487e+00  0.00000000e+00  0.00000000e+00
   0.00000000e+00  3.89121487e+00]
 [-1.45799022e-12  6.90345244e+00 -1.45799022e-12 -1.45799022e-12
  -1.45799022e-12  6.90345244e+00]
 [-2.17347038e+00  5.15629237e+00 -2.17347038e+00 -2.17347038e+00
  -2.17347038e+00 -2.17347038e+00]
 [ 4.62010753e-11 -1.87256140e+00  4.62010753e-11  4.62010753e-11
   4.62010753e-11 -1.87256140e+00]
 [-6.96973189e+00 -8.29634412e+00 -6.96973189e+00 -1.75214813e-10
  -6.96973189e+00 -8.29634412e+00]
 [-1.83669770e-15 -1.83669770e-15 -1.83669770e-15 -1.83669770e-15
  -1.83669770e-15 -1.83669770e-15]
 [ 8.52944060e-16  8.52944060e-16  8.52944060e-16  4.32593963e+00
   8.52944060e-16  4.67923330e+00]
 [-8.13177461e-01  2.29423303e-05  8.25709971e-01  3.16924773e+00
  -8.13177461e-01  5.53798856e+00]
 [-2.04721003e-06 -2.04721003e-06 -2.04721003e-06 -2.04721003e-06
  -2.04721003e-06 -2.04721003e-06]
 [-1.59792834e-08 -1.59792834e-08  8.94880380e+00 -1.59792834e-08
  -1.59792834e-08 -1.59792834e-08]
 [ 1.46615099e-01  9.98214034e-10  9.98214034e-10  9.98214034e-10
   1.46615099e-01  9.98214034e-10]]
Train validation errors
[[9.754811492988556e+30, 1.8454799700027509e+31], [231465992052993.4, 426838146867833.75], [1.5446195787316362e+31, 2.961164896633281e+31], [3.58982502379277e+23, 7.015468330150663e+23], [9.754811492988556e+30, 1.8454799700027509e+31], [1.0961176979038097e+24, 2.1420951241564773e+24]]
Population:
[[ 3.89121487e+00  0.00000000e+00  0.00000000e+00  0.00000000e+00
   0.00000000e+00  0.00000000e+00]
 [ 6.90345244e+00 -1.45799022e-12 -1.45799022e-12 -1.45799022e-12
  -1.45799022e-12 -1.45799022e-12]
 [-2.17347038e+00 -8.81721346e+00 -2.17347038e+00 -2.17347038e+00
   3.62255145e+00 -2.17347038e+00]
 [-1.87256140e+00 -4.65616156e+00  1.15675626e+00  4.62010753e-11
   4.62010753e-11  1.25009950e+00]
 [-8.29634412e+00 -6.96973189e+00 -6.96973189e+00  4.73599857e+00
  -6.96973189e+00 -6.96973189e+00]
 [-1.83669770e-15 -1.83669770e-15 -8.13918614e+00 -1.83669770e-15
  -1.83669770e-15 -1.83669770e-15]
 [ 4.67923330e+00  8.52944060e-16  8.52944060e-16  4.32593963e+00
   8.52944060e-16  8.52944060e-16]
 [-8.13177461e-01  3.69417417e+00  3.16924773e+00  8.25709971e-01
   8.25709971e-01 -8.13177461e-01]
 [ 8.19619756e+00 -2.04721003e-06 -2.04721003e-06 -2.04721003e-06
  -2.04721003e-06 -2.04721003e-06]
 [-8.83813579e+00 -1.59792834e-08 -1.59792834e-08  8.94880380e+00
   8.94880380e+00 -1.59792834e-08]
 [ 1.46615099e-01  9.98214034e-10  9.98214034e-10  6.95971648e+00
   9.98214034e-10  1.46615099e-01]]
Train validation errors
[[9.254039577360555e+29, 9.756745141818385e+29], [4.87734127978126e+23, 9.531568818117928e+23], [2.428721175918151e+43, 2.4714824376767566e+43], [2.3142555787194657e+34, 4.383673601040976e+34], [1.5446195787346142e+31, 2.9611648966400254e+31], [9.754811493239869e+30, 1.8454799700564248e+31]]
Population:
[[ 7.44944825e+00  0.00000000e+00  0.00000000e+00  0.00000000e+00
   0.00000000e+00  0.00000000e+00]
 [-1.45799022e-12 -1.45799022e-12 -1.45799022e-12 -1.45799022e-12
   7.12107130e+00 -1.45799022e-12]
 [ 3.62255145e+00 -2.17347038e+00 -2.17347038e+00  3.62255145e+00
   6.58161288e+00 -2.17347038e+00]
 [ 4.62010753e-11  1.25009950e+00  4.62010753e-11  4.62010753e-11
  -4.65616156e+00  1.15675626e+00]
 [-6.96973189e+00 -6.96973189e+00  4.73599857e+00 -6.96973189e+00
  -6.96973189e+00 -6.96973189e+00]
 [-1.83669770e-15  8.43588207e+00 -1.83669770e-15 -1.83669770e-15
  -1.83669770e-15 -8.13918614e+00]
 [ 8.52944060e-16  8.52944060e-16  4.32593963e+00  8.52944060e-16
   8.52944060e-16  8.52944060e-16]
 [-3.72370557e+00 -2.01479033e+00  8.25709971e-01 -2.50007626e+00
   3.16924773e+00 -5.57249561e+00]
 [-2.04721003e-06 -2.04721003e-06 -2.04721003e-06 -2.04721003e-06
  -2.04721003e-06 -2.04721003e-06]
 [-1.59792834e-08  8.94880380e+00  6.99448941e+00  8.94880380e+00
  -1.59792834e-08 -1.59792834e-08]
 [ 1.46615099e-01  9.98214034e-10  9.98214034e-10  6.95971648e+00
   9.98214034e-10  9.98214034e-10]]
Train validation errors
[[9.751510113694552e+30, 1.844823942571987e+31], [2.6090193339635996e+43, 2.654956302722428e+43], [9.436548771114922e+30, 1.8090657636779396e+31], [2.3142371767123494e+34, 4.383637057709047e+34], [3.5896961806272806e+23, 7.015177239025666e+23], [2.428721177315205e+43, 2.4714824396299675e+43]]
Population:
[[ 7.44944825e+00  0.00000000e+00  7.44944825e+00  0.00000000e+00
   0.00000000e+00  0.00000000e+00]
 [-1.45799022e-12 -1.45799022e-12 -1.45799022e-12 -1.45799022e-12
  -5.37404296e+00  7.12107130e+00]
 [ 3.62255145e+00  3.62255145e+00  3.62255145e+00 -2.17347038e+00
   3.62255145e+00  6.58161288e+00]
 [ 4.62010753e-11  4.62010753e-11  4.62010753e-11  4.62010753e-11
   4.62010753e-11 -4.65616156e+00]
 [-7.94834726e+00 -6.96973189e+00 -6.96973189e+00  4.73599857e+00
  -6.96973189e+00 -6.96973189e+00]
 [-1.83669770e-15 -1.83669770e-15 -1.83669770e-15 -1.83669770e-15
  -1.83669770e-15 -1.83669770e-15]
 [ 8.52944060e-16 -8.42563183e+00  8.52944060e-16  4.32593963e+00
   8.52944060e-16  8.52944060e-16]
 [-2.50007626e+00 -3.72370557e+00  8.25709971e-01 -3.72370557e+00
   3.16924773e+00 -2.50007626e+00]
 [-2.04721003e-06 -2.04721003e-06 -2.04721003e-06 -2.04721003e-06
  -2.04721003e-06 -2.04721003e-06]
 [ 8.94880380e+00 -1.59792834e-08  6.99448941e+00 -1.59792834e-08
  -1.59792834e-08  8.94880380e+00]
 [ 6.95971648e+00  1.46615099e-01  9.98214034e-10  1.46615099e-01
   9.98214034e-10  6.95971648e+00]]
Train validation errors
[[2.3142371766624635e+34, 4.383637057611339e+34], [9.751510113694541e+30, 1.8448239425719857e+31], [9.436548658860492e+30, 1.809065739703544e+31], [9.751510236322965e+30, 1.844823966536017e+31], [3.589698251452273e+23, 7.015181247927943e+23], [2.314237176707844e+34, 4.383637057699437e+34]]
