Starting all over again with new root population
No of generations: 10
Population size: 10
Mutation coefficient: 0.2
Split point: 7
One offspring per pair
Population:
[[ 0.00000000e+00 -1.45799022e-12 -2.17347038e+00  4.62010753e-11
  -1.75214813e-10 -1.83669770e-15  8.52944060e-16  2.29423303e-05
  -2.04721003e-06 -1.59792834e-08  9.98214034e-10]
 [ 0.00000000e+00 -8.98587638e+00 -4.25719383e+00  4.62010753e-11
  -1.75214813e-10 -1.83669770e-15  8.52944060e-16  2.29423303e-05
  -2.04721003e-06 -1.59792834e-08  9.98214034e-10]
 [ 0.00000000e+00 -1.45799022e-12 -2.17347038e+00  4.62010753e-11
  -1.75214813e-10 -1.83669770e-15  8.52944060e-16  2.29423303e-05
  -2.04721003e-06 -1.59792834e-08  9.98214034e-10]
 [ 0.00000000e+00 -1.45799022e-12 -2.28980078e-13  4.62010753e-11
  -1.75214813e-10 -1.83669770e-15  8.52944060e-16  2.29423303e-05
  -2.04721003e-06 -1.59792834e-08  9.98214034e-10]
 [ 0.00000000e+00 -8.98587638e+00 -4.25719383e+00  4.62010753e-11
  -1.75214813e-10 -1.83669770e-15  8.52944060e-16  2.29423303e-05
  -2.04721003e-06 -1.59792834e-08  9.98214034e-10]
 [ 0.00000000e+00 -1.45799022e-12 -2.28980078e-13  4.62010753e-11
  -1.75214813e-10 -1.83669770e-15  8.52944060e-16  2.29423303e-05
  -2.04721003e-06 -1.59792834e-08  9.98214034e-10]]
Train validation errors
[[13504842102.92983, 368344514440.6409], [1.8699220255774645e+34, 3.537659418191892e+34], [13398896731.091145, 367223115707.8591], [3.391978321909553e+34, 6.417200232288855e+34], [13510723304.19212, 368296592820.6967], [8.320424354405312e+22, 1.6260266947579428e+23], [13309462541.590225, 366141689153.8224], [2.082519731335692e+25, 4.037521704900085e+25], [13510723304.19212, 368296592820.6967], [6.326944721668925e+41, 6.438348517557608e+41]]
Selected parents:
[[ 0.00000000e+00 -1.45799022e-12 -2.17347038e+00  4.62010753e-11
  -1.75214813e-10 -1.83669770e-15  8.52944060e-16  2.29423303e-05
  -2.04721003e-06 -1.59792834e-08  9.98214034e-10]
 [ 0.00000000e+00 -8.98587638e+00 -4.25719383e+00  4.62010753e-11
  -1.75214813e-10 -1.83669770e-15  8.52944060e-16  2.29423303e-05
  -2.04721003e-06 -1.59792834e-08  9.98214034e-10]
 [ 0.00000000e+00 -1.45799022e-12 -2.17347038e+00  4.62010753e-11
  -1.75214813e-10 -1.83669770e-15  8.52944060e-16  2.29423303e-05
  -2.04721003e-06 -1.59792834e-08  9.98214034e-10]
 [ 0.00000000e+00 -1.45799022e-12 -2.28980078e-13  4.62010753e-11
  -1.75214813e-10 -1.83669770e-15  8.52944060e-16  2.29423303e-05
  -2.04721003e-06 -1.59792834e-08  9.98214034e-10]
 [ 0.00000000e+00 -8.98587638e+00 -4.25719383e+00  4.62010753e-11
  -1.75214813e-10 -1.83669770e-15  8.52944060e-16  2.29423303e-05
  -2.04721003e-06 -1.59792834e-08  9.98214034e-10]
 [ 0.00000000e+00 -1.45799022e-12 -2.28980078e-13  4.62010753e-11
  -1.75214813e-10 -1.83669770e-15  8.52944060e-16  2.29423303e-05
  -2.04721003e-06 -1.59792834e-08  9.98214034e-10]]Population:
[[ 0.00000000e+00 -8.98587638e+00 -4.25719383e+00  4.62010753e-11
  -1.75214813e-10 -1.83669770e-15  8.52944060e-16  2.29423303e-05
  -2.04721003e-06 -1.59792834e-08  9.98214034e-10]
 [ 0.00000000e+00 -8.98587638e+00 -4.25719383e+00  4.62010753e-11
  -1.75214813e-10 -1.83669770e-15  8.52944060e-16  2.29423303e-05
  -2.04721003e-06 -1.59792834e-08  9.98214034e-10]
 [ 0.00000000e+00 -1.45799022e-12 -2.17347038e+00  4.62010753e-11
  -2.95891417e-01 -1.83669770e-15  8.52944060e-16  2.29423303e-05
  -2.04721003e-06 -1.59792834e-08  9.98214034e-10]
 [ 0.00000000e+00 -8.98587638e+00 -4.25719383e+00  4.62010753e-11
  -1.75214813e-10 -1.83669770e-15  8.52944060e-16  2.29423303e-05
  -2.04721003e-06 -1.59792834e-08  9.98214034e-10]
 [ 0.00000000e+00 -1.45799022e-12 -2.28980078e-13  4.62010753e-11
  -1.75214813e-10 -1.83669770e-15  8.52944060e-16  2.29423303e-05
  -2.04721003e-06 -1.59792834e-08  9.98214034e-10]
 [ 0.00000000e+00 -8.98587638e+00 -4.25719383e+00  4.62010753e-11
  -1.75214813e-10 -1.83669770e-15  8.52944060e-16  2.29423303e-05
  -2.04721003e-06 -1.59792834e-08  9.98214034e-10]]
Train validation errors
[[3.9342356213536875e+23, 7.688537496871819e+23], [9.743934558555921e+23, 1.9042220676435789e+24], [1.5995271101333596e+30, 3.062370533569264e+30], [1.5065889389520953e+34, 2.850278501656288e+34], [293660651397.3297, 485942279648.48535], [13309462541.590225, 366141689153.8224], [84564637520212.72, 170847026854980.06], [13510723304.19212, 368296592820.6967], [13309462541.590225, 366141689153.8224], [5182255738370.703, 8387434909152.372]]
Selected parents:
[[ 0.00000000e+00 -8.98587638e+00 -4.25719383e+00  4.62010753e-11
  -1.75214813e-10 -1.83669770e-15  8.52944060e-16  2.29423303e-05
  -2.04721003e-06 -1.59792834e-08  9.98214034e-10]
 [ 0.00000000e+00 -8.98587638e+00 -4.25719383e+00  4.62010753e-11
  -1.75214813e-10 -1.83669770e-15  8.52944060e-16  2.29423303e-05
  -2.04721003e-06 -1.59792834e-08  9.98214034e-10]
 [ 0.00000000e+00 -1.45799022e-12 -2.17347038e+00  4.62010753e-11
  -2.95891417e-01 -1.83669770e-15  8.52944060e-16  2.29423303e-05
  -2.04721003e-06 -1.59792834e-08  9.98214034e-10]
 [ 0.00000000e+00 -8.98587638e+00 -4.25719383e+00  4.62010753e-11
  -1.75214813e-10 -1.83669770e-15  8.52944060e-16  2.29423303e-05
  -2.04721003e-06 -1.59792834e-08  9.98214034e-10]
 [ 0.00000000e+00 -1.45799022e-12 -2.28980078e-13  4.62010753e-11
  -1.75214813e-10 -1.83669770e-15  8.52944060e-16  2.29423303e-05
  -2.04721003e-06 -1.59792834e-08  9.98214034e-10]
 [ 0.00000000e+00 -8.98587638e+00 -4.25719383e+00  4.62010753e-11
  -1.75214813e-10 -1.83669770e-15  8.52944060e-16  2.29423303e-05
  -2.04721003e-06 -1.59792834e-08  9.98214034e-10]]Population:
[[ 0.00000000e+00 -8.98587638e+00 -4.25719383e+00  4.62010753e-11
  -1.75214813e-10 -1.83669770e-15  8.52944060e-16  2.29423303e-05
  -2.04721003e-06 -1.59792834e-08  9.98214034e-10]
 [ 0.00000000e+00 -8.98587638e+00 -4.25719383e+00  4.62010753e-11
  -1.75214813e-10 -1.83669770e-15  8.52944060e-16  2.29423303e-05
  -2.04721003e-06 -1.59792834e-08  9.98214034e-10]
 [ 0.00000000e+00 -8.98587638e+00 -4.25719383e+00  4.62010753e-11
  -1.75214813e-10 -1.83669770e-15  8.52944060e-16  2.29423303e-05
  -2.04721003e-06 -1.59792834e-08  9.98214034e-10]
 [ 0.00000000e+00 -1.45799022e-12 -2.28980078e-13  4.62010753e-11
  -1.75214813e-10 -1.83669770e-15  8.52944060e-16  2.29423303e-05
  -2.04721003e-06 -1.59792834e-08  9.98214034e-10]
 [ 0.00000000e+00 -8.98587638e+00 -4.25719383e+00  4.62010753e-11
  -1.75214813e-10 -1.83669770e-15  8.52944060e-16  2.29423303e-05
  -2.04721003e-06 -1.59792834e-08  9.98214034e-10]
 [ 7.51712895e-01 -8.98587638e+00 -4.25719383e+00  4.62010753e-11
  -1.75214813e-10 -1.83669770e-15 -1.53713440e+00  2.29423303e-05
  -2.04721003e-06 -1.59792834e-08  9.98214034e-10]]
Train validation errors
[[13309462541.590225, 366141689153.8224], [2.4456457580141245e+30, 4.688503238247588e+30], [13510723304.19212, 368296592820.6967], [4.288557520753279e+27, 8.31451534966349e+27], [13309462541.590225, 366141689153.8224], [9.081326153252154e+26, 1.7606578276448395e+27], [8.499325178478633e+30, 1.6293902546708496e+31], [2.6714253354806873e+26, 5.161682718661337e+26], [13309456185.414974, 366142003838.5873], [3.5378270104007404e+34, 6.693127773363399e+34]]
Selected parents:
[[ 0.00000000e+00 -8.98587638e+00 -4.25719383e+00  4.62010753e-11
  -1.75214813e-10 -1.83669770e-15  8.52944060e-16  2.29423303e-05
  -2.04721003e-06 -1.59792834e-08  9.98214034e-10]
 [ 0.00000000e+00 -8.98587638e+00 -4.25719383e+00  4.62010753e-11
  -1.75214813e-10 -1.83669770e-15  8.52944060e-16  2.29423303e-05
  -2.04721003e-06 -1.59792834e-08  9.98214034e-10]
 [ 0.00000000e+00 -8.98587638e+00 -4.25719383e+00  4.62010753e-11
  -1.75214813e-10 -1.83669770e-15  8.52944060e-16  2.29423303e-05
  -2.04721003e-06 -1.59792834e-08  9.98214034e-10]
 [ 0.00000000e+00 -1.45799022e-12 -2.28980078e-13  4.62010753e-11
  -1.75214813e-10 -1.83669770e-15  8.52944060e-16  2.29423303e-05
  -2.04721003e-06 -1.59792834e-08  9.98214034e-10]
 [ 0.00000000e+00 -8.98587638e+00 -4.25719383e+00  4.62010753e-11
  -1.75214813e-10 -1.83669770e-15  8.52944060e-16  2.29423303e-05
  -2.04721003e-06 -1.59792834e-08  9.98214034e-10]
 [ 7.51712895e-01 -8.98587638e+00 -4.25719383e+00  4.62010753e-11
  -1.75214813e-10 -1.83669770e-15 -1.53713440e+00  2.29423303e-05
  -2.04721003e-06 -1.59792834e-08  9.98214034e-10]]Population:
[[ 0.00000000e+00 -8.98587638e+00 -4.25719383e+00  4.62010753e-11
  -1.75214813e-10 -1.83669770e-15  8.52944060e-16  2.29423303e-05
  -2.04721003e-06 -1.59792834e-08  9.98214034e-10]
 [-7.33625824e-01 -8.98587638e+00 -4.25719383e+00  4.62010753e-11
  -1.75214813e-10 -1.83669770e-15  8.52944060e-16  2.29423303e-05
  -2.04721003e-06 -1.59792834e-08  9.98214034e-10]
 [ 0.00000000e+00 -8.98587638e+00 -4.25719383e+00  4.62010753e-11
  -1.75214813e-10 -1.83669770e-15  8.52944060e-16  2.29423303e-05
  -2.04721003e-06 -1.59792834e-08  9.98214034e-10]
 [-7.33625824e-01 -8.98587638e+00 -4.25719383e+00  4.62010753e-11
  -1.75214813e-10 -1.83669770e-15  8.52944060e-16  2.29423303e-05
  -2.04721003e-06 -1.59792834e-08  9.98214034e-10]
 [ 0.00000000e+00 -8.98587638e+00 -4.25719383e+00  3.76016997e-01
   7.63564963e-01 -1.83669770e-15  8.52944060e-16  2.29423303e-05
  -2.04721003e-06 -1.59792834e-08  9.98214034e-10]
 [ 0.00000000e+00 -8.98587638e+00 -4.25719383e+00 -9.05402744e+00
  -1.75214813e-10 -1.83669770e-15  8.52944060e-16  2.29423303e-05
  -2.04721003e-06 -1.59792834e-08  9.98214034e-10]]
Train validation errors
[[13309462541.590225, 366141689153.8224], [1.2168550198979115e+43, 1.2382795690715954e+43], [1.5027975962851772e+33, 2.8430972874744065e+33], [13309437251.93804, 366141567599.08234], [2021684180514.5083, 5248683370829.644], [37051880053869.17, 74832894246498.53], [247530012124631.3, 479162506465663.2], [154302485196.43488, 371647208354.1919], [13420078742674.508, 22875210364315.48], [1.9236461657478477e+30, 3.687787265779222e+30]]
Selected parents:
[[ 0.00000000e+00 -8.98587638e+00 -4.25719383e+00  4.62010753e-11
  -1.75214813e-10 -1.83669770e-15  8.52944060e-16  2.29423303e-05
  -2.04721003e-06 -1.59792834e-08  9.98214034e-10]
 [-7.33625824e-01 -8.98587638e+00 -4.25719383e+00  4.62010753e-11
  -1.75214813e-10 -1.83669770e-15  8.52944060e-16  2.29423303e-05
  -2.04721003e-06 -1.59792834e-08  9.98214034e-10]
 [ 0.00000000e+00 -8.98587638e+00 -4.25719383e+00  4.62010753e-11
  -1.75214813e-10 -1.83669770e-15  8.52944060e-16  2.29423303e-05
  -2.04721003e-06 -1.59792834e-08  9.98214034e-10]
 [-7.33625824e-01 -8.98587638e+00 -4.25719383e+00  4.62010753e-11
  -1.75214813e-10 -1.83669770e-15  8.52944060e-16  2.29423303e-05
  -2.04721003e-06 -1.59792834e-08  9.98214034e-10]
 [ 0.00000000e+00 -8.98587638e+00 -4.25719383e+00  3.76016997e-01
   7.63564963e-01 -1.83669770e-15  8.52944060e-16  2.29423303e-05
  -2.04721003e-06 -1.59792834e-08  9.98214034e-10]
 [ 0.00000000e+00 -8.98587638e+00 -4.25719383e+00 -9.05402744e+00
  -1.75214813e-10 -1.83669770e-15  8.52944060e-16  2.29423303e-05
  -2.04721003e-06 -1.59792834e-08  9.98214034e-10]]Population:
[[ 4.46434974e-01 -8.98587638e+00 -5.91113586e+00  4.62010753e-11
  -1.75214813e-10 -1.83669770e-15  8.52944060e-16  2.29423303e-05
  -2.04721003e-06 -1.59792834e-08  9.98214034e-10]
 [-7.33625824e-01 -8.98587638e+00 -4.25719383e+00 -1.00839771e+00
  -1.75214813e-10 -1.83669770e-15  8.52944060e-16  2.29423303e-05
  -2.04721003e-06 -1.59792834e-08  9.98214034e-10]
 [ 0.00000000e+00 -8.98587638e+00 -4.25719383e+00  4.62010753e-11
  -1.75214813e-10 -1.83669770e-15  8.52944060e-16  2.29423303e-05
  -2.04721003e-06 -1.59792834e-08  9.98214034e-10]
 [ 4.46434974e-01 -8.98587638e+00 -5.91113586e+00  4.62010753e-11
  -1.75214813e-10 -1.83669770e-15  8.52944060e-16  2.29423303e-05
  -2.04721003e-06 -1.59792834e-08  9.98214034e-10]
 [ 0.00000000e+00 -8.98587638e+00 -4.25719383e+00  3.76016997e-01
   7.63564963e-01 -1.83669770e-15  8.52944060e-16  2.29423303e-05
  -2.04721003e-06 -1.59792834e-08  9.98214034e-10]
 [-7.33625824e-01 -8.98587638e+00 -4.25719383e+00 -1.00839771e+00
  -1.75214813e-10 -1.83669770e-15  8.52944060e-16  2.29423303e-05
  -2.04721003e-06 -1.59792834e-08  9.98214034e-10]]
Train validation errors
[[1.3285188087510034e+34, 2.5133920087462756e+34], [13309462541.590225, 366141689153.8224], [13237570333.573774, 365346087848.64795], [2.739292197899113e+43, 2.787521526319765e+43], [4.1088360570003994e+34, 7.773405722832636e+34], [3.02458643654224e+34, 5.722140574344101e+34], [2021684180514.5083, 5248683370829.644], [1.3501707597453799e+42, 1.3739425315357963e+42], [1.1697562130359539e+24, 2.286012366038777e+24], [15220624269.185425, 342390760169.6671]]
Selected parents:
[[ 4.46434974e-01 -8.98587638e+00 -5.91113586e+00  4.62010753e-11
  -1.75214813e-10 -1.83669770e-15  8.52944060e-16  2.29423303e-05
  -2.04721003e-06 -1.59792834e-08  9.98214034e-10]
 [-7.33625824e-01 -8.98587638e+00 -4.25719383e+00 -1.00839771e+00
  -1.75214813e-10 -1.83669770e-15  8.52944060e-16  2.29423303e-05
  -2.04721003e-06 -1.59792834e-08  9.98214034e-10]
 [ 0.00000000e+00 -8.98587638e+00 -4.25719383e+00  4.62010753e-11
  -1.75214813e-10 -1.83669770e-15  8.52944060e-16  2.29423303e-05
  -2.04721003e-06 -1.59792834e-08  9.98214034e-10]
 [ 4.46434974e-01 -8.98587638e+00 -5.91113586e+00  4.62010753e-11
  -1.75214813e-10 -1.83669770e-15  8.52944060e-16  2.29423303e-05
  -2.04721003e-06 -1.59792834e-08  9.98214034e-10]
 [ 0.00000000e+00 -8.98587638e+00 -4.25719383e+00  3.76016997e-01
   7.63564963e-01 -1.83669770e-15  8.52944060e-16  2.29423303e-05
  -2.04721003e-06 -1.59792834e-08  9.98214034e-10]
 [-7.33625824e-01 -8.98587638e+00 -4.25719383e+00 -1.00839771e+00
  -1.75214813e-10 -1.83669770e-15  8.52944060e-16  2.29423303e-05
  -2.04721003e-06 -1.59792834e-08  9.98214034e-10]]Population:
[[-7.33625824e-01 -8.98587638e+00 -4.25719383e+00 -1.00839771e+00
  -1.75214813e-10 -1.83669770e-15  8.52944060e-16  2.29423303e-05
  -2.04721003e-06 -1.59792834e-08  9.98214034e-10]
 [ 2.69969038e+00 -8.98587638e+00 -5.91113586e+00 -6.63182532e+00
  -1.75214813e-10 -1.83669770e-15  8.52944060e-16  2.29423303e-05
  -2.04721003e-06 -1.59792834e-08  9.98214034e-10]
 [-2.53647165e+00 -8.98587638e+00  9.10274860e+00  4.62010753e-11
  -1.75214813e-10 -1.83669770e-15  8.52944060e-16  2.29423303e-05
  -2.04721003e-06 -1.59792834e-08  9.98214034e-10]
 [-7.33625824e-01 -8.98587638e+00 -4.25719383e+00 -1.00839771e+00
  -1.75214813e-10 -1.83669770e-15  8.52944060e-16  2.29423303e-05
  -2.04721003e-06 -1.59792834e-08  9.98214034e-10]
 [ 2.69969038e+00 -8.98587638e+00 -5.91113586e+00 -6.63182532e+00
  -1.75214813e-10 -1.83669770e-15  8.52944060e-16  2.29423303e-05
  -2.04721003e-06 -1.59792834e-08  9.98214034e-10]
 [ 0.00000000e+00 -8.98587638e+00 -4.25719383e+00  4.62010753e-11
  -1.75214813e-10 -1.83669770e-15  8.52944060e-16  2.29423303e-05
  -2.04721003e-06 -1.59792834e-08  9.98214034e-10]]
Train validation errors
[[14086967925.482784, 372874554052.21387], [7.944462524667057e+42, 8.084336647085106e+42], [3.3166791366159994e+24, 6.481665084034087e+24], [3.6030137340527424e+27, 6.985405303077147e+27], [15220624269.185425, 342390760169.6671], [2.207431679274872e+32, 4.1761856179612055e+32], [89625927801.76187, 322595357557.6008], [13309462541.590225, 366141689153.8224], [1.30780006407115e+26, 2.535520179413181e+26], [11239032302504.938, 24072516827256.406]]
Selected parents:
[[-7.33625824e-01 -8.98587638e+00 -4.25719383e+00 -1.00839771e+00
  -1.75214813e-10 -1.83669770e-15  8.52944060e-16  2.29423303e-05
  -2.04721003e-06 -1.59792834e-08  9.98214034e-10]
 [ 2.69969038e+00 -8.98587638e+00 -5.91113586e+00 -6.63182532e+00
  -1.75214813e-10 -1.83669770e-15  8.52944060e-16  2.29423303e-05
  -2.04721003e-06 -1.59792834e-08  9.98214034e-10]
 [-2.53647165e+00 -8.98587638e+00  9.10274860e+00  4.62010753e-11
  -1.75214813e-10 -1.83669770e-15  8.52944060e-16  2.29423303e-05
  -2.04721003e-06 -1.59792834e-08  9.98214034e-10]
 [-7.33625824e-01 -8.98587638e+00 -4.25719383e+00 -1.00839771e+00
  -1.75214813e-10 -1.83669770e-15  8.52944060e-16  2.29423303e-05
  -2.04721003e-06 -1.59792834e-08  9.98214034e-10]
 [ 2.69969038e+00 -8.98587638e+00 -5.91113586e+00 -6.63182532e+00
  -1.75214813e-10 -1.83669770e-15  8.52944060e-16  2.29423303e-05
  -2.04721003e-06 -1.59792834e-08  9.98214034e-10]
 [ 0.00000000e+00 -8.98587638e+00 -4.25719383e+00  4.62010753e-11
  -1.75214813e-10 -1.83669770e-15  8.52944060e-16  2.29423303e-05
  -2.04721003e-06 -1.59792834e-08  9.98214034e-10]]Population:
[[-7.33625824e-01 -8.98587638e+00 -4.25719383e+00 -1.00839771e+00
  -1.75214813e-10 -1.83669770e-15  8.52944060e-16  2.29423303e-05
  -2.04721003e-06 -1.59792834e-08  9.98214034e-10]
 [ 2.69969038e+00 -8.98587638e+00 -5.91113586e+00 -6.63182532e+00
  -1.75214813e-10 -1.83669770e-15  8.52944060e-16  2.29423303e-05
  -2.04721003e-06 -1.59792834e-08  9.98214034e-10]
 [-7.33625824e-01 -8.98587638e+00 -4.25719383e+00 -1.00839771e+00
  -1.75214813e-10 -1.83669770e-15  8.52944060e-16  2.29423303e-05
  -2.04721003e-06 -1.59792834e-08  9.98214034e-10]
 [ 2.69969038e+00 -8.98587638e+00 -5.91113586e+00 -6.63182532e+00
  -1.75214813e-10 -1.83669770e-15  8.52944060e-16  2.29423303e-05
  -2.04721003e-06 -1.59792834e-08  9.98214034e-10]
 [-2.53647165e+00 -8.98587638e+00  9.10274860e+00  4.62010753e-11
  -1.75214813e-10 -1.83669770e-15  8.52944060e-16  2.29423303e-05
  -2.04721003e-06 -1.59792834e-08  9.98214034e-10]
 [ 0.00000000e+00 -8.98587638e+00 -4.25719383e+00  4.62010753e-11
  -1.75214813e-10 -1.83669770e-15  8.52944060e-16  2.29423303e-05
  -2.04721003e-06 -1.59792834e-08  9.98214034e-10]]
Train validation errors
[[15220624269.185425, 342390760169.6671], [89625927801.76187, 322595357557.6008], [5.378044068515955e+42, 5.472732560948251e+42], [4.281702312945377e+30, 8.208320709578599e+30], [14086967925.482784, 372874554052.21387], [122581318920826.67, 236211651544573.16], [44451054336.93046, 537243606357.6244], [13309462541.590225, 366141689153.8224], [7.272171876663713e+42, 7.400209318613152e+42], [4.213576582945165e+34, 7.971561743785186e+34]]
Selected parents:
[[-7.33625824e-01 -8.98587638e+00 -4.25719383e+00 -1.00839771e+00
  -1.75214813e-10 -1.83669770e-15  8.52944060e-16  2.29423303e-05
  -2.04721003e-06 -1.59792834e-08  9.98214034e-10]
 [ 2.69969038e+00 -8.98587638e+00 -5.91113586e+00 -6.63182532e+00
  -1.75214813e-10 -1.83669770e-15  8.52944060e-16  2.29423303e-05
  -2.04721003e-06 -1.59792834e-08  9.98214034e-10]
 [-7.33625824e-01 -8.98587638e+00 -4.25719383e+00 -1.00839771e+00
  -1.75214813e-10 -1.83669770e-15  8.52944060e-16  2.29423303e-05
  -2.04721003e-06 -1.59792834e-08  9.98214034e-10]
 [ 2.69969038e+00 -8.98587638e+00 -5.91113586e+00 -6.63182532e+00
  -1.75214813e-10 -1.83669770e-15  8.52944060e-16  2.29423303e-05
  -2.04721003e-06 -1.59792834e-08  9.98214034e-10]
 [-2.53647165e+00 -8.98587638e+00  9.10274860e+00  4.62010753e-11
  -1.75214813e-10 -1.83669770e-15  8.52944060e-16  2.29423303e-05
  -2.04721003e-06 -1.59792834e-08  9.98214034e-10]
 [ 0.00000000e+00 -8.98587638e+00 -4.25719383e+00  4.62010753e-11
  -1.75214813e-10 -1.83669770e-15  8.52944060e-16  2.29423303e-05
  -2.04721003e-06 -1.59792834e-08  9.98214034e-10]]Population:
[[-7.33625824e-01 -8.98587638e+00 -4.25719383e+00 -1.00839771e+00
  -1.75214813e-10 -1.83669770e-15  8.52944060e-16  2.29423303e-05
  -2.04721003e-06 -1.59792834e-08  9.98214034e-10]
 [ 2.69969038e+00 -8.98587638e+00 -5.91113586e+00 -6.63182532e+00
  -1.75214813e-10 -1.83669770e-15  8.52944060e-16  2.29423303e-05
  -2.04721003e-06 -1.59792834e-08  9.98214034e-10]
 [-7.33625824e-01 -8.98587638e+00 -4.25719383e+00 -1.00839771e+00
  -1.75214813e-10 -1.83669770e-15  8.52944060e-16  2.29423303e-05
  -2.04721003e-06 -1.59792834e-08  9.98214034e-10]
 [ 2.69969038e+00 -8.98587638e+00 -5.91113586e+00 -6.63182532e+00
  -1.75214813e-10 -1.83669770e-15  8.52944060e-16  2.29423303e-05
  -2.04721003e-06 -1.59792834e-08  9.98214034e-10]
 [-7.33625824e-01 -8.98587638e+00 -4.25719383e+00 -1.00839771e+00
  -1.75214813e-10 -1.83669770e-15  8.52944060e-16  2.29423303e-05
  -2.04721003e-06 -1.59792834e-08  9.98214034e-10]
 [-7.33625824e-01 -8.98587638e+00 -4.25719383e+00 -1.00839771e+00
  -1.75214813e-10 -1.83669770e-15  8.52944060e-16  2.29423303e-05
  -2.04721003e-06 -1.59792834e-08  9.98214034e-10]]
Train validation errors
[[15220624269.185425, 342390760169.6671], [4.831045599675973e+22, 9.441156394639516e+22], [89625927801.76187, 322595357557.6008], [14087592556.89297, 372868298987.2169], [2.3299576736966089e+24, 4.553348367574e+24], [15220624269.185425, 342390760169.6671], [15220624269.185425, 342390760169.6671], [40417462183.20113, 522894734340.3254], [13309462541.590225, 366141689153.8224], [3.892792992682785e+21, 7.607606564950683e+21]]
Selected parents:
[[-7.33625824e-01 -8.98587638e+00 -4.25719383e+00 -1.00839771e+00
  -1.75214813e-10 -1.83669770e-15  8.52944060e-16  2.29423303e-05
  -2.04721003e-06 -1.59792834e-08  9.98214034e-10]
 [ 2.69969038e+00 -8.98587638e+00 -5.91113586e+00 -6.63182532e+00
  -1.75214813e-10 -1.83669770e-15  8.52944060e-16  2.29423303e-05
  -2.04721003e-06 -1.59792834e-08  9.98214034e-10]
 [-7.33625824e-01 -8.98587638e+00 -4.25719383e+00 -1.00839771e+00
  -1.75214813e-10 -1.83669770e-15  8.52944060e-16  2.29423303e-05
  -2.04721003e-06 -1.59792834e-08  9.98214034e-10]
 [ 2.69969038e+00 -8.98587638e+00 -5.91113586e+00 -6.63182532e+00
  -1.75214813e-10 -1.83669770e-15  8.52944060e-16  2.29423303e-05
  -2.04721003e-06 -1.59792834e-08  9.98214034e-10]
 [-7.33625824e-01 -8.98587638e+00 -4.25719383e+00 -1.00839771e+00
  -1.75214813e-10 -1.83669770e-15  8.52944060e-16  2.29423303e-05
  -2.04721003e-06 -1.59792834e-08  9.98214034e-10]
 [-7.33625824e-01 -8.98587638e+00 -4.25719383e+00 -1.00839771e+00
  -1.75214813e-10 -1.83669770e-15  8.52944060e-16  2.29423303e-05
  -2.04721003e-06 -1.59792834e-08  9.98214034e-10]]Population:
[[-7.33625824e-01 -8.98587638e+00 -4.25719383e+00 -1.00839771e+00
  -1.75214813e-10 -1.83669770e-15  8.52944060e-16  2.29423303e-05
  -2.04721003e-06 -1.59792834e-08  9.98214034e-10]
 [-7.33625824e-01 -8.98587638e+00 -2.81157599e+00 -1.00839771e+00
  -1.75214813e-10 -1.83669770e-15  8.52944060e-16  2.29423303e-05
  -2.04721003e-06 -1.59792834e-08  9.98214034e-10]
 [-7.33625824e-01 -8.98587638e+00 -4.25719383e+00 -1.00839771e+00
   7.12036341e+00 -1.83669770e-15  8.52944060e-16  3.28318186e+00
  -2.04721003e-06 -1.59792834e-08  9.98214034e-10]
 [-7.33625824e-01 -8.98587638e+00 -4.25719383e+00 -1.00839771e+00
  -1.75214813e-10 -1.83669770e-15  8.52944060e-16  2.29423303e-05
  -2.04721003e-06 -1.59792834e-08  9.98214034e-10]
 [-7.33625824e-01 -8.98587638e+00 -2.81157599e+00 -1.00839771e+00
  -1.75214813e-10 -1.83669770e-15  8.52944060e-16  2.29423303e-05
  -2.04721003e-06 -1.59792834e-08  9.98214034e-10]
 [ 2.69969038e+00 -8.98587638e+00 -5.91113586e+00 -6.63182532e+00
  -6.67146390e+00 -1.83669770e-15  8.52944060e-16  2.29423303e-05
  -2.04721003e-06 -1.59792834e-08  9.98214034e-10]]
Train validation errors
[[3.852707833099986e+23, 7.52925234381829e+23], [15220624269.185425, 342390760169.6671], [7.90784373937048e+26, 1.5331468913920522e+27], [3.2891135217060875e+24, 6.427794092032997e+24], [1.8948302411827435e+43, 1.9281915562237146e+43], [9.058246959735565e+23, 1.770220644131934e+24], [1.9988537507311334e+28, 3.831966349720504e+28], [2.2205394667038365e+34, 4.200983918263951e+34], [15231735963.72326, 342899442741.2278], [153239900284124.8, 283958620852345.6]]
Selected parents:
[[-7.33625824e-01 -8.98587638e+00 -4.25719383e+00 -1.00839771e+00
  -1.75214813e-10 -1.83669770e-15  8.52944060e-16  2.29423303e-05
  -2.04721003e-06 -1.59792834e-08  9.98214034e-10]
 [-7.33625824e-01 -8.98587638e+00 -2.81157599e+00 -1.00839771e+00
  -1.75214813e-10 -1.83669770e-15  8.52944060e-16  2.29423303e-05
  -2.04721003e-06 -1.59792834e-08  9.98214034e-10]
 [-7.33625824e-01 -8.98587638e+00 -4.25719383e+00 -1.00839771e+00
   7.12036341e+00 -1.83669770e-15  8.52944060e-16  3.28318186e+00
  -2.04721003e-06 -1.59792834e-08  9.98214034e-10]
 [-7.33625824e-01 -8.98587638e+00 -4.25719383e+00 -1.00839771e+00
  -1.75214813e-10 -1.83669770e-15  8.52944060e-16  2.29423303e-05
  -2.04721003e-06 -1.59792834e-08  9.98214034e-10]
 [-7.33625824e-01 -8.98587638e+00 -2.81157599e+00 -1.00839771e+00
  -1.75214813e-10 -1.83669770e-15  8.52944060e-16  2.29423303e-05
  -2.04721003e-06 -1.59792834e-08  9.98214034e-10]
 [ 2.69969038e+00 -8.98587638e+00 -5.91113586e+00 -6.63182532e+00
  -6.67146390e+00 -1.83669770e-15  8.52944060e-16  2.29423303e-05
  -2.04721003e-06 -1.59792834e-08  9.98214034e-10]]Population:
[[-7.83878833e+00  8.30381203e+00 -4.25719383e+00 -1.00839771e+00
  -1.75214813e-10 -1.83669770e-15  8.52944060e-16  2.29423303e-05
  -2.04721003e-06 -1.59792834e-08  9.98214034e-10]
 [-7.33625824e-01 -8.98587638e+00 -4.25719383e+00 -1.00839771e+00
  -1.75214813e-10 -1.83669770e-15  8.52944060e-16  2.29423303e-05
  -2.04721003e-06 -1.59792834e-08  9.98214034e-10]
 [-7.83878833e+00  8.30381203e+00 -4.25719383e+00 -1.00839771e+00
  -1.75214813e-10 -1.83669770e-15  8.52944060e-16  2.29423303e-05
  -2.04721003e-06 -1.59792834e-08  9.98214034e-10]
 [-7.33625824e-01 -8.98587638e+00 -4.25719383e+00 -1.00839771e+00
  -1.75214813e-10 -1.83669770e-15  8.52944060e-16  2.29423303e-05
  -2.04721003e-06 -1.59792834e-08  9.98214034e-10]
 [-7.33625824e-01 -8.98587638e+00  3.95364702e+00 -1.00839771e+00
  -1.75214813e-10 -1.83669770e-15  8.52944060e-16  2.29423303e-05
  -2.04721003e-06 -1.59792834e-08  9.98214034e-10]
 [-7.33625824e-01 -8.98587638e+00 -2.81157599e+00 -1.00839771e+00
  -1.75214813e-10 -1.83669770e-15  8.52944060e-16  2.29423303e-05
  -2.04721003e-06 -1.59792834e-08  9.98214034e-10]]
Train validation errors
[[15168919919.416409, 342463611973.7985], [6.763069971541287e+23, 1.321680854582976e+24], [1.3157354619366617e+30, 2.5224033635726343e+30], [169370326696112.25, 329015065564200.44], [15220624269.185425, 342390760169.6671], [9.231671128250919e+21, 1.8041012523116718e+22], [15338238657.286768, 345364774145.5585], [15508823804.309072, 347678904399.08246], [3.1019761711286706e+34, 5.868552306865037e+34], [15231735963.72326, 342899442741.2278]]
Selected parents:
[[-7.83878833e+00  8.30381203e+00 -4.25719383e+00 -1.00839771e+00
  -1.75214813e-10 -1.83669770e-15  8.52944060e-16  2.29423303e-05
  -2.04721003e-06 -1.59792834e-08  9.98214034e-10]
 [-7.33625824e-01 -8.98587638e+00 -4.25719383e+00 -1.00839771e+00
  -1.75214813e-10 -1.83669770e-15  8.52944060e-16  2.29423303e-05
  -2.04721003e-06 -1.59792834e-08  9.98214034e-10]
 [-7.83878833e+00  8.30381203e+00 -4.25719383e+00 -1.00839771e+00
  -1.75214813e-10 -1.83669770e-15  8.52944060e-16  2.29423303e-05
  -2.04721003e-06 -1.59792834e-08  9.98214034e-10]
 [-7.33625824e-01 -8.98587638e+00 -4.25719383e+00 -1.00839771e+00
  -1.75214813e-10 -1.83669770e-15  8.52944060e-16  2.29423303e-05
  -2.04721003e-06 -1.59792834e-08  9.98214034e-10]
 [-7.33625824e-01 -8.98587638e+00  3.95364702e+00 -1.00839771e+00
  -1.75214813e-10 -1.83669770e-15  8.52944060e-16  2.29423303e-05
  -2.04721003e-06 -1.59792834e-08  9.98214034e-10]
 [-7.33625824e-01 -8.98587638e+00 -2.81157599e+00 -1.00839771e+00
  -1.75214813e-10 -1.83669770e-15  8.52944060e-16  2.29423303e-05
  -2.04721003e-06 -1.59792834e-08  9.98214034e-10]]