Fitness funtion: -1 * (train_validation_error[:, 1] + train_validation_error[:, 0])
Initialed with the best that we have until now
Starting all over again with new root population
No of generations: 5
Population size: 10
Mutation coefficient: 0.2
Split point: 7
Two offspring per pair
Population:
[[ 0.00000000e+00 -5.68633399e-01 -6.47645443e-01 -6.47645443e-01
  -2.05364180e-01 -2.08981831e-01 -5.58722327e-01 -5.68633399e-01
  -6.45081545e-01 -4.98138646e-01]
 [-1.76734494e-12 -1.45799022e-12 -1.45799022e-12 -2.96955641e-12
  -9.82017284e-13 -9.26992979e-13 -1.45799022e-12 -7.55426607e-13
  -1.45799022e-12 -2.53138851e-12]
 [-2.28980078e-13 -2.28980078e-13 -1.95392269e-13 -1.85212170e-13
  -1.58975255e-13 -2.42544063e-13 -2.90461329e-13 -2.28980078e-13
  -2.43409743e-13 -2.28980078e-13]
 [ 4.62010753e-11  4.62010753e-11  3.89904635e-11  3.75503205e-11
   4.39005538e-11  4.98079660e-11  5.19961183e-11  5.26485300e-11
   4.33079525e-11  4.96789628e-11]
 [-1.30750534e-10 -1.80991365e-10 -1.07077231e-10 -5.82329897e-11
  -2.02018234e-10 -1.94138896e-10 -5.82329897e-11 -1.80991365e-10
  -2.67005839e-10 -5.35690270e-11]
 [-1.83669770e-15 -1.83669770e-15 -1.83669770e-15 -2.91371226e-15
  -8.55121529e-16 -8.52510530e-16 -2.45413232e-15 -9.34222781e-16
  -3.47370068e-15 -2.57646449e-15]
 [ 8.19617556e-16  9.13757823e-16  9.13757823e-16  8.88951585e-16
   9.02511381e-16  9.30263177e-16  8.19636348e-16  9.13757823e-16
   8.72512278e-16  9.05771208e-16]
 [ 2.29423303e-05  2.29423303e-05  2.12147040e-05  1.88202671e-05
   2.82097959e-05  2.29423303e-05  3.47013961e-05  3.14536173e-05
   2.29423303e-05  2.61581210e-05]
 [-2.04721003e-06 -2.01955966e-06 -2.04721003e-06 -2.41748715e-06
  -2.04721003e-06 -1.77679688e-06 -1.42217639e-06 -1.22680317e-06
  -1.15087601e-06 -2.01955966e-06]
 [-1.59792834e-08 -1.44001662e-08 -1.51777727e-08 -1.07149941e-08
  -2.64834497e-08 -1.85423179e-08 -2.55934827e-08 -3.12750844e-08
  -1.41427355e-08 -1.44001662e-08]
 [ 9.98214034e-10  9.52001877e-10  1.02124417e-09  7.98274902e-10
   9.98214034e-10  1.01793642e-09  8.68818166e-10  8.57302478e-10
   8.87207442e-10  8.87207442e-10]]
Train validation errors
[[13510723306.466742, 368296592886.55035], [29243441077.32705, 301622652642.8264], [294461452669.6173, 1494299482183.4006], [44756915225208.33, 74081791712048.89], [9562122982938.098, 16678831895325.441], [5480870479892.382, 11638552711038.842], [1028001180615.1322, 2525759767976.6704], [1620251366421.782, 92862997927.5093], [32924884347039.293, 76883454655514.6], [1710771377785.887, 1363872955476.5874]]
Selected parents:
[[ 0.00000000e+00 -1.76734494e-12 -2.28980078e-13  4.62010753e-11
  -1.30750534e-10 -1.83669770e-15  8.19617556e-16  2.29423303e-05
  -2.04721003e-06 -1.59792834e-08  9.98214034e-10]
 [-5.68633399e-01 -1.45799022e-12 -2.28980078e-13  4.62010753e-11
  -1.80991365e-10 -1.83669770e-15  9.13757823e-16  2.29423303e-05
  -2.01955966e-06 -1.44001662e-08  9.52001877e-10]
 [-6.47645443e-01 -1.45799022e-12 -1.95392269e-13  3.89904635e-11
  -1.07077231e-10 -1.83669770e-15  9.13757823e-16  2.12147040e-05
  -2.04721003e-06 -1.51777727e-08  1.02124417e-09]
 [-5.58722327e-01 -1.45799022e-12 -2.90461329e-13  5.19961183e-11
  -5.82329897e-11 -2.45413232e-15  8.19636348e-16  3.47013961e-05
  -1.42217639e-06 -2.55934827e-08  8.68818166e-10]
 [-5.68633399e-01 -7.55426607e-13 -2.28980078e-13  5.26485300e-11
  -1.80991365e-10 -9.34222781e-16  9.13757823e-16  3.14536173e-05
  -1.22680317e-06 -3.12750844e-08  8.57302478e-10]
 [-4.98138646e-01 -2.53138851e-12 -2.28980078e-13  4.96789628e-11
  -5.35690270e-11 -2.57646449e-15  9.05771208e-16  2.61581210e-05
  -2.01955966e-06 -1.44001662e-08  8.87207442e-10]]Population:
[[ 0.00000000e+00 -5.68633399e-01 -6.25674484e-01 -7.13737982e-01
   0.00000000e+00  0.00000000e+00 -5.68633399e-01  8.54017817e-01
  -5.68633399e-01 -5.27818614e-01]
 [-1.76734494e-12 -1.45799022e-12 -1.91118810e-12 -1.50705539e-12
  -1.64201103e-12 -1.45799022e-12 -8.19958961e-13 -1.76734494e-12
  -1.07090268e-12 -1.45799022e-12]
 [-2.28980078e-13 -2.28980078e-13 -2.42785125e-13 -2.28980078e-13
  -1.95392269e-13 -1.52533665e-13 -2.28980078e-13 -1.89624225e-13
  -2.37988455e-13 -2.28980078e-13]
 [ 4.62010753e-11  4.62010753e-11  3.44870363e-11  3.89904635e-11
   3.89904635e-11  4.62010753e-11  5.26485300e-11  4.62010753e-11
   4.50518052e-11  4.96789628e-11]
 [-1.30750534e-10 -1.80991365e-10 -1.30750534e-10 -1.30750534e-10
  -2.04683146e-10 -1.30750534e-10 -1.80991365e-10 -1.19578073e-10
  -1.80991365e-10 -5.60555202e-11]
 [-1.83669770e-15 -1.83669770e-15 -1.59018477e-15 -1.77914952e-15
  -1.83669770e-15 -1.83669770e-15 -9.93669320e-16 -1.83669770e-15
  -2.33297733e-15 -1.83669770e-15]
 [ 8.19617556e-16  9.13757823e-16  8.79745809e-16  8.74118276e-16
   8.19617556e-16  8.19617556e-16  9.13757823e-16  9.99792476e-16
   9.72756474e-16  9.05771208e-16]
 [ 2.29423303e-05  2.29423303e-05  2.12147040e-05  2.29423303e-05
   1.33921630e-05  2.12147040e-05  3.14536173e-05  2.29423303e-05
   3.27368122e-05  2.84400774e-05]
 [-2.04721003e-06 -2.01955966e-06 -2.89848969e-06 -1.16331446e-06
  -2.04721003e-06 -1.83825647e-06 -2.11095374e-06 -1.61773371e-06
  -1.40826020e-06 -2.06266293e-06]
 [-1.59792834e-08 -1.44001662e-08 -1.59792834e-08 -1.51777727e-08
  -1.46402572e-08 -1.59792834e-08 -1.54766872e-08 -2.62555594e-08
  -1.44001662e-08 -1.44001662e-08]
 [ 9.98214034e-10  9.52001877e-10  9.96994176e-10  1.02124417e-09
   9.98214034e-10  9.28987778e-10  1.01686586e-09  9.98214034e-10
   9.69917826e-10  8.87207442e-10]]
Train validation errors
[[13510723306.466742, 368296592886.55035], [29243441077.32705, 301622652642.8264], [62957671969905.734, 115458287607961.28], [79245735707563.45, 163421419810724.06], [1494698053497.499, 2052441676964.5918], [74631134384.38797, 461380548542.49426], [4518732291368.873, 10111919729176.658], [1471747009017.7568, 271898950145.04413], [54949895412837.91, 119803313671988.62], [858601071255.3235, 498823872241.7992]]
Selected parents:
[[ 0.00000000e+00 -1.76734494e-12 -2.28980078e-13  4.62010753e-11
  -1.30750534e-10 -1.83669770e-15  8.19617556e-16  2.29423303e-05
  -2.04721003e-06 -1.59792834e-08  9.98214034e-10]
 [-5.68633399e-01 -1.45799022e-12 -2.28980078e-13  4.62010753e-11
  -1.80991365e-10 -1.83669770e-15  9.13757823e-16  2.29423303e-05
  -2.01955966e-06 -1.44001662e-08  9.52001877e-10]
 [ 0.00000000e+00 -1.64201103e-12 -1.95392269e-13  3.89904635e-11
  -2.04683146e-10 -1.83669770e-15  8.19617556e-16  1.33921630e-05
  -2.04721003e-06 -1.46402572e-08  9.98214034e-10]
 [ 0.00000000e+00 -1.45799022e-12 -1.52533665e-13  4.62010753e-11
  -1.30750534e-10 -1.83669770e-15  8.19617556e-16  2.12147040e-05
  -1.83825647e-06 -1.59792834e-08  9.28987778e-10]
 [ 8.54017817e-01 -1.76734494e-12 -1.89624225e-13  4.62010753e-11
  -1.19578073e-10 -1.83669770e-15  9.99792476e-16  2.29423303e-05
  -1.61773371e-06 -2.62555594e-08  9.98214034e-10]
 [-5.27818614e-01 -1.45799022e-12 -2.28980078e-13  4.96789628e-11
  -5.60555202e-11 -1.83669770e-15  9.05771208e-16  2.84400774e-05
  -2.06266293e-06 -1.44001662e-08  8.87207442e-10]]Population:
[[ 0.00000000e+00 -5.68633399e-01  0.00000000e+00  8.44673826e-01
  -6.36671537e-01  8.54017817e-01 -7.71364833e-01  2.10632665e-01
   8.34141992e-01  8.82079658e-01]
 [-1.76734494e-12 -1.45799022e-12 -2.13295628e-12 -1.76734494e-12
  -1.45799022e-12 -9.22098221e-13 -1.10236285e-12 -1.45799022e-12
  -1.45799022e-12 -9.47227111e-13]
 [-2.28980078e-13 -2.28980078e-13 -2.20030393e-13 -1.42238280e-13
  -2.28980078e-13 -1.89624225e-13 -2.28980078e-13 -2.28980078e-13
  -2.24665420e-13 -2.84950871e-13]
 [ 4.62010753e-11  4.62010753e-11  4.62010753e-11  4.10829232e-11
   4.62010753e-11  4.73607836e-11  4.96789628e-11  4.62010753e-11
   4.62010753e-11  4.96789628e-11]
 [-1.30750534e-10 -1.80991365e-10 -1.15965592e-10 -1.19578073e-10
  -2.05245159e-10 -1.80991365e-10 -5.28730258e-11 -1.30750534e-10
  -1.19578073e-10 -4.89101872e-11]
 [-1.83669770e-15 -1.83669770e-15 -1.55225988e-15 -1.83669770e-15
  -1.83669770e-15 -1.83669770e-15 -1.27102618e-15 -2.65798845e-15
  -1.60030864e-15 -2.73171606e-15]
 [ 8.19617556e-16  9.13757823e-16  9.99792476e-16  8.51944375e-16
   8.27683027e-16  9.99792476e-16  8.19617556e-16  8.34151992e-16
   8.83098693e-16  9.05771208e-16]
 [ 2.29423303e-05  2.29423303e-05  2.99257964e-05  2.75304346e-05
   2.44877307e-05  2.66213146e-05  3.70644537e-05  2.84400774e-05
   2.29423303e-05  2.84400774e-05]
 [-2.04721003e-06 -2.01955966e-06 -1.61773371e-06 -1.87929204e-06
  -2.01955966e-06 -1.61773371e-06 -2.95144534e-06 -1.40379438e-06
  -9.55458783e-07 -1.24945963e-06]
 [-1.59792834e-08 -1.44001662e-08 -1.81078884e-08 -7.93557117e-09
  -2.62555594e-08 -3.05576514e-08 -1.44001662e-08 -1.91990177e-08
  -1.76042029e-08 -2.51228348e-08]
 [ 9.98214034e-10  9.52001877e-10  1.01188888e-09  1.04146093e-09
   9.98214034e-10  9.74648083e-10  9.98214034e-10  1.06769974e-09
   9.98214034e-10  1.07595152e-09]]
Train validation errors
[[13510723306.466742, 368296592886.55035], [29243441077.32705, 301622652642.8264], [22137328089506.32, 48231413120453.58], [46289991696242.62, 98139884173314.38], [15803982018798.213, 25977959014180.883], [6542558736957.848, 7625233802560.8125], [23226256934570.59, 36824696638521.87], [42405052234669.914, 92944706466108.7], [87701154759135.89, 178446383075288.38], [31018132061065.145, 67202340195743.516]]
Selected parents:
[[ 0.00000000e+00 -1.76734494e-12 -2.28980078e-13  4.62010753e-11
  -1.30750534e-10 -1.83669770e-15  8.19617556e-16  2.29423303e-05
  -2.04721003e-06 -1.59792834e-08  9.98214034e-10]
 [-5.68633399e-01 -1.45799022e-12 -2.28980078e-13  4.62010753e-11
  -1.80991365e-10 -1.83669770e-15  9.13757823e-16  2.29423303e-05
  -2.01955966e-06 -1.44001662e-08  9.52001877e-10]
 [ 0.00000000e+00 -2.13295628e-12 -2.20030393e-13  4.62010753e-11
  -1.15965592e-10 -1.55225988e-15  9.99792476e-16  2.99257964e-05
  -1.61773371e-06 -1.81078884e-08  1.01188888e-09]
 [-6.36671537e-01 -1.45799022e-12 -2.28980078e-13  4.62010753e-11
  -2.05245159e-10 -1.83669770e-15  8.27683027e-16  2.44877307e-05
  -2.01955966e-06 -2.62555594e-08  9.98214034e-10]
 [ 8.54017817e-01 -9.22098221e-13 -1.89624225e-13  4.73607836e-11
  -1.80991365e-10 -1.83669770e-15  9.99792476e-16  2.66213146e-05
  -1.61773371e-06 -3.05576514e-08  9.74648083e-10]
 [-7.71364833e-01 -1.10236285e-12 -2.28980078e-13  4.96789628e-11
  -5.28730258e-11 -1.27102618e-15  8.19617556e-16  3.70644537e-05
  -2.95144534e-06 -1.44001662e-08  9.98214034e-10]]Population:
[[ 0.00000000e+00 -5.68633399e-01 -7.40767170e-01 -5.68633399e-01
   7.76668725e-01  8.54017817e-01  8.54017817e-01  0.00000000e+00
  -5.68633399e-01 -5.97929196e-01]
 [-1.76734494e-12 -1.45799022e-12 -1.30204971e-12 -1.07386553e-12
  -2.13295628e-12 -9.02749073e-13 -9.63305609e-13 -1.72596838e-12
  -1.45799022e-12 -2.08678731e-12]
 [-2.28980078e-13 -2.28980078e-13 -1.94236964e-13 -2.28980078e-13
  -2.20030393e-13 -1.36232678e-13 -1.89624225e-13 -1.89624225e-13
  -1.83739356e-13 -2.68841512e-13]
 [ 4.62010753e-11  4.62010753e-11  5.19898528e-11  5.47452804e-11
   4.62010753e-11  4.73607836e-11  4.73607836e-11  4.62010753e-11
   5.14594807e-11  4.62010753e-11]
 [-1.30750534e-10 -1.80991365e-10 -4.76034629e-11 -1.80991365e-10
  -1.69312870e-10 -1.76857548e-10 -1.80991365e-10 -1.80991365e-10
  -1.74467562e-10 -2.02263692e-10]
 [-1.83669770e-15 -1.83669770e-15 -8.53856572e-16 -2.71716631e-15
  -1.83669770e-15 -1.83669770e-15 -1.78225787e-15 -1.83669770e-15
  -1.83669770e-15 -1.44813893e-15]
 [ 8.19617556e-16  9.13757823e-16  9.91254630e-16  8.90467460e-16
   9.99792476e-16  1.08141397e-15  1.01807185e-15  7.30182659e-16
   9.13757823e-16  8.19617556e-16]
 [ 2.29423303e-05  2.29423303e-05  3.70644537e-05  2.29423303e-05
   2.99257964e-05  2.66213146e-05  2.29423303e-05  2.95229758e-05
   2.29423303e-05  2.53650936e-05]
 [-2.04721003e-06 -2.01955966e-06 -2.32518764e-06 -2.01955966e-06
  -1.61773371e-06 -1.61773371e-06 -1.96578995e-06 -2.25746845e-06
  -2.04721003e-06 -2.01955966e-06]
 [-1.59792834e-08 -1.44001662e-08 -1.51795852e-08 -1.31450989e-08
  -1.81078884e-08 -3.05576514e-08 -3.11414988e-08 -1.59792834e-08
  -1.07032306e-08 -1.67413109e-08]
 [ 9.98214034e-10  9.52001877e-10  9.98214034e-10  9.27270839e-10
   9.74648083e-10  1.01188888e-09  9.74648083e-10  9.80098201e-10
   9.20719736e-10  9.52001877e-10]]
Train validation errors
[[13510723306.466742, 368296592886.55035], [29243441077.32705, 301622652642.8264], [1803546756515.9995, 2820100233227.495], [385199291672.1307, 220361137843.99585], [14162044158653.004, 32543125998462.594], [3642207418820.336, 2828214484271.665], [40974556253836.62, 71381752001676.78], [1376333435315.03, 1249992256024.4106], [599922433813.3204, 1983016502569.0786], [180132539075.4202, 190920294854.13104]]
Selected parents:
[[ 0.00000000e+00 -1.76734494e-12 -2.28980078e-13  4.62010753e-11
  -1.30750534e-10 -1.83669770e-15  8.19617556e-16  2.29423303e-05
  -2.04721003e-06 -1.59792834e-08  9.98214034e-10]
 [-5.68633399e-01 -1.45799022e-12 -2.28980078e-13  4.62010753e-11
  -1.80991365e-10 -1.83669770e-15  9.13757823e-16  2.29423303e-05
  -2.01955966e-06 -1.44001662e-08  9.52001877e-10]
 [-5.68633399e-01 -1.07386553e-12 -2.28980078e-13  5.47452804e-11
  -1.80991365e-10 -2.71716631e-15  8.90467460e-16  2.29423303e-05
  -2.01955966e-06 -1.31450989e-08  9.27270839e-10]
 [ 0.00000000e+00 -1.72596838e-12 -1.89624225e-13  4.62010753e-11
  -1.80991365e-10 -1.83669770e-15  7.30182659e-16  2.95229758e-05
  -2.25746845e-06 -1.59792834e-08  9.80098201e-10]
 [-5.68633399e-01 -1.45799022e-12 -1.83739356e-13  5.14594807e-11
  -1.74467562e-10 -1.83669770e-15  9.13757823e-16  2.29423303e-05
  -2.04721003e-06 -1.07032306e-08  9.20719736e-10]
 [-5.97929196e-01 -2.08678731e-12 -2.68841512e-13  4.62010753e-11
  -2.02263692e-10 -1.44813893e-15  8.19617556e-16  2.53650936e-05
  -2.01955966e-06 -1.67413109e-08  9.52001877e-10]]Population:
[[ 0.00000000e+00 -5.68633399e-01 -5.17282889e-01 -6.41463106e-01
  -5.98672565e-01 -5.97929196e-01 -6.26492274e-01 -5.68633399e-01
  -6.53569495e-01  0.00000000e+00]
 [-1.76734494e-12 -1.45799022e-12 -2.08678731e-12 -2.08678731e-12
  -1.77878712e-12 -1.91960804e-12 -1.70299886e-12 -1.70695779e-12
  -1.76734494e-12 -2.53152510e-12]
 [-2.28980078e-13 -2.28980078e-13 -2.96524551e-13 -2.99562728e-13
  -2.31322864e-13 -2.26710394e-13 -2.28980078e-13 -2.28980078e-13
  -2.72002907e-13 -2.28980078e-13]
 [ 4.62010753e-11  4.62010753e-11  5.47452804e-11  4.62010753e-11
   3.94290600e-11  4.62010753e-11  5.05459385e-11  5.22893435e-11
   4.62010753e-11  4.71069867e-11]
 [-1.30750534e-10 -1.80991365e-10 -1.34763174e-10 -2.69663554e-10
  -1.80991365e-10 -2.59374976e-10 -1.30750534e-10 -2.10388150e-10
  -1.30750534e-10 -1.80991365e-10]
 [-1.83669770e-15 -1.83669770e-15 -2.71716631e-15 -2.71716631e-15
  -2.59835189e-15 -1.47106155e-15 -1.83669770e-15 -1.16398653e-15
  -2.51641806e-15 -1.83669770e-15]
 [ 8.19617556e-16  9.13757823e-16  8.42629940e-16  8.19617556e-16
   9.39349682e-16  9.13757823e-16  8.73371704e-16  8.34754390e-16
   9.13757823e-16  9.13757823e-16]
 [ 2.29423303e-05  2.29423303e-05  1.80386099e-05  2.73916806e-05
   3.43406874e-05  1.83839004e-05  2.29423303e-05  2.29423303e-05
   2.29423303e-05  3.14682824e-05]
 [-2.04721003e-06 -2.01955966e-06 -2.01955966e-06 -1.77209003e-06
  -1.77265950e-06 -2.01955966e-06 -2.04721003e-06 -1.84126283e-06
  -1.30150493e-06 -2.01955966e-06]
 [-1.59792834e-08 -1.44001662e-08 -1.31450989e-08 -1.31450989e-08
  -1.82532952e-08 -2.12693460e-08 -1.75772562e-08 -8.70138742e-09
  -2.45251138e-08 -1.44001662e-08]
 [ 9.98214034e-10  9.52001877e-10  9.27270839e-10  9.52001877e-10
   9.61020826e-10  9.52001877e-10  9.98214034e-10  9.52001877e-10
   9.11227342e-10  1.02790280e-09]]
Train validation errors
[[13510723306.466742, 368296592886.55035], [29243441077.32705, 301622652642.8264], [2037136220966.4778, 2089572132470.3882], [9674084312174.396, 24801696915629.816], [5941951583001.176, 16271642759958.568], [13711220793616.672, 23417129367662.277], [498261637955.3673, 512088283277.72314], [19614002241041.926, 41759615342961.695], [2235658821414.5317, 3260538167657.3955], [10058955899024.52, 23495213036661.816]]
Selected parents:
[[ 0.00000000e+00 -1.76734494e-12 -2.28980078e-13  4.62010753e-11
  -1.30750534e-10 -1.83669770e-15  8.19617556e-16  2.29423303e-05
  -2.04721003e-06 -1.59792834e-08  9.98214034e-10]
 [-5.68633399e-01 -1.45799022e-12 -2.28980078e-13  4.62010753e-11
  -1.80991365e-10 -1.83669770e-15  9.13757823e-16  2.29423303e-05
  -2.01955966e-06 -1.44001662e-08  9.52001877e-10]
 [-5.17282889e-01 -2.08678731e-12 -2.96524551e-13  5.47452804e-11
  -1.34763174e-10 -2.71716631e-15  8.42629940e-16  1.80386099e-05
  -2.01955966e-06 -1.31450989e-08  9.27270839e-10]
 [-5.98672565e-01 -1.77878712e-12 -2.31322864e-13  3.94290600e-11
  -1.80991365e-10 -2.59835189e-15  9.39349682e-16  3.43406874e-05
  -1.77265950e-06 -1.82532952e-08  9.61020826e-10]
 [-6.26492274e-01 -1.70299886e-12 -2.28980078e-13  5.05459385e-11
  -1.30750534e-10 -1.83669770e-15  8.73371704e-16  2.29423303e-05
  -2.04721003e-06 -1.75772562e-08  9.98214034e-10]
 [-6.53569495e-01 -1.76734494e-12 -2.72002907e-13  4.62010753e-11
  -1.30750534e-10 -2.51641806e-15  9.13757823e-16  2.29423303e-05
  -1.30150493e-06 -2.45251138e-08  9.11227342e-10]]Best offspring gen errors:
[[1.35107233e+10 3.68296593e+11]
 [1.35107233e+10 3.68296593e+11]
 [1.35107233e+10 3.68296593e+11]
 [1.35107233e+10 3.68296593e+11]
 [1.35107233e+10 3.68296593e+11]]