Fitness funtion: -1 * (train_validation_error[:, 1] + train_validation_error[:, 0])
Initialed with the best that we have until now
Starting all over again with new root population
No of generations: 10
Population size: 10
Mutation coefficient: 0.2
Split point: 7
Two offspring per pair
Population:
[[-3.66425524e+00  0.00000000e+00  0.00000000e+00  0.00000000e+00
   0.00000000e+00  0.00000000e+00  0.00000000e+00  0.00000000e+00
   0.00000000e+00  0.00000000e+00]
 [-9.75835723e+00 -9.75835723e+00 -9.75835723e+00 -9.75835723e+00
  -9.75835723e+00 -4.10025304e+00 -9.75835723e+00 -9.75835723e+00
  -9.75835723e+00 -9.75835723e+00]
 [-2.28980078e-13  3.16823326e+00 -2.28980078e-13 -2.28980078e-13
  -2.28980078e-13 -2.28980078e-13 -2.28980078e-13 -2.28980078e-13
  -2.28980078e-13 -2.28980078e-13]
 [ 1.07109860e+00  1.07109860e+00  1.07109860e+00  1.07109860e+00
   1.07109860e+00  1.07109860e+00  3.54094096e+00  1.07109860e+00
   1.07109860e+00  1.07109860e+00]
 [-1.75214813e-10 -1.75214813e-10 -1.75214813e-10 -1.75214813e-10
  -1.75214813e-10 -1.75214813e-10 -1.75214813e-10 -3.96263453e+00
  -1.75214813e-10 -1.75214813e-10]
 [-1.83669770e-15 -1.83669770e-15 -1.83669770e-15 -1.83669770e-15
  -1.83669770e-15 -1.83669770e-15 -1.83669770e-15 -1.83669770e-15
  -1.83669770e-15 -1.83669770e-15]
 [ 8.52944060e-16 -1.05267114e+00  8.52944060e-16  8.52944060e-16
   8.52944060e-16  8.52944060e-16  8.52944060e-16  8.52944060e-16
   8.52944060e-16  8.52944060e-16]
 [ 2.29423303e-05  2.29423303e-05  2.29423303e-05  2.29423303e-05
  -6.16566654e+00  2.29423303e-05 -3.31558372e-01  2.29423303e-05
   2.29423303e-05  2.29423303e-05]
 [-2.04721003e-06 -2.04721003e-06 -2.04721003e-06 -2.04721003e-06
  -2.04721003e-06 -2.04721003e-06 -2.04721003e-06 -2.04721003e-06
  -2.04721003e-06  7.56646485e+00]
 [-1.59792834e-08 -1.59792834e-08 -1.59792834e-08 -1.59792834e-08
  -1.59792834e-08  5.87464875e+00 -1.59792834e-08 -1.59792834e-08
  -9.92195790e+00 -1.59792834e-08]
 [ 9.98214034e-10  9.98214034e-10  9.98214034e-10  9.98214034e-10
   9.98214034e-10  9.98214034e-10  9.98214034e-10  9.98214034e-10
   9.98214034e-10  9.98214034e-10]]
Train validation errors
[[15450089722.263454, 400740849192.44464], [15760100000.526968, 402781083234.4808], [15450295594.449286, 400741755000.0832], [15450295594.449286, 400741755000.0832], [1.3587215064136243e+24, 2.6552978931862455e+24], [6.656118763168556e+30, 1.2760324871959516e+31], [3.9295730729759896e+21, 7.67935374818369e+21], [51989905847846.12, 92572464945986.0], [1.8986810163233015e+31, 3.6399270280177767e+31], [4.7277778125831967e+27, 9.166061313813998e+27]]
Selected parents:
[[-3.66425524e+00 -9.75835723e+00 -2.28980078e-13  1.07109860e+00
  -1.75214813e-10 -1.83669770e-15  8.52944060e-16  2.29423303e-05
  -2.04721003e-06 -1.59792834e-08  9.98214034e-10]
 [ 0.00000000e+00 -9.75835723e+00  3.16823326e+00  1.07109860e+00
  -1.75214813e-10 -1.83669770e-15 -1.05267114e+00  2.29423303e-05
  -2.04721003e-06 -1.59792834e-08  9.98214034e-10]
 [ 0.00000000e+00 -9.75835723e+00 -2.28980078e-13  1.07109860e+00
  -1.75214813e-10 -1.83669770e-15  8.52944060e-16  2.29423303e-05
  -2.04721003e-06 -1.59792834e-08  9.98214034e-10]
 [ 0.00000000e+00 -9.75835723e+00 -2.28980078e-13  1.07109860e+00
  -1.75214813e-10 -1.83669770e-15  8.52944060e-16  2.29423303e-05
  -2.04721003e-06 -1.59792834e-08  9.98214034e-10]
 [ 0.00000000e+00 -9.75835723e+00 -2.28980078e-13  3.54094096e+00
  -1.75214813e-10 -1.83669770e-15  8.52944060e-16 -3.31558372e-01
  -2.04721003e-06 -1.59792834e-08  9.98214034e-10]
 [ 0.00000000e+00 -9.75835723e+00 -2.28980078e-13  1.07109860e+00
  -3.96263453e+00 -1.83669770e-15  8.52944060e-16  2.29423303e-05
  -2.04721003e-06 -1.59792834e-08  9.98214034e-10]]Population:
[[-3.66425524e+00  0.00000000e+00 -8.46909609e+00 -7.40363332e+00
   1.71350750e+00  0.00000000e+00  0.00000000e+00  0.00000000e+00
   0.00000000e+00 -2.12808932e+00]
 [-9.75835723e+00 -9.75835723e+00 -9.75835723e+00 -9.75835723e+00
  -9.75835723e+00 -9.75835723e+00 -9.75835723e+00  5.89651906e+00
   5.94537303e+00  1.92337632e+00]
 [-2.28980078e-13 -2.28980078e-13  4.51330573e+00 -5.79626150e+00
  -2.28980078e-13 -2.28980078e-13 -2.28980078e-13 -2.28980078e-13
  -2.28980078e-13 -2.28980078e-13]
 [ 1.07109860e+00  1.07109860e+00  3.54094096e+00 -4.77078387e+00
   6.83762158e+00  1.07109860e+00  3.54094096e+00 -5.10836128e+00
   3.54094096e+00  4.70748061e+00]
 [-1.75214813e-10 -1.75214813e-10  5.06982127e+00 -1.75214813e-10
  -1.75214813e-10 -3.96263453e+00 -8.47718141e+00 -3.96263453e+00
  -1.75214813e-10 -1.27478278e+00]
 [-1.83669770e-15 -1.83669770e-15  7.04937608e+00 -1.83669770e-15
  -1.83669770e-15  3.65950592e+00 -1.83669770e-15 -2.07008013e-01
  -1.83669770e-15 -1.83669770e-15]
 [ 8.52944060e-16  8.52944060e-16 -6.82436499e+00 -9.49668120e+00
   2.08820943e+00  8.52944060e-16  8.52944060e-16  8.52944060e-16
   8.52944060e-16  9.74612978e+00]
 [ 2.29423303e-05  2.29423303e-05 -1.39937933e-02  2.29423303e-05
  -8.62978878e+00 -3.91386448e+00 -3.31558372e-01  2.29423303e-05
  -2.37186638e-01  4.23781374e+00]
 [-2.04721003e-06 -2.04721003e-06 -2.04721003e-06 -5.78846027e-01
  -2.04721003e-06 -5.56762550e+00 -2.04721003e-06 -2.04721003e-06
  -4.63943415e+00 -2.04721003e-06]
 [-1.59792834e-08 -1.59792834e-08 -9.26569511e+00  8.43471080e+00
  -6.40466783e+00  9.78898015e+00 -1.59792834e-08 -4.47206704e-02
  -1.59792834e-08 -1.59792834e-08]
 [ 9.98214034e-10  9.98214034e-10  9.98214034e-10 -9.39464015e+00
   8.73509697e+00  9.98214034e-10  9.98214034e-10  9.98214034e-10
   3.17809162e+00  7.06227715e+00]]
Train validation errors
[[15450089722.263454, 400740849192.44464], [15450295594.449286, 400741755000.0832], [1.8218655224688162e+43, 1.8539410696815586e+43], [3.861565417642443e+34, 7.298831710908113e+34], [3.3608442966333766e+34, 6.353506206549342e+34], [4.90978077539801e+42, 4.996230836861271e+42], [3.931187105350758e+21, 7.683008810665605e+21], [1.5710504545018534e+40, 1.5987113010880228e+40], [4.5782111877166347e+33, 8.661261137622319e+33], [2.2635835048480784e+34, 4.282420079533511e+34]]
Selected parents:
[[-3.66425524e+00 -9.75835723e+00 -2.28980078e-13  1.07109860e+00
  -1.75214813e-10 -1.83669770e-15  8.52944060e-16  2.29423303e-05
  -2.04721003e-06 -1.59792834e-08  9.98214034e-10]
 [ 0.00000000e+00 -9.75835723e+00 -2.28980078e-13  1.07109860e+00
  -1.75214813e-10 -1.83669770e-15  8.52944060e-16  2.29423303e-05
  -2.04721003e-06 -1.59792834e-08  9.98214034e-10]
 [ 1.71350750e+00 -9.75835723e+00 -2.28980078e-13  6.83762158e+00
  -1.75214813e-10 -1.83669770e-15  2.08820943e+00 -8.62978878e+00
  -2.04721003e-06 -6.40466783e+00  8.73509697e+00]
 [ 0.00000000e+00 -9.75835723e+00 -2.28980078e-13  3.54094096e+00
  -8.47718141e+00 -1.83669770e-15  8.52944060e-16 -3.31558372e-01
  -2.04721003e-06 -1.59792834e-08  9.98214034e-10]
 [ 0.00000000e+00  5.94537303e+00 -2.28980078e-13  3.54094096e+00
  -1.75214813e-10 -1.83669770e-15  8.52944060e-16 -2.37186638e-01
  -4.63943415e+00 -1.59792834e-08  3.17809162e+00]
 [-2.12808932e+00  1.92337632e+00 -2.28980078e-13  4.70748061e+00
  -1.27478278e+00 -1.83669770e-15  9.74612978e+00  4.23781374e+00
  -2.04721003e-06 -1.59792834e-08  7.06227715e+00]]