Starting all over again with new root population
No of generations: 10
Population size: 10
Mutation coefficient: 0.2
Split point: 7
One offspring per pair
Population:
[[ 0.00000000e+00  6.27937040e+00 -2.28980078e-13  4.62010753e-11
  -1.75214813e-10 -1.83669770e-15  8.52944060e-16  2.29423303e-05
  -2.04721003e-06 -1.59792834e-08  9.98214034e-10]
 [ 0.00000000e+00 -1.45799022e-12 -2.17347038e+00  4.62010753e-11
  -1.75214813e-10 -1.83669770e-15  8.52944060e-16  2.29423303e-05
  -2.04721003e-06 -1.59792834e-08  9.98214034e-10]
 [ 0.00000000e+00 -1.45799022e-12 -2.28980078e-13  4.62010753e-11
  -1.75214813e-10 -1.83669770e-15  8.52944060e-16  2.29423303e-05
  -2.04721003e-06 -1.59792834e-08  9.98214034e-10]
 [ 0.00000000e+00 -1.45799022e-12 -2.28980078e-13  4.62010753e-11
  -1.75214813e-10 -1.83669770e-15  8.52944060e-16 -1.52574735e+00
  -2.04721003e-06 -1.59792834e-08  9.98214034e-10]
 [ 0.00000000e+00 -8.98587638e+00 -4.25719383e+00  4.62010753e-11
  -1.75214813e-10 -1.83669770e-15  8.52944060e-16  2.29423303e-05
  -2.04721003e-06 -1.59792834e-08  9.98214034e-10]
 [ 0.00000000e+00 -1.45799022e-12 -2.28980078e-13  4.62010753e-11
  -1.75214813e-10 -1.83669770e-15  8.52944060e-16  2.29423303e-05
  -2.04721003e-06 -1.59792834e-08  9.98214034e-10]]
Train validation errors
[[13504842102.92983, 368344514440.6409], [1.8699220255774645e+34, 3.537659418191892e+34], [13398896731.091145, 367223115707.8591], [3.391978321909553e+34, 6.417200232288855e+34], [13510723304.19212, 368296592820.6967], [8.320424354405312e+22, 1.6260266947579428e+23], [13309462541.590225, 366141689153.8224], [2.082519731335692e+25, 4.037521704900085e+25], [13510723304.19212, 368296592820.6967], [6.326944721668925e+41, 6.438348517557608e+41]]
Selected parents:
[[ 0.00000000e+00  6.27937040e+00 -2.28980078e-13  4.62010753e-11
  -1.75214813e-10 -1.83669770e-15  8.52944060e-16  2.29423303e-05
  -2.04721003e-06 -1.59792834e-08  9.98214034e-10]
 [ 0.00000000e+00 -1.45799022e-12 -2.17347038e+00  4.62010753e-11
  -1.75214813e-10 -1.83669770e-15  8.52944060e-16  2.29423303e-05
  -2.04721003e-06 -1.59792834e-08  9.98214034e-10]
 [ 0.00000000e+00 -1.45799022e-12 -2.28980078e-13  4.62010753e-11
  -1.75214813e-10 -1.83669770e-15  8.52944060e-16  2.29423303e-05
  -2.04721003e-06 -1.59792834e-08  9.98214034e-10]
 [ 0.00000000e+00 -1.45799022e-12 -2.28980078e-13  4.62010753e-11
  -1.75214813e-10 -1.83669770e-15  8.52944060e-16 -1.52574735e+00
  -2.04721003e-06 -1.59792834e-08  9.98214034e-10]
 [ 0.00000000e+00 -8.98587638e+00 -4.25719383e+00  4.62010753e-11
  -1.75214813e-10 -1.83669770e-15  8.52944060e-16  2.29423303e-05
  -2.04721003e-06 -1.59792834e-08  9.98214034e-10]
 [ 0.00000000e+00 -1.45799022e-12 -2.28980078e-13  4.62010753e-11
  -1.75214813e-10 -1.83669770e-15  8.52944060e-16  2.29423303e-05
  -2.04721003e-06 -1.59792834e-08  9.98214034e-10]]Population:
[[ 0.00000000e+00 -1.45799022e-12 -2.17347038e+00  4.62010753e-11
  -1.75214813e-10 -1.83669770e-15  8.52944060e-16  2.29423303e-05
  -2.04721003e-06 -1.59792834e-08  9.98214034e-10]
 [ 0.00000000e+00 -8.98587638e+00 -4.25719383e+00  4.62010753e-11
  -1.75214813e-10 -1.83669770e-15  8.52944060e-16  2.29423303e-05
  -2.04721003e-06 -1.59792834e-08  9.98214034e-10]
 [ 0.00000000e+00  6.27937040e+00  4.50931369e+00 -7.86082958e-01
  -1.75214813e-10 -1.83669770e-15  8.52944060e-16  2.29423303e-05
  -2.04721003e-06 -1.59792834e-08  9.98214034e-10]
 [ 0.00000000e+00 -1.45799022e-12 -2.28980078e-13  4.62010753e-11
  -1.75214813e-10 -1.83669770e-15  8.52944060e-16  2.29423303e-05
  -2.04721003e-06 -1.59792834e-08  9.98214034e-10]
 [ 0.00000000e+00 -1.45799022e-12 -2.17347038e+00  4.62010753e-11
  -1.75214813e-10 -1.83669770e-15  8.52944060e-16  2.29423303e-05
  -2.04721003e-06 -1.59792834e-08  9.98214034e-10]
 [ 0.00000000e+00 -6.61726765e+00 -2.28980078e-13 -9.04192680e+00
  -1.75214813e-10 -1.83669770e-15 -5.57147756e+00  2.29423303e-05
  -2.04721003e-06 -1.59792834e-08  9.98214034e-10]]
Train validation errors
[[13398896731.091145, 367223115707.8591], [13309462541.590225, 366141689153.8224], [14670679740.6412, 350628275190.4671], [3.9222022990449717e+34, 7.422537873787733e+34], [2.4600452839911695e+24, 4.807573739062207e+24], [4.685871776117056e+22, 9.15740300103006e+22], [13510723304.19212, 368296592820.6967], [13398896731.091145, 367223115707.8591], [3.001049994382267e+32, 5.67761255900047e+32], [152611454386.21857, 368238450183.0581]]
Selected parents:
[[ 0.00000000e+00 -1.45799022e-12 -2.17347038e+00  4.62010753e-11
  -1.75214813e-10 -1.83669770e-15  8.52944060e-16  2.29423303e-05
  -2.04721003e-06 -1.59792834e-08  9.98214034e-10]
 [ 0.00000000e+00 -8.98587638e+00 -4.25719383e+00  4.62010753e-11
  -1.75214813e-10 -1.83669770e-15  8.52944060e-16  2.29423303e-05
  -2.04721003e-06 -1.59792834e-08  9.98214034e-10]
 [ 0.00000000e+00  6.27937040e+00  4.50931369e+00 -7.86082958e-01
  -1.75214813e-10 -1.83669770e-15  8.52944060e-16  2.29423303e-05
  -2.04721003e-06 -1.59792834e-08  9.98214034e-10]
 [ 0.00000000e+00 -1.45799022e-12 -2.28980078e-13  4.62010753e-11
  -1.75214813e-10 -1.83669770e-15  8.52944060e-16  2.29423303e-05
  -2.04721003e-06 -1.59792834e-08  9.98214034e-10]
 [ 0.00000000e+00 -1.45799022e-12 -2.17347038e+00  4.62010753e-11
  -1.75214813e-10 -1.83669770e-15  8.52944060e-16  2.29423303e-05
  -2.04721003e-06 -1.59792834e-08  9.98214034e-10]
 [ 0.00000000e+00 -6.61726765e+00 -2.28980078e-13 -9.04192680e+00
  -1.75214813e-10 -1.83669770e-15 -5.57147756e+00  2.29423303e-05
  -2.04721003e-06 -1.59792834e-08  9.98214034e-10]]Population:
[[ 0.00000000e+00 -8.98587638e+00 -4.25719383e+00  4.62010753e-11
  -1.75214813e-10 -1.83669770e-15  8.52944060e-16  2.29423303e-05
  -2.04721003e-06 -1.59792834e-08  9.98214034e-10]
 [ 0.00000000e+00  6.27937040e+00  4.50931369e+00 -7.86082958e-01
  -1.75214813e-10 -1.83669770e-15  8.52944060e-16  2.29423303e-05
  -2.04721003e-06 -1.59792834e-08  9.98214034e-10]
 [ 0.00000000e+00 -8.98587638e+00  9.22613994e+00  4.62010753e-11
  -1.75214813e-10 -1.83669770e-15  8.52944060e-16  2.29423303e-05
  -2.04721003e-06 -1.59792834e-08  9.98214034e-10]
 [-2.78409073e+00 -1.45799022e-12 -2.17347038e+00  4.62010753e-11
  -1.75214813e-10 -1.83669770e-15  8.52944060e-16  2.29423303e-05
  -2.04721003e-06 -1.59792834e-08  9.98214034e-10]
 [ 0.00000000e+00 -1.45799022e-12 -2.28980078e-13  4.62010753e-11
  -1.75214813e-10 -1.83669770e-15 -4.43670024e+00  2.29423303e-05
  -2.04721003e-06 -1.59792834e-08  9.98214034e-10]
 [ 0.00000000e+00 -1.45799022e-12 -2.17347038e+00  4.62010753e-11
  -1.75214813e-10 -1.83669770e-15  8.52944060e-16  2.29423303e-05
  -2.04721003e-06 -1.59792834e-08  9.98214034e-10]]
Train validation errors
[[13309462541.590225, 366141689153.8224], [14670679740.6412, 350628275190.4671], [14095918988.517899, 372939764308.6349], [2.057285111273587e+43, 2.0935066868187744e+43], [1.087782647520536e+43, 1.1069346848711747e+43], [13398792251.360424, 367222642856.86053], [13510626126.666828, 368297140975.2719], [1.5863441439207562e+33, 3.001034546683852e+33], [1.2185768946916637e+27, 2.3625370537469035e+27], [13398896731.091145, 367223115707.8591]]
Selected parents:
[[ 0.00000000e+00 -8.98587638e+00 -4.25719383e+00  4.62010753e-11
  -1.75214813e-10 -1.83669770e-15  8.52944060e-16  2.29423303e-05
  -2.04721003e-06 -1.59792834e-08  9.98214034e-10]
 [ 0.00000000e+00  6.27937040e+00  4.50931369e+00 -7.86082958e-01
  -1.75214813e-10 -1.83669770e-15  8.52944060e-16  2.29423303e-05
  -2.04721003e-06 -1.59792834e-08  9.98214034e-10]
 [ 0.00000000e+00 -8.98587638e+00  9.22613994e+00  4.62010753e-11
  -1.75214813e-10 -1.83669770e-15  8.52944060e-16  2.29423303e-05
  -2.04721003e-06 -1.59792834e-08  9.98214034e-10]
 [-2.78409073e+00 -1.45799022e-12 -2.17347038e+00  4.62010753e-11
  -1.75214813e-10 -1.83669770e-15  8.52944060e-16  2.29423303e-05
  -2.04721003e-06 -1.59792834e-08  9.98214034e-10]
 [ 0.00000000e+00 -1.45799022e-12 -2.28980078e-13  4.62010753e-11
  -1.75214813e-10 -1.83669770e-15 -4.43670024e+00  2.29423303e-05
  -2.04721003e-06 -1.59792834e-08  9.98214034e-10]
 [ 0.00000000e+00 -1.45799022e-12 -2.17347038e+00  4.62010753e-11
  -1.75214813e-10 -1.83669770e-15  8.52944060e-16  2.29423303e-05
  -2.04721003e-06 -1.59792834e-08  9.98214034e-10]]Population:
[[ 0.00000000e+00 -8.98587638e+00 -4.25719383e+00  4.62010753e-11
  -1.75214813e-10 -1.83669770e-15  8.52944060e-16  2.29423303e-05
  -2.04721003e-06 -1.59792834e-08  9.98214034e-10]
 [ 0.00000000e+00  6.27937040e+00  4.50931369e+00 -7.86082958e-01
  -1.75214813e-10 -1.83669770e-15  8.52944060e-16  2.29423303e-05
  -2.04721003e-06 -1.59792834e-08  9.98214034e-10]
 [-2.33617593e+00  6.27937040e+00  4.50931369e+00 -7.86082958e-01
  -1.75214813e-10 -1.83669770e-15  8.52944060e-16  2.29423303e-05
  -2.04721003e-06 -1.59792834e-08  9.98214034e-10]
 [ 0.00000000e+00 -1.45799022e-12 -2.17347038e+00  4.62010753e-11
  -1.75214813e-10 -1.83669770e-15  8.52944060e-16  2.29423303e-05
  -2.04721003e-06 -1.59792834e-08  9.98214034e-10]
 [ 0.00000000e+00  6.27937040e+00  4.50931369e+00 -7.09022101e-01
  -1.75214813e-10 -1.83669770e-15  8.52944060e-16  2.29423303e-05
  -2.04721003e-06 -1.59792834e-08  9.98214034e-10]
 [ 0.00000000e+00  6.27937040e+00  4.50931369e+00 -7.86082958e-01
  -1.75214813e-10 -1.83669770e-15  8.52944060e-16  2.29423303e-05
  -2.04721003e-06 -1.59792834e-08  9.98214034e-10]]
Train validation errors
[[13309462541.590225, 366141689153.8224], [14670679740.6412, 350628275190.4671], [14670596104.554321, 350627975890.82245], [7.328881439663522e+30, 1.4050066019125173e+31], [13398896731.091145, 367223115707.8591], [1.7911845431385615e+24, 3.500447000918087e+24], [14489192363.330196, 352423977059.79895], [14095918988.517899, 372939764308.6349], [2.204624899451332e+34, 4.170875540502039e+34], [14670679740.6412, 350628275190.4671]]
Selected parents:
[[ 0.00000000e+00 -8.98587638e+00 -4.25719383e+00  4.62010753e-11
  -1.75214813e-10 -1.83669770e-15  8.52944060e-16  2.29423303e-05
  -2.04721003e-06 -1.59792834e-08  9.98214034e-10]
 [ 0.00000000e+00  6.27937040e+00  4.50931369e+00 -7.86082958e-01
  -1.75214813e-10 -1.83669770e-15  8.52944060e-16  2.29423303e-05
  -2.04721003e-06 -1.59792834e-08  9.98214034e-10]
 [-2.33617593e+00  6.27937040e+00  4.50931369e+00 -7.86082958e-01
  -1.75214813e-10 -1.83669770e-15  8.52944060e-16  2.29423303e-05
  -2.04721003e-06 -1.59792834e-08  9.98214034e-10]
 [ 0.00000000e+00 -1.45799022e-12 -2.17347038e+00  4.62010753e-11
  -1.75214813e-10 -1.83669770e-15  8.52944060e-16  2.29423303e-05
  -2.04721003e-06 -1.59792834e-08  9.98214034e-10]
 [ 0.00000000e+00  6.27937040e+00  4.50931369e+00 -7.09022101e-01
  -1.75214813e-10 -1.83669770e-15  8.52944060e-16  2.29423303e-05
  -2.04721003e-06 -1.59792834e-08  9.98214034e-10]
 [ 0.00000000e+00  6.27937040e+00  4.50931369e+00 -7.86082958e-01
  -1.75214813e-10 -1.83669770e-15  8.52944060e-16  2.29423303e-05
  -2.04721003e-06 -1.59792834e-08  9.98214034e-10]]Population:
[[-2.33617593e+00  6.27937040e+00  4.50931369e+00 -7.86082958e-01
  -1.75214813e-10 -1.83669770e-15  8.52944060e-16  2.29423303e-05
  -2.04721003e-06 -1.59792834e-08  9.98214034e-10]
 [ 0.00000000e+00  6.27937040e+00  4.50931369e+00 -7.86082958e-01
  -1.75214813e-10 -1.83669770e-15  8.52944060e-16  2.29423303e-05
  -2.04721003e-06 -1.59792834e-08  9.98214034e-10]
 [ 0.00000000e+00  6.27937040e+00  4.50931369e+00 -7.86082958e-01
  -1.75214813e-10 -1.83669770e-15  8.52944060e-16  2.29423303e-05
  -2.04721003e-06 -1.59792834e-08  9.98214034e-10]
 [ 0.00000000e+00  6.27937040e+00  4.50931369e+00 -7.86082958e-01
  -1.75214813e-10 -1.83669770e-15  8.52944060e-16  2.29423303e-05
  -2.04721003e-06 -1.59792834e-08  9.98214034e-10]
 [ 0.00000000e+00  6.27937040e+00 -9.15206003e+00 -7.09022101e-01
  -1.75214813e-10 -1.83669770e-15  8.52944060e-16  2.29423303e-05
  -2.04721003e-06 -1.59792834e-08  9.98214034e-10]
 [ 0.00000000e+00  6.27937040e+00  4.50931369e+00 -7.86082958e-01
  -1.75214813e-10 -1.83669770e-15  8.52944060e-16  2.29423303e-05
  -2.04721003e-06 -1.59792834e-08  9.98214034e-10]]
Train validation errors
[[14670596104.554321, 350627975890.82245], [14670679740.6412, 350628275190.4671], [14670679740.6412, 350628275190.4671], [13309462541.590225, 366141689153.8224], [14045083177.499783, 373441220895.62225], [2.1955644904718043e+27, 4.2566887881085456e+27], [14670679740.6412, 350628275190.4671], [14191135877.565577, 347008661905.23987], [13309462541.590225, 366141689153.8224], [14670679740.6412, 350628275190.4671]]
Selected parents:
[[-2.33617593e+00  6.27937040e+00  4.50931369e+00 -7.86082958e-01
  -1.75214813e-10 -1.83669770e-15  8.52944060e-16  2.29423303e-05
  -2.04721003e-06 -1.59792834e-08  9.98214034e-10]
 [ 0.00000000e+00  6.27937040e+00  4.50931369e+00 -7.86082958e-01
  -1.75214813e-10 -1.83669770e-15  8.52944060e-16  2.29423303e-05
  -2.04721003e-06 -1.59792834e-08  9.98214034e-10]
 [ 0.00000000e+00  6.27937040e+00  4.50931369e+00 -7.86082958e-01
  -1.75214813e-10 -1.83669770e-15  8.52944060e-16  2.29423303e-05
  -2.04721003e-06 -1.59792834e-08  9.98214034e-10]
 [ 0.00000000e+00  6.27937040e+00  4.50931369e+00 -7.86082958e-01
  -1.75214813e-10 -1.83669770e-15  8.52944060e-16  2.29423303e-05
  -2.04721003e-06 -1.59792834e-08  9.98214034e-10]
 [ 0.00000000e+00  6.27937040e+00 -9.15206003e+00 -7.09022101e-01
  -1.75214813e-10 -1.83669770e-15  8.52944060e-16  2.29423303e-05
  -2.04721003e-06 -1.59792834e-08  9.98214034e-10]
 [ 0.00000000e+00  6.27937040e+00  4.50931369e+00 -7.86082958e-01
  -1.75214813e-10 -1.83669770e-15  8.52944060e-16  2.29423303e-05
  -2.04721003e-06 -1.59792834e-08  9.98214034e-10]]Population:
[[-2.33617593e+00  6.27937040e+00  4.50931369e+00 -7.86082958e-01
  -1.75214813e-10 -1.83669770e-15  8.52944060e-16  2.29423303e-05
  -2.04721003e-06 -1.59792834e-08  9.98214034e-10]
 [ 0.00000000e+00  6.27937040e+00 -9.15206003e+00 -7.09022101e-01
  -1.75214813e-10 -1.83669770e-15  8.52944060e-16  2.29423303e-05
  -2.04721003e-06 -1.59792834e-08  9.98214034e-10]
 [ 1.15675626e+00  6.27937040e+00 -8.13918614e+00 -7.86082958e-01
  -1.75214813e-10 -1.83669770e-15  8.52944060e-16  2.29423303e-05
  -2.04721003e-06 -1.59792834e-08  9.98214034e-10]
 [-2.33617593e+00  6.27937040e+00  4.50931369e+00 -7.86082958e-01
  -1.75214813e-10 -1.83669770e-15  8.52944060e-16  2.29423303e-05
  -2.04721003e-06 -1.59792834e-08  9.98214034e-10]
 [ 1.25009950e+00  6.27937040e+00  4.50931369e+00 -7.86082958e-01
  -1.75214813e-10 -1.83669770e-15  8.52944060e-16  2.29423303e-05
  -2.04721003e-06 -1.59792834e-08  9.98214034e-10]
 [ 0.00000000e+00  6.27937040e+00  4.50931369e+00 -3.72370557e+00
  -1.75214813e-10 -1.83669770e-15  8.52944060e-16  2.29423303e-05
  -2.04721003e-06 -1.59792834e-08  9.98214034e-10]]
Train validation errors
[[14670596104.554321, 350627975890.82245], [14191135877.565577, 347008661905.23987], [2.462864642611329e+43, 2.506227071561615e+43], [3.605389865620206e+34, 6.820929914742405e+34], [14419703891.673935, 345724478303.13367], [1.7312006391677782e+24, 3.3832226641289714e+24], [14670596104.554321, 350627975890.82245], [14670724499.215328, 350628435351.69574], [36643866303.08591, 308769359566.24585], [2.2348193430892317e+23, 4.3674296287219675e+23]]
Selected parents:
[[-2.33617593e+00  6.27937040e+00  4.50931369e+00 -7.86082958e-01
  -1.75214813e-10 -1.83669770e-15  8.52944060e-16  2.29423303e-05
  -2.04721003e-06 -1.59792834e-08  9.98214034e-10]
 [ 0.00000000e+00  6.27937040e+00 -9.15206003e+00 -7.09022101e-01
  -1.75214813e-10 -1.83669770e-15  8.52944060e-16  2.29423303e-05
  -2.04721003e-06 -1.59792834e-08  9.98214034e-10]
 [ 1.15675626e+00  6.27937040e+00 -8.13918614e+00 -7.86082958e-01
  -1.75214813e-10 -1.83669770e-15  8.52944060e-16  2.29423303e-05
  -2.04721003e-06 -1.59792834e-08  9.98214034e-10]
 [-2.33617593e+00  6.27937040e+00  4.50931369e+00 -7.86082958e-01
  -1.75214813e-10 -1.83669770e-15  8.52944060e-16  2.29423303e-05
  -2.04721003e-06 -1.59792834e-08  9.98214034e-10]
 [ 1.25009950e+00  6.27937040e+00  4.50931369e+00 -7.86082958e-01
  -1.75214813e-10 -1.83669770e-15  8.52944060e-16  2.29423303e-05
  -2.04721003e-06 -1.59792834e-08  9.98214034e-10]
 [ 0.00000000e+00  6.27937040e+00  4.50931369e+00 -3.72370557e+00
  -1.75214813e-10 -1.83669770e-15  8.52944060e-16  2.29423303e-05
  -2.04721003e-06 -1.59792834e-08  9.98214034e-10]]Population:
[[ 1.15675626e+00  6.27937040e+00 -8.13918614e+00 -7.86082958e-01
  -1.75214813e-10 -1.83669770e-15  8.52944060e-16  2.29423303e-05
  -2.04721003e-06 -1.59792834e-08  9.98214034e-10]
 [ 0.00000000e+00  6.27937040e+00  4.50931369e+00 -3.72370557e+00
  -1.75214813e-10 -1.83669770e-15  8.52944060e-16  2.29423303e-05
  -2.04721003e-06 -1.59792834e-08  9.98214034e-10]
 [ 1.15675626e+00  6.27937040e+00 -8.13918614e+00 -7.86082958e-01
  -1.75214813e-10 -1.83669770e-15 -8.03033804e+00  2.29423303e-05
  -2.04721003e-06 -1.59792834e-08  9.98214034e-10]
 [-2.33617593e+00  6.27937040e+00  4.50931369e+00 -7.86082958e-01
  -1.75214813e-10 -1.83669770e-15  8.52944060e-16  2.29423303e-05
  -2.04721003e-06 -1.59792834e-08  9.98214034e-10]
 [ 0.00000000e+00  6.27937040e+00  4.50931369e+00 -3.72370557e+00
  -1.75214813e-10 -1.83669770e-15  8.52944060e-16  2.29423303e-05
  -2.04721003e-06 -1.59792834e-08  9.98214034e-10]
 [-2.33617593e+00  6.27937040e+00  4.50931369e+00 -7.86082958e-01
  -1.75214813e-10 -1.83669770e-15  8.52944060e-16  2.29423303e-05
  -2.04721003e-06 -1.59792834e-08  9.98214034e-10]]
Train validation errors
[[14419703891.673935, 345724478303.13367], [36643866303.08591, 308769359566.24585], [80299670007.32274, 658455439403.7795], [14419573488.588455, 345725444914.6972], [14670596104.554321, 350627975890.82245], [20769096086.909023, 437240558124.3395], [1.0894953135171543e+34, 2.0611893459806917e+34], [2.053252918502973e+32, 3.884498618371646e+32], [36643866303.08591, 308769359566.24585], [14670596104.554321, 350627975890.82245]]
Selected parents:
[[ 1.15675626e+00  6.27937040e+00 -8.13918614e+00 -7.86082958e-01
  -1.75214813e-10 -1.83669770e-15  8.52944060e-16  2.29423303e-05
  -2.04721003e-06 -1.59792834e-08  9.98214034e-10]
 [ 0.00000000e+00  6.27937040e+00  4.50931369e+00 -3.72370557e+00
  -1.75214813e-10 -1.83669770e-15  8.52944060e-16  2.29423303e-05
  -2.04721003e-06 -1.59792834e-08  9.98214034e-10]
 [ 1.15675626e+00  6.27937040e+00 -8.13918614e+00 -7.86082958e-01
  -1.75214813e-10 -1.83669770e-15 -8.03033804e+00  2.29423303e-05
  -2.04721003e-06 -1.59792834e-08  9.98214034e-10]
 [-2.33617593e+00  6.27937040e+00  4.50931369e+00 -7.86082958e-01
  -1.75214813e-10 -1.83669770e-15  8.52944060e-16  2.29423303e-05
  -2.04721003e-06 -1.59792834e-08  9.98214034e-10]
 [ 0.00000000e+00  6.27937040e+00  4.50931369e+00 -3.72370557e+00
  -1.75214813e-10 -1.83669770e-15  8.52944060e-16  2.29423303e-05
  -2.04721003e-06 -1.59792834e-08  9.98214034e-10]
 [-2.33617593e+00  6.27937040e+00  4.50931369e+00 -7.86082958e-01
  -1.75214813e-10 -1.83669770e-15  8.52944060e-16  2.29423303e-05
  -2.04721003e-06 -1.59792834e-08  9.98214034e-10]]Population:
[[ 0.00000000e+00  6.27937040e+00  4.50931369e+00 -3.72370557e+00
  -1.75214813e-10 -1.83669770e-15  8.52944060e-16  2.29423303e-05
  -2.04721003e-06 -1.59792834e-08  9.98214034e-10]
 [ 0.00000000e+00  6.27937040e+00  4.50931369e+00 -3.72370557e+00
  -1.75214813e-10 -1.83669770e-15  8.52944060e-16  2.29423303e-05
  -2.04721003e-06 -1.59792834e-08  9.98214034e-10]
 [-2.33617593e+00  6.27937040e+00  4.50931369e+00 -7.86082958e-01
  -1.75214813e-10 -1.83669770e-15  8.52944060e-16  2.29423303e-05
  -2.04721003e-06 -1.59792834e-08  9.98214034e-10]
 [ 1.15675626e+00  6.27937040e+00 -8.13918614e+00 -7.86082958e-01
  -1.75214813e-10 -1.83669770e-15  8.52944060e-16  2.29423303e-05
  -2.04721003e-06 -1.59792834e-08  9.98214034e-10]
 [ 0.00000000e+00  6.27937040e+00  4.50931369e+00 -3.72370557e+00
  -1.75214813e-10 -1.83669770e-15  8.52944060e-16  2.29423303e-05
  -2.04721003e-06 -1.59792834e-08  9.98214034e-10]
 [ 0.00000000e+00  6.27937040e+00  7.55829596e+00 -3.72370557e+00
  -1.75214813e-10 -1.83669770e-15 -7.58848480e+00  2.29423303e-05
  -2.04721003e-06 -1.59792834e-08  9.98214034e-10]]
Train validation errors
[[36643866303.08591, 308769359566.24585], [36643866303.08591, 308769359566.24585], [21149261849.828682, 438818988579.71606], [14670596104.554321, 350627975890.82245], [14670596104.554321, 350627975890.82245], [5.04821538564378e+27, 9.812755420799722e+27], [14419703891.673935, 345724478303.13367], [36643866303.08591, 308769359566.24585], [2.4189652405519163e+24, 4.7272838551026036e+24], [36406405422.26734, 308835770810.1388]]
Selected parents:
[[ 0.00000000e+00  6.27937040e+00  4.50931369e+00 -3.72370557e+00
  -1.75214813e-10 -1.83669770e-15  8.52944060e-16  2.29423303e-05
  -2.04721003e-06 -1.59792834e-08  9.98214034e-10]
 [ 0.00000000e+00  6.27937040e+00  4.50931369e+00 -3.72370557e+00
  -1.75214813e-10 -1.83669770e-15  8.52944060e-16  2.29423303e-05
  -2.04721003e-06 -1.59792834e-08  9.98214034e-10]
 [-2.33617593e+00  6.27937040e+00  4.50931369e+00 -7.86082958e-01
  -1.75214813e-10 -1.83669770e-15  8.52944060e-16  2.29423303e-05
  -2.04721003e-06 -1.59792834e-08  9.98214034e-10]
 [ 1.15675626e+00  6.27937040e+00 -8.13918614e+00 -7.86082958e-01
  -1.75214813e-10 -1.83669770e-15  8.52944060e-16  2.29423303e-05
  -2.04721003e-06 -1.59792834e-08  9.98214034e-10]
 [ 0.00000000e+00  6.27937040e+00  4.50931369e+00 -3.72370557e+00
  -1.75214813e-10 -1.83669770e-15  8.52944060e-16  2.29423303e-05
  -2.04721003e-06 -1.59792834e-08  9.98214034e-10]
 [ 0.00000000e+00  6.27937040e+00  7.55829596e+00 -3.72370557e+00
  -1.75214813e-10 -1.83669770e-15 -7.58848480e+00  2.29423303e-05
  -2.04721003e-06 -1.59792834e-08  9.98214034e-10]]Population:
[[ 0.00000000e+00  6.27937040e+00  4.50931369e+00 -3.72370557e+00
  -1.75214813e-10 -1.83669770e-15  8.52944060e-16  2.29423303e-05
  -2.04721003e-06 -1.59792834e-08  9.98214034e-10]
 [ 0.00000000e+00  6.27937040e+00  4.50931369e+00 -3.72370557e+00
  -1.75214813e-10 -1.83669770e-15  8.52944060e-16  2.29423303e-05
  -2.04721003e-06 -1.59792834e-08  9.98214034e-10]
 [ 8.70036900e-03  6.27937040e+00  4.50931369e+00  1.90471299e+00
  -1.75214813e-10 -1.83669770e-15  8.52944060e-16  2.29423303e-05
  -2.04721003e-06 -1.59792834e-08  9.98214034e-10]
 [ 0.00000000e+00  6.27937040e+00  7.55829596e+00 -3.72370557e+00
  -1.75214813e-10 -1.83669770e-15 -7.58848480e+00  2.29423303e-05
  -2.04721003e-06 -1.59792834e-08  9.98214034e-10]
 [ 1.15675626e+00  6.27937040e+00 -8.13918614e+00 -7.86082958e-01
  -1.75214813e-10 -1.83669770e-15  8.52944060e-16  2.29423303e-05
  -2.04721003e-06 -1.59792834e-08  9.98214034e-10]
 [ 0.00000000e+00  6.27937040e+00  4.50931369e+00 -3.72370557e+00
  -1.75214813e-10 -1.83669770e-15  8.52944060e-16  2.29423303e-05
  -2.04721003e-06 -1.59792834e-08  9.98214034e-10]]
Train validation errors
[[36643866303.08591, 308769359566.24585], [36643866303.08591, 308769359566.24585], [6.1754425050685e+32, 1.1683167554746372e+33], [1.1633606820860083e+31, 2.230257717595969e+31], [8.87827248578754e+26, 1.7212905131472833e+27], [20289318498.850468, 434450527089.5075], [1.518364898386859e+43, 1.5450979572581232e+43], [36406405422.26734, 308835770810.1388], [14419703891.673935, 345724478303.13367], [36643866303.08591, 308769359566.24585]]
Selected parents:
[[ 0.00000000e+00  6.27937040e+00  4.50931369e+00 -3.72370557e+00
  -1.75214813e-10 -1.83669770e-15  8.52944060e-16  2.29423303e-05
  -2.04721003e-06 -1.59792834e-08  9.98214034e-10]
 [ 0.00000000e+00  6.27937040e+00  4.50931369e+00 -3.72370557e+00
  -1.75214813e-10 -1.83669770e-15  8.52944060e-16  2.29423303e-05
  -2.04721003e-06 -1.59792834e-08  9.98214034e-10]
 [ 8.70036900e-03  6.27937040e+00  4.50931369e+00  1.90471299e+00
  -1.75214813e-10 -1.83669770e-15  8.52944060e-16  2.29423303e-05
  -2.04721003e-06 -1.59792834e-08  9.98214034e-10]
 [ 0.00000000e+00  6.27937040e+00  7.55829596e+00 -3.72370557e+00
  -1.75214813e-10 -1.83669770e-15 -7.58848480e+00  2.29423303e-05
  -2.04721003e-06 -1.59792834e-08  9.98214034e-10]
 [ 1.15675626e+00  6.27937040e+00 -8.13918614e+00 -7.86082958e-01
  -1.75214813e-10 -1.83669770e-15  8.52944060e-16  2.29423303e-05
  -2.04721003e-06 -1.59792834e-08  9.98214034e-10]
 [ 0.00000000e+00  6.27937040e+00  4.50931369e+00 -3.72370557e+00
  -1.75214813e-10 -1.83669770e-15  8.52944060e-16  2.29423303e-05
  -2.04721003e-06 -1.59792834e-08  9.98214034e-10]]Population:
[[ 0.00000000e+00  6.27937040e+00  4.50931369e+00 -3.72370557e+00
  -1.75214813e-10 -1.83669770e-15  8.52944060e-16  2.29423303e-05
  -2.04721003e-06 -1.59792834e-08  9.98214034e-10]
 [ 0.00000000e+00  6.27937040e+00  4.50931369e+00 -3.72370557e+00
  -1.75214813e-10 -1.83669770e-15  8.52944060e-16  2.29423303e-05
  -2.04721003e-06 -1.59792834e-08  9.98214034e-10]
 [ 1.15675626e+00  6.27937040e+00 -8.13918614e+00 -7.86082958e-01
  -1.75214813e-10 -1.83669770e-15  8.52944060e-16  2.29423303e-05
  -2.04721003e-06 -1.59792834e-08  9.98214034e-10]
 [ 0.00000000e+00  6.27937040e+00  7.55829596e+00 -3.72370557e+00
  -1.75214813e-10 -1.83669770e-15 -7.58848480e+00  2.29423303e-05
  -2.04721003e-06 -1.59792834e-08  9.98214034e-10]
 [ 1.15675626e+00 -1.01521951e-01 -8.13918614e+00 -8.09349783e+00
  -1.75214813e-10 -1.83669770e-15  8.52944060e-16  2.29423303e-05
  -2.04721003e-06 -1.59792834e-08  9.98214034e-10]
 [ 0.00000000e+00  6.27937040e+00  4.50931369e+00 -3.72370557e+00
  -1.75214813e-10 -1.83669770e-15  8.52944060e-16  2.29423303e-05
  -2.04721003e-06 -1.59792834e-08  9.98214034e-10]]
Train validation errors
[[36643866303.08591, 308769359566.24585], [36643866303.08591, 308769359566.24585], [258722328898405.2, 479115169531424.5], [14419703891.673935, 345724478303.13367], [1.572259280148569e+32, 2.9540820972208037e+32], [2.5537351741093535e+41, 2.598707793407818e+41], [3.346815585272374e+33, 6.331754852045675e+33], [36406405422.26734, 308835770810.1388], [127028115235.80864, 349878784356.57434], [36643866303.08591, 308769359566.24585]]
Selected parents:
[[ 0.00000000e+00  6.27937040e+00  4.50931369e+00 -3.72370557e+00
  -1.75214813e-10 -1.83669770e-15  8.52944060e-16  2.29423303e-05
  -2.04721003e-06 -1.59792834e-08  9.98214034e-10]
 [ 0.00000000e+00  6.27937040e+00  4.50931369e+00 -3.72370557e+00
  -1.75214813e-10 -1.83669770e-15  8.52944060e-16  2.29423303e-05
  -2.04721003e-06 -1.59792834e-08  9.98214034e-10]
 [ 1.15675626e+00  6.27937040e+00 -8.13918614e+00 -7.86082958e-01
  -1.75214813e-10 -1.83669770e-15  8.52944060e-16  2.29423303e-05
  -2.04721003e-06 -1.59792834e-08  9.98214034e-10]
 [ 0.00000000e+00  6.27937040e+00  7.55829596e+00 -3.72370557e+00
  -1.75214813e-10 -1.83669770e-15 -7.58848480e+00  2.29423303e-05
  -2.04721003e-06 -1.59792834e-08  9.98214034e-10]
 [ 1.15675626e+00 -1.01521951e-01 -8.13918614e+00 -8.09349783e+00
  -1.75214813e-10 -1.83669770e-15  8.52944060e-16  2.29423303e-05
  -2.04721003e-06 -1.59792834e-08  9.98214034e-10]
 [ 0.00000000e+00  6.27937040e+00  4.50931369e+00 -3.72370557e+00
  -1.75214813e-10 -1.83669770e-15  8.52944060e-16  2.29423303e-05
  -2.04721003e-06 -1.59792834e-08  9.98214034e-10]]Best offspring gen errors:
[[1.33094625e+10 3.66141689e+11]
 [1.46706797e+10 3.50628275e+11]
 [1.46706797e+10 3.50628275e+11]
 [1.46705961e+10 3.50627976e+11]
 [1.41911359e+10 3.47008662e+11]
 [3.66438663e+10 3.08769360e+11]
 [3.66438663e+10 3.08769360e+11]
 [3.66438663e+10 3.08769360e+11]
 [3.66438663e+10 3.08769360e+11]
 [3.66438663e+10 3.08769360e+11]]