Run 2 is continued, we started with the final parameters of previous run i.e. run2 and simulated 10 more generations
10
No of generations: 10
Population size: 16
Mutation coefficient: 0.15
Split point: 7
One offspring per pair
Population:
[[-8.74485669e+00  0.00000000e+00 -8.74485669e+00  7.96446856e-01
  -8.74485669e+00 -8.74485669e+00 -1.10994391e+00 -8.74485669e+00
  -8.74485669e+00  0.00000000e+00  0.00000000e+00 -8.74485669e+00
   0.00000000e+00  3.72710770e+00 -9.34979928e+00 -8.74485669e+00]
 [ 6.43546951e+00 -1.45799022e-12  6.43546951e+00  7.19284530e+00
   6.43546951e+00  6.43546951e+00  6.43546951e+00  6.43546951e+00
   6.43546951e+00 -1.87737040e+00 -1.87737040e+00  6.43546951e+00
  -1.31360654e+00  6.43546951e+00  6.43546951e+00  4.20398976e-01]
 [-2.28980078e-13  1.65903643e+00 -2.28980078e-13 -2.28980078e-13
  -2.28980078e-13 -2.28980078e-13 -2.28980078e-13 -1.20086910e+00
  -2.28980078e-13  8.37536002e+00 -2.28980078e-13 -2.28980078e-13
  -2.28980078e-13 -2.28980078e-13 -4.41623517e-01 -2.28980078e-13]
 [ 4.62010753e-11 -1.97913049e+00  5.03431610e+00  4.62010753e-11
   4.62010753e-11  4.62010753e-11  4.62010753e-11  5.03431610e+00
   5.03431610e+00  3.57243504e+00  2.72187430e+00  4.62010753e-11
   2.72187430e+00  4.62010753e-11  4.62010753e-11  5.03431610e+00]
 [-9.48942868e+00  6.90749189e+00  1.89517598e+00 -6.59293712e-01
  -9.48942868e+00 -9.48942868e+00 -6.59293712e-01 -9.48942868e+00
  -9.48942868e+00 -3.41089158e+00 -3.41089158e+00 -9.48942868e+00
   5.41817744e+00 -9.48942868e+00 -9.48942868e+00 -3.21893316e+00]
 [-1.83669770e-15 -1.83669770e-15 -1.83669770e-15 -1.83669770e-15
  -1.83669770e-15 -1.83669770e-15 -1.83669770e-15 -1.83669770e-15
  -1.83669770e-15 -1.83669770e-15 -1.83669770e-15 -1.83669770e-15
   8.69723769e+00 -1.83669770e-15 -1.83669770e-15 -1.83669770e-15]
 [ 8.52944060e-16 -6.95116719e+00  8.52944060e-16  8.52944060e-16
   8.52944060e-16  8.52944060e-16  8.52944060e-16  8.52944060e-16
   8.52944060e-16  8.52944060e-16  8.52944060e-16  8.52944060e-16
   8.52944060e-16  8.52944060e-16  8.52944060e-16  8.52944060e-16]
 [ 2.61048895e+00  1.23742048e+00 -5.37404296e+00 -3.56096867e+00
   1.23742048e+00  2.61048895e+00  9.28021666e+00 -9.82741237e+00
   2.25207427e+00 -7.23742176e+00  1.23742048e+00  2.25207427e+00
   1.23742048e+00  2.25207427e+00 -3.56096867e+00  2.25207427e+00]
 [-9.47631474e+00 -8.88877955e+00  9.85322352e+00 -8.88877955e+00
  -8.88877955e+00 -9.47631474e+00 -9.47631474e+00  9.85322352e+00
  -8.88877955e+00 -9.47631474e+00 -8.88877955e+00 -8.88877955e+00
  -8.88877955e+00 -8.88877955e+00 -8.88877955e+00 -8.88877955e+00]
 [ 6.77679837e-01 -3.93130746e+00 -3.48986696e+00 -3.93130746e+00
  -3.93130746e+00  6.77679837e-01  6.77679837e-01 -3.48986696e+00
   8.63071069e+00  6.77679837e-01 -3.93130746e+00 -8.26738089e+00
  -3.93130746e+00 -8.26738089e+00  1.31833356e+00 -8.26738089e+00]
 [ 9.77068802e-01  2.31606693e-01  9.77068802e-01  3.77470561e+00
   2.31606693e-01  9.77068802e-01  9.77068802e-01  9.77068802e-01
  -3.88193090e+00  9.77068802e-01  2.31606693e-01  2.31606693e-01
   2.31606693e-01  2.31606693e-01  3.77470561e+00  2.31606693e-01]]
Train validation errors
[[4.41922777171493e+32, 8.365414213155005e+32], [1.0083102724021009e+31, 1.8375015851050402e+31], [3.763908024711809e+32, 7.092788909961642e+32], [6.184097209492195e+33, 1.1686556420908542e+34], [1.0083102545889002e+31, 1.837501551910164e+31], [4.41922777171493e+32, 8.365414213155005e+32], [4.419737454382429e+32, 8.36642652680498e+32], [3.763595596621977e+32, 7.09216674498893e+32], [6.250633000837788e+33, 1.1797267621380193e+34], [4.418475292505721e+32, 8.363919663373764e+32], [1.0083102612573897e+31, 1.8375015643619846e+31], [2.133666458744304e+30, 2.758437131652663e+30], [2.7731850621669734e+43, 2.822012156430621e+43], [2.13366645874432e+30, 2.75843713165268e+30], [6.545113051936582e+33, 1.2386477710427207e+34], [2.1336664899899122e+30, 2.7584371800859187e+30]]
Population:
[[-8.74485669e+00 -8.74485669e+00 -8.74485669e+00 -8.74485669e+00
  -8.74485669e+00 -8.74485669e+00  3.72710770e+00  0.00000000e+00
   0.00000000e+00  0.00000000e+00 -8.74485669e+00  0.00000000e+00
  -8.74485669e+00 -8.74485669e+00 -8.74485669e+00  3.72710770e+00]
 [ 6.43546951e+00  6.43546951e+00  6.43546951e+00  6.43546951e+00
   4.20398976e-01  6.43546951e+00  6.43546951e+00 -1.45799022e-12
  -1.87737040e+00 -1.87737040e+00  6.43546951e+00 -1.45799022e-12
   6.43546951e+00  6.43546951e+00  4.20398976e-01  6.43546951e+00]
 [-2.28980078e-13 -9.08053139e-01 -2.28980078e-13 -2.28980078e-13
   8.71572476e+00 -2.28980078e-13 -2.28980078e-13  1.65903643e+00
  -2.28980078e-13  8.37536002e+00 -1.20086910e+00  1.65903643e+00
  -2.28980078e-13 -8.80105809e+00 -2.28980078e-13 -2.28980078e-13]
 [ 4.62010753e-11  5.03431610e+00  4.62010753e-11  4.62010753e-11
   5.03431610e+00  5.03431610e+00  4.62010753e-11 -1.97913049e+00
   2.72187430e+00  9.17054482e+00  5.03431610e+00 -1.97913049e+00
   5.03431610e+00  4.62010753e-11  5.03431610e+00  4.62010753e-11]
 [-9.04037159e-01 -9.48942868e+00 -9.48942868e+00 -9.48942868e+00
  -3.21893316e+00  1.89517598e+00 -9.48942868e+00  6.90749189e+00
  -1.84104154e+00  4.78748537e+00 -9.48942868e+00  6.90749189e+00
  -9.48942868e+00 -9.48942868e+00 -3.21893316e+00 -9.48942868e+00]
 [-1.83669770e-15 -1.83669770e-15 -1.83669770e-15 -1.83669770e-15
  -1.83669770e-15 -1.83669770e-15 -1.83669770e-15 -1.83669770e-15
  -1.83669770e-15 -1.83669770e-15 -1.83669770e-15 -1.83669770e-15
  -1.83669770e-15 -1.83669770e-15 -1.83669770e-15 -1.83669770e-15]
 [ 8.52944060e-16  8.52944060e-16  8.52944060e-16  8.52944060e-16
   8.52944060e-16  8.52944060e-16  8.52944060e-16 -6.95116719e+00
   8.52944060e-16  8.52944060e-16  8.52944060e-16 -6.95116719e+00
   8.52944060e-16  8.52944060e-16  8.52944060e-16  8.52944060e-16]
 [-4.13295459e+00  1.23742048e+00  2.61048895e+00  2.61048895e+00
  -5.37404296e+00  2.25207427e+00  1.23742048e+00  2.25207427e+00
  -7.23742176e+00  1.23742048e+00  1.23742048e+00 -9.82741237e+00
   2.25207427e+00  2.25207427e+00  2.25207427e+00  2.25207427e+00]
 [-9.41982108e+00 -8.88877955e+00 -9.47631474e+00 -4.93960254e+00
   9.85322352e+00 -8.88877955e+00 -8.88877955e+00 -1.89146197e+00
  -9.47631474e+00 -8.88877955e+00 -8.88877955e+00 -5.44731870e+00
  -8.88877955e+00  6.55703636e+00 -8.88877955e+00 -8.88877955e+00]
 [-3.48986696e+00 -3.93130746e+00  1.61295402e+00  6.77679837e-01
  -3.48986696e+00 -3.43492213e+00 -3.93130746e+00 -8.26738089e+00
   6.77679837e-01 -3.93130746e+00 -3.93130746e+00 -3.48986696e+00
  -8.26738089e+00  8.63071069e+00 -8.26738089e+00 -8.26738089e+00]
 [ 9.77068802e-01  9.74083334e+00  9.77068802e-01  9.77068802e-01
   9.77068802e-01  2.31606693e-01  2.31606693e-01  2.31606693e-01
  -5.98038068e+00  2.31606693e-01  2.31606693e-01  9.77068802e-01
   2.31606693e-01 -3.88193090e+00  2.31606693e-01  2.31606693e-01]]
Train validation errors
[[3.696557331875101e+32, 6.964043315772052e+32], [4.232852961670478e+34, 8.004666876543314e+34], [4.590551889401244e+32, 8.697428600539613e+32], [4.436510365490699e+32, 8.398561903743731e+32], [3.763908021371497e+32, 7.092788903478136e+32], [1.1457039698892798e+31, 2.1052229279109353e+31], [1.0083102545889029e+31, 1.8375015519101693e+31], [2.3050011748095548e+30, 3.0554182809461266e+30], [1.6179348116622044e+34, 3.060640881927349e+34], [1.0083102703081058e+31, 1.8375015812818895e+31], [1.0083102546833944e+31, 1.8375015521228696e+31], [3.7100105639212536e+32, 6.989728689462589e+32], [2.1336664590086947e+30, 2.758437132446074e+30], [6.22853321215515e+33, 1.1754972717159004e+34], [2.1336664899899122e+30, 2.7584371800859187e+30], [2.13366645874432e+30, 2.75843713165268e+30]]
Population:
[[-8.74485669e+00 -8.74485669e+00  0.00000000e+00 -8.74485669e+00
   3.72710770e+00 -8.74485669e+00 -8.74485669e+00  3.72710770e+00
  -8.74485669e+00 -8.74485669e+00 -8.74485669e+00  3.72710770e+00
  -8.74485669e+00  0.00000000e+00 -8.74485669e+00  0.00000000e+00]
 [ 6.43546951e+00  4.20398976e-01 -1.45799022e-12  6.43546951e+00
   6.43546951e+00  6.43546951e+00  4.20398976e-01  6.43546951e+00
   4.20398976e-01  6.43546951e+00  4.20398976e-01  6.43546951e+00
   4.20398976e-01 -1.45799022e-12  6.43546951e+00  1.59038897e-01]
 [-2.28980078e-13  9.64095762e+00  4.54479095e+00 -8.10773746e+00
  -2.28980078e-13 -1.20086910e+00 -2.28980078e-13 -2.28980078e-13
  -2.28980078e-13 -1.20086910e+00 -2.28980078e-13 -2.28980078e-13
   8.71572476e+00  1.65903643e+00 -2.28980078e-13  8.37536002e+00]
 [ 5.03431610e+00  5.03431610e+00 -1.97913049e+00 -3.81795443e+00
   4.62010753e-11  5.03431610e+00  4.08329641e-01  8.39094467e+00
  -4.42920852e+00  5.03431610e+00  5.03431610e+00  4.62010753e-11
   5.03431610e+00 -1.97913049e+00  4.62010753e-11  9.17054482e+00]
 [ 1.89517598e+00 -3.21893316e+00  6.90749189e+00 -9.04037159e-01
  -9.48942868e+00 -9.48942868e+00 -3.21893316e+00 -9.48942868e+00
  -3.21893316e+00  5.26445302e+00 -3.21893316e+00 -9.48942868e+00
  -3.21893316e+00  6.90749189e+00 -9.04037159e-01  4.78748537e+00]
 [-1.83669770e-15 -1.83669770e-15 -1.83669770e-15 -9.45581404e-01
  -1.83669770e-15 -1.83669770e-15 -1.83669770e-15 -1.83669770e-15
  -1.83669770e-15 -1.83669770e-15 -1.83669770e-15 -1.83669770e-15
  -1.83669770e-15 -1.83669770e-15 -1.83669770e-15 -1.83669770e-15]
 [ 8.52944060e-16  8.52944060e-16 -3.47167904e+00  8.52944060e-16
   8.52944060e-16  2.76965895e+00 -9.26342301e+00  8.52944060e-16
   8.52944060e-16  8.52944060e-16  8.52944060e-16  8.52944060e-16
   8.52944060e-16 -6.95116719e+00  8.52944060e-16  8.52944060e-16]
 [ 2.25207427e+00  2.25207427e+00 -4.13295459e+00  2.25207427e+00
   1.23742048e+00  2.25207427e+00  2.25207427e+00  2.25207427e+00
   1.23742048e+00  2.25207427e+00  2.25207427e+00  2.25207427e+00
   2.25207427e+00 -5.37404296e+00  1.23742048e+00 -4.13295459e+00]
 [-8.88877955e+00 -8.88877955e+00 -9.41982108e+00 -1.89146197e+00
  -8.88877955e+00 -8.88877955e+00 -8.88877955e+00 -8.88877955e+00
  -8.88877955e+00 -8.88877955e+00 -8.88877955e+00  7.22080554e+00
  -1.89146197e+00  9.85322352e+00 -8.88877955e+00 -9.41982108e+00]
 [-8.26738089e+00 -3.43492213e+00 -3.48986696e+00 -8.26738089e+00
  -3.93130746e+00 -8.26738089e+00 -8.26738089e+00 -8.26738089e+00
  -3.93130746e+00 -8.26738089e+00 -8.26738089e+00 -8.26738089e+00
  -8.26738089e+00 -3.48986696e+00 -3.93130746e+00 -3.48986696e+00]
 [ 2.31606693e-01  2.31606693e-01 -2.86805270e+00  2.31606693e-01
  -5.60781302e+00  2.31606693e-01  2.31606693e-01  2.31606693e-01
   2.31606693e-01  2.31606693e-01  2.31606693e-01  1.24729569e+00
   2.31606693e-01  9.77068802e-01  2.31606693e-01  9.77068802e-01]]
Train validation errors
[[2.1336665152578122e+30, 2.758437218940906e+30], [1.145703963978572e+31, 2.1052229167968103e+31], [3.930159720632759e+33, 7.444327408574541e+33], [3.2780206356162872e+41, 3.3357306313804653e+41], [1.4699582686737121e+34, 2.7829300768269786e+34], [2.1336664590057978e+30, 2.7584371324421434e+30], [2.133666489746969e+30, 2.758437179356866e+30], [2.133666459184992e+30, 2.7584371329750983e+30], [1.0083102613313103e+31, 1.8375015644479434e+31], [2.1336665319018596e+30, 2.758437244535147e+30], [2.1336664899899122e+30, 2.7584371800859187e+30], [5.32843831593454e+32, 9.995922798099857e+32], [2.3050011229626534e+30, 3.0554182008397325e+30], [3.7639080279018565e+32, 7.092788916135157e+32], [1.0083102639350232e+31, 1.8375015693342186e+31], [3.696557335675529e+32, 6.964043323171594e+32]]
Population:
[[-8.74485669e+00  3.72710770e+00 -8.74485669e+00  0.00000000e+00
  -8.74485669e+00 -3.71574344e+00 -8.74485669e+00 -8.74485669e+00
  -8.74485669e+00 -8.74485669e+00 -8.74485669e+00 -8.74485669e+00
  -8.74485669e+00 -8.74485669e+00  5.42932981e+00 -8.74485669e+00]
 [ 4.20398976e-01  6.05950888e+00  6.43546951e+00 -5.51675170e+00
   6.43546951e+00  6.43546951e+00  4.20398976e-01  4.20398976e-01
   4.20398976e-01  6.43546951e+00  6.43546951e+00  3.28771602e+00
   6.43546951e+00  6.43546951e+00  1.59038897e-01  4.20398976e-01]
 [ 8.71572476e+00 -2.28980078e-13 -1.20086910e+00  8.37536002e+00
  -1.20086910e+00  4.09939009e+00 -2.28980078e-13  9.64095762e+00
   6.91113740e+00 -1.20086910e+00 -8.10773746e+00  9.64095762e+00
  -2.28980078e-13 -1.20086910e+00  8.37536002e+00 -2.28980078e-13]
 [ 5.03431610e+00  8.39094467e+00  5.03431610e+00  9.17054482e+00
   5.03431610e+00  5.03431610e+00  4.08329641e-01  5.03431610e+00
   5.03431610e+00  5.03431610e+00 -3.81795443e+00  5.03431610e+00
   4.62010753e-11  5.03431610e+00  9.17054482e+00  5.03431610e+00]
 [-3.21893316e+00 -9.48942868e+00 -9.48942868e+00  4.78748537e+00
  -9.48942868e+00  1.89517598e+00 -3.21893316e+00 -3.21893316e+00
  -3.21893316e+00  5.26445302e+00 -9.04037159e-01 -3.21893316e+00
  -7.68718130e+00 -9.48942868e+00  4.78748537e+00 -3.21893316e+00]
 [-1.83669770e-15 -1.83669770e-15 -1.83669770e-15 -1.83669770e-15
  -1.83669770e-15 -1.83669770e-15 -1.83669770e-15 -1.83669770e-15
  -1.83669770e-15 -1.83669770e-15 -9.45581404e-01 -1.83669770e-15
  -1.83669770e-15 -1.83669770e-15 -1.83669770e-15 -1.83669770e-15]
 [ 8.52944060e-16  8.52944060e-16  2.76965895e+00  8.52944060e-16
   2.76965895e+00  8.52944060e-16 -9.26342301e+00  7.62782303e+00
   8.52944060e-16  8.52944060e-16  8.52944060e-16  8.52944060e-16
   3.98864643e+00  2.76965895e+00  8.52944060e-16  8.52944060e-16]
 [ 5.04576082e+00  2.25207427e+00  6.96019583e+00  2.25207427e+00
   2.25207427e+00  1.03044346e+00  2.25207427e+00  2.25207427e+00
   2.25207427e+00  2.25207427e+00  2.25207427e+00  2.25207427e+00
   2.25207427e+00  1.23742048e+00  2.25207427e+00 -4.13295459e+00]
 [-8.88877955e+00 -1.89146197e+00 -9.41982108e+00 -8.88877955e+00
  -8.88877955e+00 -8.88877955e+00 -8.88877955e+00 -8.88877955e+00
  -8.88877955e+00 -8.88877955e+00 -7.33067251e+00 -1.89146197e+00
  -8.88877955e+00 -8.88877955e+00 -8.88877955e+00 -9.41982108e+00]
 [-8.26738089e+00 -8.26738089e+00  3.52713305e+00 -8.26738089e+00
  -8.26738089e+00 -8.26738089e+00 -3.43492213e+00 -8.26738089e+00
  -8.26738089e+00 -3.43492213e+00 -3.43492213e+00  6.74425518e+00
  -8.26738089e+00 -3.93130746e+00 -8.26738089e+00 -3.48986696e+00]
 [ 2.31606693e-01  2.31606693e-01  9.77068802e-01  2.31606693e-01
   2.31606693e-01  2.31606693e-01 -9.93553510e+00  7.53320276e-02
   2.31606693e-01  2.31606693e-01  2.31606693e-01  2.31606693e-01
   2.31606693e-01  2.31606693e-01  2.31606693e-01  9.77068802e-01]]
Train validation errors
[[2.1347782078325407e+30, 2.7608257122289246e+30], [2.305001090769451e+30, 3.0554181510268374e+30], [4.952292389083037e+32, 9.398249913760686e+32], [2.133666529785424e+30, 2.7584372415937794e+30], [2.1336664590057978e+30, 2.7584371324421434e+30], [2.1331805556059376e+30, 2.75739309777974e+30], [4.546408153702936e+34, 8.604262040430693e+34], [4.6318065237545576e+30, 8.607908620890691e+30], [2.1336664900065794e+30, 2.7584371801085324e+30], [1.1457039737860104e+31, 2.1052229352379843e+31], [3.2779993343533903e+41, 3.3357013383175474e+41], [6.155127109597013e+31, 1.1799737514053503e+32], [2.1336664676488568e+30, 2.7584371453452806e+30], [1.0083102546833941e+31, 1.837501552122869e+31], [2.1336665297855067e+30, 2.758437241594173e+30], [3.696557330437623e+32, 6.96404331299511e+32]]
Population:
[[-8.74485669e+00 -8.74485669e+00 -1.00887736e+00  5.42932981e+00
  -8.74485669e+00 -8.74485669e+00  0.00000000e+00 -3.71574344e+00
   3.72710770e+00 -8.74485669e+00 -8.74485669e+00 -8.74485669e+00
  -8.74485669e+00 -8.74485669e+00 -3.71574344e+00 -8.74485669e+00]
 [ 6.43546951e+00  4.20398976e-01 -5.82454554e+00  1.59038897e-01
   6.43546951e+00  4.20398976e-01  5.56594346e+00  6.43546951e+00
   6.05950888e+00  3.28771602e+00  6.43546951e+00  3.28771602e+00
   6.43546951e+00  4.20398976e-01  6.43546951e+00  1.31295706e+00]
 [-1.20086910e+00  8.71572476e+00 -2.28980078e-13  8.37536002e+00
  -1.20086910e+00  8.71572476e+00 -1.20066499e+00  4.09939009e+00
  -2.28980078e-13  9.64095762e+00 -1.20086910e+00  9.64095762e+00
  -2.28980078e-13  8.71572476e+00  4.09939009e+00 -2.28980078e-13]
 [ 5.03431610e+00  5.03431610e+00  8.39094467e+00  9.17054482e+00
   5.03431610e+00  5.03431610e+00  9.17054482e+00  5.03431610e+00
   8.39094467e+00  5.03431610e+00  5.03431610e+00  5.03431610e+00
   4.62010753e-11  5.03431610e+00 -9.27489708e+00  4.62010753e-11]
 [-9.48942868e+00 -3.21893316e+00 -7.20352633e+00  4.78748537e+00
   5.26445302e+00 -3.21893316e+00  4.78748537e+00  1.89517598e+00
  -9.48942868e+00 -3.21893316e+00 -9.48942868e+00 -3.21893316e+00
  -7.68718130e+00 -4.70502674e+00 -7.66872661e+00 -7.68718130e+00]
 [-1.83669770e-15 -1.83669770e-15 -1.83669770e-15 -1.83669770e-15
  -1.83669770e-15 -1.83669770e-15 -1.83669770e-15 -1.83669770e-15
  -1.83669770e-15 -1.83669770e-15 -1.83669770e-15 -1.83669770e-15
  -1.83669770e-15 -1.83669770e-15 -1.83669770e-15 -1.83669770e-15]
 [ 2.76965895e+00  8.52944060e-16 -6.23740458e+00  8.52944060e-16
   8.52944060e-16  8.52944060e-16  8.52944060e-16  8.52944060e-16
   8.52944060e-16  8.52944060e-16  7.70954667e+00  8.52944060e-16
   3.98864643e+00  8.52944060e-16  9.98307307e+00  3.98864643e+00]
 [ 5.04576082e+00  1.23742048e+00  9.19250170e+00  2.25207427e+00
   5.04576082e+00  2.25207427e+00  1.03044346e+00  2.25207427e+00
   2.25207427e+00  2.25207427e+00  2.25207427e+00  2.25207427e+00
   5.04576082e+00  2.25207427e+00  2.25207427e+00  1.03044346e+00]
 [-8.88877955e+00 -8.88877955e+00 -8.88877955e+00  8.78480955e+00
  -8.88877955e+00 -8.88877955e+00 -8.88877955e+00 -8.88877955e+00
  -1.89146197e+00 -1.89146197e+00 -1.89146197e+00 -8.88877955e+00
  -8.88877955e+00 -8.88877955e+00 -8.88877955e+00 -8.88877955e+00]
 [-8.26738089e+00 -3.93130746e+00 -8.26738089e+00 -8.26738089e+00
  -8.26738089e+00 -3.43492213e+00 -8.26738089e+00 -8.26738089e+00
   6.74425518e+00 -8.26738089e+00  6.74425518e+00 -8.26738089e+00
  -8.26738089e+00 -8.26738089e+00 -8.26738089e+00 -8.26738089e+00]
 [ 2.31606693e-01  2.31606693e-01  9.87330961e-01  2.31606693e-01
   2.31606693e-01  2.31606693e-01  2.31606693e-01  2.31606693e-01
   2.31606693e-01  2.31606693e-01  2.31606693e-01  2.31606693e-01
   2.31606693e-01  2.31606693e-01  2.31606693e-01  2.31606693e-01]]
Train validation errors
[[2.1347781768173427e+30, 2.760825664533839e+30], [1.0083102615143188e+31, 1.8375015648575638e+31], [3.0289165950016553e+32, 5.663275062166678e+32], [2.581999491837178e+30, 3.5387512248112234e+30], [2.1347782497370676e+30, 2.7608257766804326e+30], [1.145703963978092e+31, 2.105222916795926e+31], [2.1331805700986135e+30, 2.7573931203838837e+30], [2.1336665152677052e+30, 2.7584372189543265e+30], [6.1551270936200185e+31, 1.1799737481796134e+32], [2.3050011229650192e+30, 3.055418200843145e+30], [6.15512709344124e+31, 1.1799737481427075e+32], [2.133666490013201e+30, 2.75843718011766e+30], [2.1347781854630938e+30, 2.7608256774431374e+30], [2.1336664826684322e+30, 2.758437168823802e+30], [2.1336664672628344e+30, 2.758437144037178e+30], [2.1331805079938302e+30, 2.757393024185739e+30]]
Population:
[[-8.74485669e+00 -3.71574344e+00 -8.74485669e+00 -8.74485669e+00
  -3.71574344e+00 -8.74485669e+00 -8.74485669e+00 -3.71574344e+00
  -3.71574344e+00 -8.74485669e+00 -8.74485669e+00  0.00000000e+00
  -3.71574344e+00 -3.71574344e+00 -8.74485669e+00 -8.74485669e+00]
 [ 6.43546951e+00  6.43546951e+00  1.31295706e+00  6.43546951e+00
   6.43546951e+00  6.43546951e+00  1.31295706e+00  6.43546951e+00
   6.43546951e+00  2.41743363e+00  4.20398976e-01  5.56594346e+00
   6.43546951e+00  6.43546951e+00  4.20398976e-01  1.31295706e+00]
 [-1.20086910e+00  4.09939009e+00 -2.28980078e-13 -1.20086910e+00
   3.78139794e-01 -1.20086910e+00 -2.28980078e-13  4.09939009e+00
   4.09939009e+00  9.64095762e+00  8.71572476e+00 -1.20066499e+00
   1.45975894e+00  4.09939009e+00  8.71572476e+00 -3.13461051e-01]
 [ 5.03431610e+00  5.03431610e+00  4.62010753e-11  5.03431610e+00
  -9.27489708e+00  5.03431610e+00  4.62010753e-11 -9.27489708e+00
  -9.27489708e+00  5.03431610e+00  5.03431610e+00  9.17054482e+00
   5.03431610e+00 -9.27489708e+00  5.03431610e+00  4.62010753e-11]
 [ 5.26445302e+00  1.89517598e+00 -7.68718130e+00  5.26445302e+00
  -7.66872661e+00 -7.68701706e+00 -7.68718130e+00 -7.66872661e+00
   9.87700428e+00 -3.21893316e+00 -4.70502674e+00  4.78748537e+00
   1.04058643e+00 -7.66872661e+00 -3.21893316e+00 -7.68718130e+00]
 [-3.16641893e+00 -1.83669770e-15 -1.83669770e-15 -1.83669770e-15
  -1.83669770e-15 -1.83669770e-15 -1.83669770e-15 -1.83669770e-15
  -1.83669770e-15 -1.83669770e-15 -1.83669770e-15 -1.83669770e-15
  -1.83669770e-15 -1.83669770e-15 -1.83669770e-15 -1.83669770e-15]
 [ 8.52944060e-16  8.52944060e-16  3.98864643e+00  8.52944060e-16
   9.98307307e+00  2.76965895e+00  3.98864643e+00  9.98307307e+00
   6.76189861e+00  8.52944060e-16  8.52944060e-16  8.52944060e-16
   8.52944060e-16  9.98307307e+00  8.52944060e-16  3.98864643e+00]
 [ 2.25207427e+00  5.04576082e+00  5.04576082e+00  1.03044346e+00
  -5.73621156e+00  2.25207427e+00  2.25207427e+00  1.03044346e+00
   2.25207427e+00 -4.45586820e+00  1.03044346e+00  2.25207427e+00
   2.25207427e+00  2.25207427e+00  1.03044346e+00  2.25207427e+00]
 [-8.88877955e+00 -8.88877955e+00 -8.88877955e+00 -8.88877955e+00
  -8.88877955e+00 -8.88877955e+00 -8.88877955e+00 -8.88877955e+00
  -8.88877955e+00 -8.88877955e+00 -8.88877955e+00  2.04338565e+00
  -8.88877955e+00 -8.88877955e+00 -8.88877955e+00 -8.88877955e+00]
 [-8.26738089e+00 -8.26738089e+00 -8.26738089e+00 -8.26738089e+00
   5.26360036e+00 -8.26738089e+00 -8.26738089e+00 -8.26738089e+00
  -8.26738089e+00 -8.26738089e+00 -8.26738089e+00 -8.26738089e+00
  -8.26738089e+00 -8.26738089e+00 -8.26738089e+00 -3.43492213e+00]
 [ 2.31606693e-01  2.31606693e-01  2.31606693e-01  2.31606693e-01
  -1.20669609e+00  2.31606693e-01  2.31606693e-01  8.02874044e+00
   2.31606693e-01  2.31606693e-01  2.31606693e-01  2.31606693e-01
   2.31606693e-01  2.31606693e-01  2.31606693e-01  2.31606693e-01]]
Train validation errors
[[3.67580036087286e+42, 3.7405169021917565e+42], [2.134778233097513e+30, 2.760825751087383e+30], [2.134778185463025e+30, 2.760825677442788e+30], [2.133180572237731e+30, 2.757393123355213e+30], [5.533362637777528e+32, 1.0415957570576229e+33], [2.1336664679111628e+30, 2.7584371461360125e+30], [2.1336664676487887e+30, 2.758437145344933e+30], [2.802174251436262e+34, 5.2956313286318435e+34], [2.1336665539528803e+30, 2.758437277341331e+30], [2.130999413720246e+30, 2.752706508922862e+30], [2.1331805230112926e+30, 2.757393047659696e+30], [2.4049011579798406e+30, 3.2293085668488344e+30], [2.133666511038978e+30, 2.758437212452923e+30], [2.1336664672628344e+30, 2.758437144037178e+30], [2.13318053035275e+30, 2.757393058947971e+30], [1.145703958701898e+31, 2.1052229068396704e+31]]
Population:
[[-8.74485669e+00 -8.74485669e+00 -3.71574344e+00 -8.74485669e+00
  -8.74485669e+00 -8.74485669e+00 -8.74485669e+00 -8.74485669e+00
  -8.74485669e+00 -8.74485669e+00  0.00000000e+00 -8.74485669e+00
  -3.71574344e+00 -8.74485669e+00 -8.74485669e+00  0.00000000e+00]
 [ 6.43546951e+00  6.43546951e+00  6.43546951e+00  2.41743363e+00
   4.20398976e-01  6.43546951e+00  1.31295706e+00  4.20398976e-01
   6.43546951e+00  2.41743363e+00  5.56594346e+00  4.20398976e-01
   6.43546951e+00  4.20398976e-01  4.20398976e-01  5.56594346e+00]
 [-1.20086910e+00  9.20129722e+00  4.09939009e+00  9.64095762e+00
   8.71572476e+00 -1.87554497e+00 -2.28980078e-13  8.71572476e+00
  -1.20086910e+00 -5.63140104e+00 -1.20066499e+00  8.71572476e+00
   4.09939009e+00  8.71572476e+00  8.71572476e+00 -1.20066499e+00]
 [ 5.03431610e+00  5.03431610e+00 -2.17326536e+00  5.03431610e+00
   5.03431610e+00  5.03431610e+00  4.62010753e-11  5.03431610e+00
   5.03431610e+00  5.03431610e+00  9.17054482e+00  5.03431610e+00
   5.03431610e+00  5.03431610e+00 -8.57327435e+00  9.17054482e+00]
 [ 5.26445302e+00 -7.68701706e+00 -6.06822091e+00 -3.21893316e+00
  -3.21893316e+00 -7.68701706e+00 -7.68718130e+00 -4.70502674e+00
   5.26445302e+00 -3.21893316e+00  4.78748537e+00 -4.70502674e+00
   1.89517598e+00 -4.70502674e+00 -8.22836678e+00  4.78748537e+00]
 [-1.83669770e-15  5.98616227e+00 -1.83669770e-15 -1.83669770e-15
  -1.83669770e-15 -1.83669770e-15 -1.83669770e-15 -1.83669770e-15
  -1.83669770e-15 -1.83669770e-15 -1.83669770e-15 -1.83669770e-15
  -1.83669770e-15 -5.42372351e+00 -1.83669770e-15 -1.83669770e-15]
 [ 8.52944060e-16  2.76965895e+00  6.76189861e+00  3.42184543e+00
   8.52944060e-16  2.76965895e+00  3.98864643e+00  8.52944060e-16
   8.52944060e-16  8.52944060e-16  8.52944060e-16  8.52944060e-16
   8.52944060e-16  8.52944060e-16  8.52944060e-16  2.43570428e+00]
 [ 2.25207427e+00  1.03044346e+00 -4.45586820e+00  2.25207427e+00
   2.25207427e+00  1.03044346e+00  1.03044346e+00  5.04576082e+00
  -4.45586820e+00 -8.58867969e+00 -9.13226576e+00  2.25207427e+00
   1.03044346e+00  5.04576082e+00  2.25207427e+00  1.03044346e+00]
 [-8.88877955e+00 -8.88877955e+00 -8.88877955e+00 -8.88877955e+00
  -8.88877955e+00 -8.88877955e+00 -8.88877955e+00 -8.88877955e+00
  -8.88877955e+00 -8.88877955e+00 -8.88877955e+00  2.04338565e+00
  -8.88877955e+00 -8.88877955e+00  2.04338565e+00 -8.88877955e+00]
 [-8.26738089e+00 -8.26738089e+00  3.72543098e+00 -8.26738089e+00
  -8.26738089e+00 -9.16579103e+00 -8.26738089e+00 -8.26738089e+00
  -8.26738089e+00 -8.26738089e+00 -8.26738089e+00 -8.26738089e+00
  -8.26738089e+00 -8.26738089e+00 -8.26738089e+00 -8.26738089e+00]
 [ 2.31606693e-01  2.31606693e-01  2.31606693e-01  2.31606693e-01
   2.31606693e-01  2.31606693e-01  2.31606693e-01  2.31606693e-01
   2.31606693e-01  2.31606693e-01  2.31606693e-01  2.31606693e-01
   2.31606693e-01  2.31606693e-01  7.52259655e-01  2.31606693e-01]]
Train validation errors
[[2.1336665319018596e+30, 2.758437244535147e+30], [1.3137506675684179e+43, 1.3368814760309185e+43], [4.181771624827381e+31, 7.9877730610915e+31], [2.1336664900131884e+30, 2.7584371801175987e+30], [2.133666490010932e+30, 2.758437180114437e+30], [1.3930456927582734e+30, 1.2603923409193417e+30], [2.1331805079938302e+30, 2.757393024185739e+30], [2.1347782004876572e+30, 2.760825700932891e+30], [2.1309994555762616e+30, 2.752706573266464e+30], [2.1293578101401756e+30, 2.7491789305876475e+30], [2.1291420216572003e+30, 2.748715189387332e+30], [2.404901107597758e+30, 3.229308487662065e+30], [2.1331805556059376e+30, 2.75739309777974e+30], [1.0784759703996732e+43, 1.0974639079695906e+43], [1.5623078569958362e+32, 2.9056160036070727e+32], [2.1331805700986132e+30, 2.7573931203838815e+30]]
Population:
[[ 2.64597373e+00  0.00000000e+00 -8.74485669e+00  0.00000000e+00
   0.00000000e+00 -8.74485669e+00 -8.74485669e+00 -3.71574344e+00
  -3.71574344e+00 -8.74485669e+00 -8.74485669e+00 -8.74485669e+00
   0.00000000e+00 -8.74485669e+00 -8.74485669e+00 -8.74485669e+00]
 [ 2.41743363e+00  5.56594346e+00  6.43546951e+00  5.56594346e+00
   5.56594346e+00  1.31295706e+00  6.43546951e+00  6.43546951e+00
   6.43546951e+00  6.43546951e+00  4.20398976e-01  2.41743363e+00
   5.56594346e+00  6.43546951e+00  4.20398976e-01  4.20398976e-01]
 [-5.63140104e+00 -1.20066499e+00 -1.20086910e+00 -1.20066499e+00
  -1.20066499e+00 -2.28980078e-13 -1.20086910e+00  3.02432330e+00
   4.09939009e+00 -1.87554497e+00  8.71572476e+00  9.64095762e+00
  -1.20066499e+00 -1.20086910e+00  8.71572476e+00  8.71572476e+00]
 [ 5.03431610e+00  9.17054482e+00  5.03431610e+00  9.17054482e+00
   9.17054482e+00  4.62010753e-11  5.03431610e+00  5.03431610e+00
   5.03431610e+00  5.03431610e+00  5.03431610e+00  5.03431610e+00
   6.32069536e+00  5.03431610e+00  5.03431610e+00  5.03431610e+00]
 [-3.21893316e+00  4.78748537e+00  5.26445302e+00  1.53436346e+00
   4.78748537e+00 -7.68718130e+00  5.26445302e+00  1.89517598e+00
   1.89517598e+00 -8.69450524e-01 -4.70502674e+00 -3.21893316e+00
   4.78748537e+00  5.26445302e+00 -4.70502674e+00 -3.21893316e+00]
 [-1.83669770e-15 -1.83669770e-15 -1.83669770e-15 -1.83669770e-15
  -5.43682376e+00 -1.83669770e-15 -1.83669770e-15 -1.83669770e-15
  -1.83669770e-15 -1.83669770e-15 -1.83669770e-15 -1.83669770e-15
  -1.83669770e-15 -1.83669770e-15 -1.83669770e-15 -1.83669770e-15]
 [ 8.52944060e-16  8.52944060e-16  8.52944060e-16  8.52944060e-16
   8.52944060e-16  3.98864643e+00  8.52944060e-16  8.52944060e-16
   8.52944060e-16  2.76965895e+00  8.52944060e-16  3.42184543e+00
   8.52944060e-16 -9.61363549e+00 -3.14896694e+00  8.52944060e-16]
 [-9.13226576e+00 -8.58867969e+00 -1.65221086e-01  8.65040939e+00
   1.03044346e+00 -9.13226576e+00  1.03044346e+00 -4.45586820e+00
   1.03044346e+00  1.03044346e+00  2.25207427e+00  2.25207427e+00
  -4.45586820e+00 -9.13226576e+00  2.25207427e+00  3.03298505e-01]
 [-8.88877955e+00  1.49085449e-01 -8.88877955e+00 -8.88877955e+00
  -8.88877955e+00 -8.88877955e+00 -8.88877955e+00 -8.88877955e+00
  -8.88877955e+00  6.62314243e+00 -8.88877955e+00  2.04338565e+00
  -8.88877955e+00 -8.88877955e+00 -8.09476135e+00  2.04338565e+00]
 [-8.26738089e+00 -8.26738089e+00 -8.26738089e+00 -8.26738089e+00
  -8.26738089e+00 -8.26738089e+00 -8.26738089e+00 -8.26738089e+00
  -9.16579103e+00 -8.26738089e+00  8.73552754e+00 -8.26738089e+00
  -8.26738089e+00 -8.26738089e+00 -8.26738089e+00 -8.26738089e+00]
 [ 2.31606693e-01  2.31606693e-01  2.31606693e-01  2.31606693e-01
   2.31606693e-01  2.31606693e-01  8.33499745e+00  2.31606693e-01
   2.31606693e-01  2.31606693e-01  2.31606693e-01  2.31606693e-01
   2.31606693e-01  2.31606693e-01  2.31606693e-01  2.31606693e-01]]
Train validation errors
[[2.1291419819241054e+30, 2.748715128011613e+30], [2.3518603815820957e+30, 3.13506325033201e+30], [2.1327050451461827e+30, 2.7563713972755893e+30], [2.136213487376678e+30, 2.763909244302571e+30], [1.0836920811503816e+43, 1.1027718557156993e+43], [2.1291419596265246e+30, 2.7487150933565823e+30], [3.024860432975788e+34, 5.716705665062676e+34], [2.1309994389524837e+30, 2.7527065477114933e+30], [1.393045728301878e+30, 1.260392388505762e+30], [2.5238468423174104e+30, 3.436771315903938e+30], [7.484825912604394e+31, 1.4363645799420377e+32], [2.4049011154535945e+30, 3.2293084999567763e+30], [2.1309994532889287e+30, 2.752706569849299e+30], [2.1291420237941336e+30, 2.748715192353524e+30], [2.1527018743870108e+30, 2.7913484005698207e+30], [2.404056500722556e+30, 3.227500661513876e+30]]
Population:
[[-8.74485669e+00 -8.74485669e+00 -8.74485669e+00 -8.74485669e+00
  -8.74485669e+00 -8.74485669e+00 -3.71574344e+00 -8.74485669e+00
   0.00000000e+00 -8.74485669e+00 -3.71574344e+00 -8.74485669e+00
   3.03356030e+00  0.00000000e+00  2.64597373e+00 -8.74485669e+00]
 [ 1.31295706e+00  8.96482763e+00 -7.96673870e+00  2.41743363e+00
   1.31295706e+00  4.20398976e-01  6.43546951e+00  6.43546951e+00
   5.56594346e+00  4.20398976e-01  6.43546951e+00  4.20398976e-01
   6.43546951e+00  5.56594346e+00  2.41743363e+00  6.43546951e+00]
 [-2.28980078e-13  8.71572476e+00  8.71572476e+00  9.64095762e+00
  -2.28980078e-13  8.71572476e+00  3.02432330e+00 -1.20086910e+00
  -1.20066499e+00  8.71572476e+00  4.09939009e+00  8.71572476e+00
  -1.20086910e+00 -1.20066499e+00 -5.63140104e+00 -1.20086910e+00]
 [ 4.62010753e-11  7.70973250e+00  5.03431610e+00  2.45771280e+00
   4.62010753e-11  5.03431610e+00  5.03431610e+00  5.03431610e+00
   9.17054482e+00  5.03431610e+00  9.40103341e+00  5.03431610e+00
   5.03431610e+00  9.17054482e+00  5.03431610e+00  3.16571446e+00]
 [-7.68718130e+00 -3.21893316e+00 -3.21893316e+00 -3.21893316e+00
  -7.68718130e+00 -4.70502674e+00  1.89517598e+00  5.26445302e+00
   4.78748537e+00 -3.21893316e+00  1.89517598e+00 -3.21893316e+00
   5.26445302e+00  1.53436346e+00 -3.21893316e+00  5.26445302e+00]
 [-1.83669770e-15 -1.83669770e-15 -1.83669770e-15 -1.30561655e+00
  -1.83669770e-15 -1.83669770e-15 -1.83669770e-15 -1.83669770e-15
  -1.83669770e-15 -1.83669770e-15 -1.83669770e-15 -1.83669770e-15
  -1.83669770e-15 -1.83669770e-15 -1.83669770e-15 -1.83669770e-15]
 [ 9.89484047e+00  8.52944060e-16  8.52944060e-16  3.42184543e+00
   3.98864643e+00  8.52944060e-16  8.52944060e-16  8.52944060e-16
   8.52944060e-16 -9.07429952e+00  8.52944060e-16  8.52944060e-16
   8.52944060e-16  8.52944060e-16  8.52944060e-16  8.52944060e-16]
 [ 3.03298505e-01 -9.13226576e+00  2.25207427e+00  3.03298505e-01
   2.25207427e+00 -9.13226576e+00  1.03044346e+00 -4.45586820e+00
   3.03298505e-01 -8.58867969e+00 -6.37590225e+00  1.03044346e+00
   8.65040939e+00 -1.65221086e-01  1.04351481e+00 -9.13226576e+00]
 [ 2.04338565e+00 -8.88877955e+00  2.04338565e+00  2.04338565e+00
  -8.88877955e+00 -8.88877955e+00 -8.88877955e+00 -1.28932993e+00
   2.04338565e+00  1.49085449e-01  2.04338565e+00 -8.88877955e+00
  -8.88877955e+00 -8.88877955e+00 -8.88877955e+00 -8.88877955e+00]
 [-8.26738089e+00 -8.26738089e+00 -8.26738089e+00 -8.26738089e+00
   8.73552754e+00  3.63210662e+00  8.49057298e+00 -8.26738089e+00
  -8.26738089e+00 -8.26738089e+00 -8.26738089e+00 -9.16579103e+00
  -6.68849120e+00 -4.04409868e+00 -8.26738089e+00 -8.26738089e+00]
 [ 2.31606693e-01  2.31606693e-01  2.31606693e-01  2.31606693e-01
   2.31606693e-01  2.31606693e-01  8.33499745e+00  2.31606693e-01
   2.31606693e-01  2.31606693e-01  2.31606693e-01  2.31606693e-01
   2.31606693e-01  2.31606693e-01  2.31606693e-01  2.31606693e-01]]
Train validation errors
[[2.4040564767963867e+30, 3.227500623673214e+30], [2.129141982098813e+30, 2.748715128479698e+30], [2.4049011154510536e+30, 3.2293084999526994e+30], [6.249504813892411e+41, 6.3595303481506155e+41], [7.484825903871763e+31, 1.4363645781676298e+32], [4.128365775459803e+31, 7.884515575800604e+31], [3.281411107769051e+34, 6.21405933844028e+34], [2.3172894427969654e+30, 3.0756354032079545e+30], [2.4040565432421404e+30, 3.2275007283888895e+30], [2.3518603395850983e+30, 3.1350631844943287e+30], [2.4011637695689746e+30, 3.221308575088258e+30], [1.393045709346701e+30, 1.260392363124584e+30], [4.1933085876700263e+30, 6.844829981632635e+30], [9.782900985984968e+30, 1.778954877660417e+31], [2.1331857294816973e+30, 2.757404229807836e+30], [2.1291420236962996e+30, 2.748715192059612e+30]]
Population:
[[ 0.00000000e+00 -8.74485669e+00 -8.74485669e+00 -8.74485669e+00
  -8.74485669e+00 -8.74485669e+00 -8.74485669e+00  2.64597373e+00
   0.00000000e+00 -8.74485669e+00  2.64597373e+00 -8.74485669e+00
   2.64597373e+00 -8.74485669e+00 -3.71574344e+00  2.64597373e+00]
 [ 5.56594346e+00  8.96482763e+00  8.10359862e+00  8.84498863e+00
   1.31295706e+00  8.96482763e+00  4.20398976e-01  2.41743363e+00
   5.56594346e+00  8.96482763e+00  2.41743363e+00  1.31295706e+00
   2.41743363e+00  1.31295706e+00  6.43546951e+00  2.41743363e+00]
 [-1.20066499e+00  8.71572476e+00  8.71572476e+00  8.71572476e+00
  -2.28980078e-13  8.71572476e+00  8.71572476e+00 -5.63140104e+00
  -1.20066499e+00  8.71572476e+00 -5.63140104e+00 -5.55743653e-01
  -5.63140104e+00 -2.28980078e-13  4.09939009e+00 -4.04546579e-01]
 [ 9.17054482e+00  7.70973250e+00 -8.52588495e+00 -3.51057487e-01
   4.62010753e-11  7.70973250e+00  5.03431610e+00  5.03431610e+00
   4.39337049e-01  7.70973250e+00  5.03431610e+00  4.62010753e-11
   5.03431610e+00  1.38148450e+00  9.40103341e+00 -9.20373207e+00]
 [ 4.78748537e+00 -3.21893316e+00 -7.96099417e+00 -3.21893316e+00
   2.04882745e+00 -3.21893316e+00 -3.21893316e+00  7.35199847e-01
  -8.39771850e-01 -3.21893316e+00 -3.21893316e+00 -7.68718130e+00
  -3.21893316e+00 -7.68718130e+00  1.89517598e+00 -3.21893316e+00]
 [-1.83669770e-15 -1.83669770e-15  1.43495829e-01 -1.83669770e-15
  -1.83669770e-15 -1.83669770e-15 -1.83669770e-15 -1.83669770e-15
  -1.83669770e-15 -1.83669770e-15  5.53026212e-01 -1.83669770e-15
  -1.83669770e-15 -1.83669770e-15 -1.83669770e-15 -1.83669770e-15]
 [ 8.52944060e-16  8.52944060e-16  2.36612288e+00  8.52944060e-16
  -4.74660004e-01  8.52944060e-16  8.52944060e-16  6.40986815e+00
   8.52944060e-16  8.52944060e-16  8.52944060e-16  9.89484047e+00
   8.52944060e-16  3.98864643e+00  8.52944060e-16  8.52944060e-16]
 [-9.13226576e+00  3.03298505e-01 -9.13226576e+00 -9.13226576e+00
  -9.13226576e+00  3.03298505e-01  1.04351481e+00  1.03044346e+00
  -9.13226576e+00 -1.65221086e-01  3.03298505e-01  1.04351481e+00
   2.25207427e+00  1.04351481e+00  1.04351481e+00 -6.37590225e+00]
 [-8.88877955e+00  2.04338565e+00 -8.88877955e+00 -8.88877955e+00
  -8.88877955e+00  2.04338565e+00 -8.88877955e+00 -8.88877955e+00
  -8.88877955e+00 -8.88877955e+00  2.04338565e+00 -8.88877955e+00
  -8.88877955e+00 -8.88877955e+00 -8.88877955e+00  2.04338565e+00]
 [-8.26738089e+00 -8.26738089e+00 -8.26738089e+00  3.63210662e+00
  -8.26738089e+00 -8.26738089e+00 -8.26738089e+00 -9.16579103e+00
  -8.26738089e+00 -4.04409868e+00 -8.26738089e+00 -8.26738089e+00
   8.73552754e+00 -8.26738089e+00 -8.26738089e+00 -8.26738089e+00]
 [ 2.31606693e-01  2.31606693e-01  2.31606693e-01  2.31606693e-01
   2.31606693e-01  2.31606693e-01  2.31606693e-01  2.31606693e-01
   2.31606693e-01  2.31606693e-01  2.31606693e-01  2.31606693e-01
   2.31606693e-01  2.31606693e-01  2.31606693e-01  2.31606693e-01]]
Train validation errors
[[2.1291420216572003e+30, 2.748715189387332e+30], [2.4040565008799182e+30, 3.2275006619740423e+30], [7.549286934647284e+39, 7.68226723907797e+39], [4.128365778388392e+31, 7.884515581627335e+31], [2.1291420076666164e+30, 2.748715167182058e+30], [2.4040565008799182e+30, 3.2275006619740423e+30], [2.133185729516252e+30, 2.757404229854618e+30], [1.3930457239820624e+30, 1.2603923827260542e+30], [2.129141993433666e+30, 2.748715145344087e+30], [9.782900934756708e+30, 1.778954868119217e+31], [1.1212704908374252e+41, 1.1410148118204581e+41], [2.133185707155956e+30, 2.757404195090489e+30], [7.484825916786107e+31, 1.4363645807913206e+32], [2.1331857072298264e+30, 2.757404195309987e+30], [2.1331857549987325e+30, 2.7574042693745266e+30], [2.4011637414650425e+30, 3.221308529639096e+30]]
