No of generations: 3
Population size: 6
Mutation coefficient: 0.15
Split point: 7
One offspring per pair
Population:
[[ 0.00000000e+00 -7.94804524e+00  5.98216267e+00 -3.54120149e+00
  -4.43338848e-01 -3.22566620e+00]
 [-1.45799022e-12  2.85243204e+00  5.75873370e+00  4.03859126e+00
   9.63783840e+00  2.41550575e+00]
 [-2.28980078e-13  4.46425789e+00 -8.47684107e+00  8.18107713e+00
  -4.51807826e-01 -6.74043157e+00]
 [ 4.62010753e-11 -5.15728370e+00 -5.69014926e+00 -4.66205486e-01
   3.72610083e+00  9.19058307e+00]
 [-1.75214813e-10  6.57889334e-01  2.97044741e+00  6.86565903e+00
  -5.00698739e-01  5.48351901e+00]
 [-1.83669770e-15 -2.11637801e+00 -8.72308356e+00  1.29771293e+00
  -2.95504586e+00 -6.24518340e+00]
 [ 8.52944060e-16 -5.43785581e+00 -1.41935195e+00 -4.43927408e+00
  -8.30355780e+00  1.80235039e+00]
 [ 2.29423303e-05 -5.59795299e+00  4.35847570e+00  4.68024311e+00
  -8.40978365e+00  2.07368083e+00]
 [-2.04721003e-06  8.28721589e+00  9.36726187e+00  6.87886111e+00
   9.07130602e+00  6.20185056e-01]
 [-1.59792834e-08 -7.67674968e+00  8.59011774e+00 -1.56479686e+00
  -1.24475616e+00 -5.75280404e+00]
 [ 9.98214034e-10  6.89631060e-01 -2.52586118e+00 -3.18529477e-01
  -8.07658148e+00 -4.12460198e+00]]
Train validation errors
[[13510723304.19212, 368296592820.6967], [1.6420830125469846e+42, 1.6709851455512885e+42], [2.7897369951263615e+43, 2.8388711380900553e+43], [6.173984048064309e+41, 6.282649403904301e+41], [3.201993837704898e+42, 3.258564899530668e+42], [1.42996369303713e+43, 1.4551619561228013e+43]]
Population:
[[-3.22566620e+00  0.00000000e+00 -4.43338848e-01 -3.22566620e+00
  -3.54120149e+00  0.00000000e+00]
 [ 2.41550575e+00 -1.45799022e-12  9.63783840e+00  2.41550575e+00
   4.03859126e+00 -1.45799022e-12]
 [-6.74043157e+00 -2.28980078e-13 -4.51807826e-01 -6.74043157e+00
   5.02177686e-01 -2.28980078e-13]
 [ 9.19058307e+00  4.62010753e-11 -1.52574735e+00  9.19058307e+00
  -4.66205486e-01  4.62010753e-11]
 [ 5.48351901e+00 -1.75214813e-10 -5.00698739e-01  5.48351901e+00
   6.86565903e+00 -1.75214813e-10]
 [-6.24518340e+00 -1.83669770e-15 -2.95504586e+00 -6.24518340e+00
   1.29771293e+00 -1.83669770e-15]
 [ 1.80235039e+00  8.52944060e-16 -8.30355780e+00  1.80235039e+00
  -4.43927408e+00  8.52944060e-16]
 [ 2.29423303e-05  2.07368083e+00  2.07368083e+00 -8.40978365e+00
   5.40639693e-01  4.68024311e+00]
 [ 8.64520413e+00  6.20185056e-01  6.20185056e-01 -3.70577548e+00
  -2.04721003e-06  6.87886111e+00]
 [-1.59792834e-08 -5.75280404e+00 -8.34376786e+00 -1.24475616e+00
  -1.59792834e-08 -1.56479686e+00]
 [ 7.33058521e+00 -4.12460198e+00 -4.12460198e+00 -8.07658148e+00
   9.98214034e-10 -3.18529477e-01]]
Train validation errors
[[1.4297936875170863e+43, 1.454929990765378e+43], [8.162071759107787e+33, 1.5462136325802684e+34], [3.2017294134281715e+42, 3.258204238720127e+42], [1.4300204231679789e+43, 1.4552393424291678e+43], [6.174090073142733e+41, 6.282794146224316e+41], [5.473853796747187e+31, 1.0396845047381506e+32]]
Population:
[[-3.22566620e+00  0.00000000e+00  0.00000000e+00 -3.22566620e+00
  -1.14499322e+00 -4.43338848e-01]
 [ 3.78539345e+00 -1.45799022e-12 -1.45799022e-12  2.41550575e+00
   2.41550575e+00  9.63783840e+00]
 [-6.74043157e+00 -2.28980078e-13  2.79157591e+00 -8.29634412e+00
  -6.74043157e+00 -4.51807826e-01]
 [ 9.19058307e+00  4.62010753e-11  9.23987186e+00  9.19058307e+00
   9.19058307e+00 -1.52574735e+00]
 [ 5.48351901e+00 -1.75214813e-10 -1.75214813e-10  5.48351901e+00
   5.48351901e+00 -5.00698739e-01]
 [-6.24518340e+00 -1.83669770e-15 -1.83669770e-15 -6.24518340e+00
  -6.41391123e+00 -2.95504586e+00]
 [ 1.80235039e+00  8.52944060e-16  8.52944060e-16  1.80235039e+00
   1.80235039e+00 -8.30355780e+00]
 [ 4.68024311e+00  2.29423303e-05 -8.40978365e+00 -1.55178237e-01
   2.07368083e+00 -8.40978365e+00]
 [ 6.87886111e+00  8.64520413e+00 -3.70577548e+00  6.20185056e-01
   6.20185056e-01 -3.70577548e+00]
 [-1.56479686e+00 -1.59792834e-08 -1.24475616e+00 -5.75280404e+00
  -8.34376786e+00 -1.24475616e+00]
 [-3.18529477e-01  7.33058521e+00 -8.07658148e+00 -4.12460198e+00
  -4.12460198e+00 -8.07658148e+00]]
Train validation errors
[[1.4299065056815289e+43, 1.4550839177271069e+43], [2.4412657872703115e+34, 4.618632254926721e+34], [2.980159218208764e+34, 5.638988803028811e+34], [1.4299636933104517e+43, 1.4551619565049346e+43], [1.508273974951488e+43, 1.5348518751907192e+43], [3.201994203154347e+42, 3.258565406318384e+42]]
