Run 3 is continued, we started with the final parameters of previous run i.e. run3 and simulated 4 more generations
4
No of generations: 4
Population size: 16
Mutation coefficient: 0.15
Split point: 7
One offspring per pair
Population:
[[-8.74485669e+00  5.62626151e-01 -8.74485669e+00  2.64597373e+00
   2.64597373e+00 -8.74485669e+00  0.00000000e+00 -8.74485669e+00
   0.00000000e+00 -8.74485669e+00  3.46038957e+00 -8.74485669e+00
  -3.71574344e+00  2.64597373e+00  2.64597373e+00 -8.74485669e+00]
 [-3.02202589e+00 -7.38345909e+00  1.31295706e+00  2.41743363e+00
   5.19044719e-01  1.31295706e+00  5.56594346e+00  8.84498863e+00
   5.56594346e+00  5.91372851e+00  1.31295706e+00  1.31295706e+00
   6.43546951e+00  2.41743363e+00  2.41743363e+00  1.31295706e+00]
 [-5.55743653e-01 -5.63140104e+00 -5.55743653e-01 -5.63140104e+00
  -5.63140104e+00 -2.28980078e-13 -1.20066499e+00  8.71572476e+00
  -1.20066499e+00 -2.28980078e-13 -5.55743653e-01 -3.60174890e+00
   4.09939009e+00 -4.04546579e-01 -5.63140104e+00 -2.28980078e-13]
 [ 4.62010753e-11  5.03431610e+00  4.62010753e-11  5.03431610e+00
   5.03431610e+00  4.62010753e-11  4.39337049e-01 -3.51057487e-01
   4.39337049e-01  4.62010753e-11  4.62010753e-11  1.38148450e+00
   9.40103341e+00 -8.96348021e+00  5.03431610e+00  1.38148450e+00]
 [-7.68718130e+00  7.35199847e-01 -7.68718130e+00  8.14912256e+00
   7.35199847e-01  2.04882745e+00 -8.39771850e-01 -3.21893316e+00
  -8.39771850e-01  2.04882745e+00 -1.91158459e+00 -1.88546788e+00
   1.89517598e+00 -3.21893316e+00  7.35199847e-01 -7.68718130e+00]
 [-1.83669770e-15 -1.83669770e-15 -1.83669770e-15 -1.83669770e-15
  -1.83669770e-15 -1.83669770e-15 -1.83669770e-15 -1.83669770e-15
  -1.83669770e-15 -1.83669770e-15 -1.83669770e-15 -1.83669770e-15
  -1.83669770e-15 -1.83669770e-15 -1.83669770e-15  9.18655949e+00]
 [ 9.89484047e+00  6.40986815e+00  9.89484047e+00  8.52944060e-16
   6.40986815e+00 -4.74660004e-01  8.52944060e-16  8.52944060e-16
   8.52944060e-16 -4.74660004e-01  9.89484047e+00  3.98864643e+00
   8.52944060e-16  8.52944060e-16  6.40986815e+00  3.98864643e+00]
 [ 1.03044346e+00  1.04351481e+00  2.25207427e+00  1.04351481e+00
  -9.13226576e+00  1.03044346e+00 -5.20792800e+00 -9.13226576e+00
  -9.13226576e+00 -9.13226576e+00  1.04351481e+00  1.04351481e+00
  -6.37590225e+00  1.04351481e+00  1.04351481e+00  1.03044346e+00]
 [-8.88877955e+00 -8.88877955e+00 -1.81396634e+00 -8.88877955e+00
  -8.88877955e+00 -8.88877955e+00  5.90938477e+00 -8.88877955e+00
  -8.88877955e+00 -8.88877955e+00 -8.88877955e+00 -8.88877955e+00
   2.04338565e+00 -8.88877955e+00 -8.88877955e+00 -8.88877955e+00]
 [-9.16579103e+00 -8.26738089e+00  8.73552754e+00 -8.26738089e+00
  -8.26738089e+00 -9.16579103e+00  3.63210662e+00 -8.26738089e+00
  -8.26738089e+00 -8.26738089e+00 -8.26738089e+00 -8.26738089e+00
  -8.26738089e+00 -8.26738089e+00 -8.26738089e+00 -9.16579103e+00]
 [ 2.31606693e-01  2.31606693e-01 -8.56674805e+00  2.31606693e-01
   2.31606693e-01  2.31606693e-01  2.31606693e-01  2.31606693e-01
   2.31606693e-01  2.31606693e-01  2.31606693e-01  2.31606693e-01
   2.31606693e-01  2.49506572e+00 -1.23296042e+00  2.31606693e-01]]
Train validation errors
[[1.393045692638097e+30, 1.260392340406218e+30], [2.1331857490154203e+30, 2.7574042598425787e+30], [3.195261750023409e+34, 6.038656893330223e+34], [2.1331857856411633e+30, 2.7574043161590736e+30], [2.129142001434836e+30, 2.748715157994583e+30], [1.3930457287418006e+30, 1.2603923887450934e+30], [4.302696689322142e+31, 8.221676909993624e+31], [2.1291419816767815e+30, 2.748715127211834e+30], [2.129141993433666e+30, 2.748715145344087e+30], [2.1291420076666772e+30, 2.74871516718237e+30], [2.1331857356880652e+30, 2.757404238961678e+30], [2.1331857358822536e+30, 2.7574042393677567e+30], [2.4011637695689746e+30, 3.221308575088258e+30], [2.4515953270772284e+33, 4.620562738481787e+33], [8.951531090153973e+32, 1.7027684079574142e+33], [3.0940092653621706e+43, 3.1484841857770266e+43]]
Population:
[[ 3.46038957e+00 -8.74485669e+00 -8.74485669e+00  0.00000000e+00
   3.46038957e+00  2.64597373e+00 -8.74485669e+00  2.64597373e+00
   0.00000000e+00  3.46038957e+00 -8.74485669e+00  2.64597373e+00
  -8.71712572e+00 -8.74485669e+00 -8.74485669e+00  2.64597373e+00]
 [ 1.31295706e+00  1.31295706e+00  1.31295706e+00  5.56594346e+00
   1.31295706e+00  2.41743363e+00  6.26560671e+00  5.19044719e-01
   5.56594346e+00  1.31295706e+00  1.31295706e+00  2.41743363e+00
   5.56594346e+00  8.84498863e+00  1.31295706e+00  5.19044719e-01]
 [-5.55743653e-01 -3.60174890e+00 -2.28980078e-13 -1.20066499e+00
  -5.55743653e-01 -5.63140104e+00  8.71572476e+00 -5.63140104e+00
  -8.22325000e+00  8.93642186e+00 -2.28980078e-13 -5.63140104e+00
  -1.20066499e+00  8.71572476e+00 -3.60174890e+00 -5.63140104e+00]
 [ 4.62010753e-11  1.38148450e+00  4.62010753e-11  4.39337049e-01
   4.62010753e-11  5.03431610e+00 -3.51057487e-01  5.03431610e+00
   4.39337049e-01  4.62010753e-11  4.62010753e-11  5.03431610e+00
   4.39337049e-01 -3.51057487e-01  1.38148450e+00  5.03431610e+00]
 [-1.91158459e+00 -1.88546788e+00 -8.00473915e+00 -8.39771850e-01
  -1.91158459e+00  8.14912256e+00 -3.21893316e+00  7.35199847e-01
  -8.39771850e-01 -1.91158459e+00  2.04882745e+00  7.35199847e-01
  -8.39771850e-01 -3.21893316e+00 -1.88546788e+00  7.35199847e-01]
 [-1.83669770e-15 -1.83669770e-15 -1.83669770e-15 -1.83669770e-15
  -1.83669770e-15 -1.83669770e-15 -1.83669770e-15 -1.83669770e-15
  -1.83669770e-15 -1.83669770e-15 -1.83669770e-15 -1.83669770e-15
   3.87195495e-01 -1.83669770e-15 -1.83669770e-15 -1.83669770e-15]
 [ 9.89484047e+00  3.98864643e+00 -4.74660004e-01  8.52944060e-16
  -1.27893349e+00  8.52944060e-16  8.52944060e-16  6.40986815e+00
   8.52944060e-16  9.89484047e+00 -4.74660004e-01  6.40986815e+00
   8.52944060e-16  8.52944060e-16  3.98864643e+00  2.43517766e+00]
 [ 1.04351481e+00  1.04351481e+00 -9.13226576e+00  3.40224003e+00
  -7.30682976e+00  1.04351481e+00 -9.13226576e+00 -9.13226576e+00
   7.83663352e+00 -5.20792800e+00  1.04351481e+00  1.03044346e+00
  -9.13226576e+00 -3.87055406e+00 -9.13226576e+00  1.04351481e+00]
 [-1.44416452e+00 -8.88877955e+00 -8.88877955e+00 -8.88877955e+00
  -8.88877955e+00 -8.88877955e+00 -8.88877955e+00 -8.88877955e+00
  -8.88877955e+00  5.90938477e+00 -8.88877955e+00 -8.88877955e+00
  -8.88877955e+00 -8.88877955e+00 -8.88877955e+00 -8.88877955e+00]
 [-8.26738089e+00 -8.26738089e+00 -8.26738089e+00 -9.16579103e+00
  -8.26738089e+00 -8.26738089e+00 -8.26738089e+00 -8.74894797e+00
  -8.26738089e+00  3.63210662e+00 -8.26738089e+00 -9.16579103e+00
  -8.26738089e+00  2.94173450e+00 -8.26738089e+00 -8.26738089e+00]
 [ 2.31606693e-01  2.31606693e-01  2.31606693e-01  7.39175229e+00
   2.31606693e-01 -1.34859912e-02  2.31606693e-01  1.81521553e+00
   2.31606693e-01  2.31606693e-01 -1.23296042e+00  2.31606693e-01
   2.31606693e-01  2.31606693e-01  2.31606693e-01  2.31606693e-01]]
Train validation errors
[[2.3157184416465349e+30, 3.0738425382400766e+30], [2.1331857358822536e+30, 2.7574042393677567e+30], [2.1291419580596092e+30, 2.748715090948632e+30], [2.35439648121779e+34, 4.448388424314931e+34], [2.129866852279107e+30, 2.7502728127620157e+30], [1.5932902364839249e+31, 3.0626691993894884e+31], [2.1291419816767474e+30, 2.7487151272116596e+30], [1.212693017680206e+33, 2.2808803979457538e+33], [2.1358893744440276e+30, 2.7632129445097814e+30], [4.302696686984645e+31, 8.221676905326747e+31], [8.95153108893964e+32, 1.702768407718947e+33], [1.3930457239820624e+30, 1.2603923827260542e+30], [5.4964289680222605e+40, 5.593219030590892e+40], [3.753137122352678e+31, 7.159241969805455e+31], [2.129141988317394e+30, 2.748715137554906e+30], [2.1331857490155298e+30, 2.75740425984312e+30]]
Population:
[[-8.74485669e+00 -8.74485669e+00 -8.74485669e+00  0.00000000e+00
  -8.74485669e+00 -8.74485669e+00 -8.74485669e+00 -8.74485669e+00
  -8.74485669e+00 -8.74485669e+00  3.46038957e+00 -8.74485669e+00
   2.64597373e+00 -8.74485669e+00  2.64597373e+00 -8.74485669e+00]
 [ 1.31295706e+00 -5.05568177e+00  1.31295706e+00  5.56594346e+00
   1.31295706e+00  1.31295706e+00  6.26560671e+00  1.31295706e+00
   1.31295706e+00  1.31295706e+00  1.31295706e+00  1.31295706e+00
   5.19044719e-01 -4.15640563e+00  2.41743363e+00  1.31295706e+00]
 [-3.60174890e+00 -2.28980078e-13 -2.28980078e-13 -1.20066499e+00
  -3.60174890e+00 -9.31067115e+00  8.71572476e+00 -3.60174890e+00
  -2.28980078e-13 -2.28980078e-13 -5.55743653e-01 -3.60174890e+00
  -5.63140104e+00 -3.60174890e+00 -5.63140104e+00 -4.17747591e+00]
 [ 1.38148450e+00  4.62010753e-11  4.62010753e-11  4.39337049e-01
   1.38148450e+00  4.62010753e-11 -3.51057487e-01  1.38148450e+00
   4.62010753e-11  4.62010753e-11  4.62010753e-11  1.38148450e+00
   5.03431610e+00  1.38148450e+00  5.03431610e+00 -7.90766168e+00]
 [-1.88546788e+00  2.04882745e+00 -8.00473915e+00 -8.39771850e-01
  -1.88546788e+00 -8.00473915e+00 -3.21893316e+00 -1.88546788e+00
  -8.00473915e+00 -4.31290135e+00 -1.91158459e+00 -1.88546788e+00
   7.35199847e-01 -1.88546788e+00  8.14912256e+00 -8.00473915e+00]
 [-1.83669770e-15 -1.83669770e-15  4.28138005e+00 -1.83669770e-15
  -1.83669770e-15 -1.83669770e-15 -1.83669770e-15 -1.83669770e-15
  -1.83669770e-15 -1.83669770e-15 -1.83669770e-15 -1.83669770e-15
  -1.83669770e-15 -1.83669770e-15 -1.83669770e-15 -1.83669770e-15]
 [ 3.98864643e+00 -4.74660004e-01 -4.74660004e-01  8.52944060e-16
   4.07946554e+00 -4.74660004e-01  6.85664711e+00  3.98864643e+00
  -4.74660004e-01 -4.74660004e-01 -1.27893349e+00  3.98864643e+00
   2.43517766e+00  3.98864643e+00  8.52944060e-16 -4.74660004e-01]
 [ 1.04351481e+00 -9.13226576e+00  3.40224003e+00 -9.13226576e+00
  -9.13226576e+00  1.04351481e+00 -9.13226576e+00 -9.13226576e+00
   1.04351481e+00 -9.13226576e+00  1.04351481e+00 -4.44403468e+00
   1.04351481e+00 -6.60139427e+00 -9.13226576e+00  1.04351481e+00]
 [-8.88877955e+00 -8.88877955e+00 -8.88877955e+00 -8.88877955e+00
  -8.88877955e+00 -8.88877955e+00 -8.88877955e+00 -3.36635965e+00
  -2.72563201e+00 -8.88877955e+00 -8.88877955e+00  1.03670286e+00
   6.75272245e+00 -8.88877955e+00 -8.88877955e+00 -8.88877955e+00]
 [-8.26738089e+00 -8.26738089e+00 -9.16579103e+00  7.93598041e+00
  -8.26738089e+00 -8.26738089e+00 -8.26738089e+00 -8.26738089e+00
  -8.26738089e+00 -8.26738089e+00 -8.26738089e+00 -8.26738089e+00
  -8.26738089e+00 -8.26738089e+00 -8.26738089e+00 -8.26738089e+00]
 [-1.23296042e+00  9.23555260e+00  7.39175229e+00  2.31606693e-01
   2.31606693e-01  2.31606693e-01  2.31606693e-01  2.31606693e-01
  -4.64762473e+00  2.31606693e-01  2.31606693e-01  2.31606693e-01
   2.31606693e-01  2.31606693e-01  2.31606693e-01 -1.34859912e-02]]
Train validation errors
[[8.951531092838659e+32, 1.7027684084885946e+33], [3.7289259695478076e+34, 7.048055662714174e+34], [6.720941635158453e+42, 6.839525096439926e+42], [6.889527196128486e+31, 1.3215287449346841e+32], [2.129141988317394e+30, 2.748715137554906e+30], [2.1331857055660765e+30, 2.7574041926497e+30], [2.129141981676746e+30, 2.748715127211656e+30], [2.2634850757859201e+30, 2.981374323822812e+30], [1.0527192120737376e+34, 1.9949617053265011e+34], [2.129141976276132e+30, 2.7487151189428204e+30], [2.133185735688068e+30, 2.7574042389616835e+30], [2.3762204702390563e+30, 3.1781842742058136e+30], [2.527283551163268e+30, 3.442783603111507e+30], [2.130147038348001e+30, 2.750874897981864e+30], [2.129142038017156e+30, 2.748715214212449e+30], [1.5932902571711339e+31, 3.062669243150303e+31]]
Population:
[[-8.74485669e+00 -8.74485669e+00  3.46038957e+00 -8.74485669e+00
  -8.74485669e+00 -8.74485669e+00 -8.74485669e+00  3.46038957e+00
   2.64597373e+00 -8.74485669e+00 -8.74485669e+00 -5.80001796e+00
   0.00000000e+00 -8.74485669e+00 -8.74485669e+00 -8.74485669e+00]
 [-4.15640563e+00  1.31295706e+00  1.31295706e+00  1.31295706e+00
   1.31295706e+00  1.31295706e+00 -3.59864267e+00  1.31295706e+00
   5.19044719e-01  1.31295706e+00  1.31295706e+00  1.31295706e+00
   5.56594346e+00  6.26560671e+00  1.31295706e+00  1.31295706e+00]
 [-3.60174890e+00 -2.28980078e-13 -5.55743653e-01 -2.28980078e-13
  -4.17747591e+00 -3.60174890e+00 -2.28980078e-13 -5.55743653e-01
   4.64650455e+00 -9.31067115e+00 -4.17747591e+00 -2.28980078e-13
  -1.20066499e+00  8.71572476e+00 -3.60174890e+00 -3.60174890e+00]
 [ 1.38148450e+00  4.62010753e-11  4.62010753e-11  4.62010753e-11
  -7.90766168e+00  1.38148450e+00  4.62010753e-11  4.62010753e-11
   5.03431610e+00  4.62010753e-11 -7.90766168e+00  4.62010753e-11
   4.39337049e-01  5.05709547e+00  1.38148450e+00 -8.79295153e+00]
 [-1.88546788e+00 -8.00473915e+00 -1.91158459e+00 -4.31290135e+00
  -8.00473915e+00  9.78825473e+00 -7.42246836e+00 -1.91158459e+00
   7.35199847e-01 -8.00473915e+00 -8.00473915e+00 -4.31290135e+00
  -4.52779373e+00 -3.21893316e+00 -1.88546788e+00 -1.88546788e+00]
 [-3.64414913e+00 -5.70986042e-01 -1.83669770e-15 -1.83669770e-15
  -1.83669770e-15 -1.83669770e-15 -1.83669770e-15 -1.83669770e-15
  -1.83669770e-15 -1.83669770e-15 -1.83669770e-15 -1.83669770e-15
  -1.83669770e-15 -1.83669770e-15 -1.83669770e-15  9.70093900e+00]
 [ 2.53774343e+00 -4.74660004e-01 -7.63700468e+00 -4.74660004e-01
  -4.74660004e-01  3.98864643e+00  1.22647537e+00 -1.27893349e+00
   2.43517766e+00 -4.74660004e-01 -7.90185971e+00 -4.74660004e-01
   8.52944060e-16  2.46045238e-01  4.07946554e+00  3.98864643e+00]
 [ 1.04351481e+00 -6.60139427e+00 -9.13226576e+00  1.04351481e+00
  -4.44403468e+00 -2.38232136e+00  1.04351481e+00 -9.13226576e+00
   1.04351481e+00  8.40433643e-01 -9.13226576e+00  1.04351481e+00
  -9.13226576e+00 -9.13226576e+00 -9.13226576e+00 -9.13226576e+00]
 [-2.72563201e+00  9.58159542e+00 -8.88877955e+00  7.05325044e+00
   1.03670286e+00 -8.88877955e+00 -8.88877955e+00  6.21293629e+00
  -8.88877955e+00  6.75272245e+00 -8.88877955e+00 -8.88877955e+00
  -8.88877955e+00 -8.88877955e+00 -3.36635965e+00 -8.88877955e+00]
 [-8.26738089e+00 -8.26738089e+00 -8.26738089e+00 -8.26738089e+00
  -8.26738089e+00 -6.08722812e+00 -8.26738089e+00 -8.26738089e+00
  -8.26738089e+00 -8.26738089e+00 -8.26738089e+00 -8.26738089e+00
  -8.26738089e+00  7.93598041e+00 -8.26738089e+00 -8.26738089e+00]
 [-4.64762473e+00  2.31606693e-01  2.31606693e-01  2.31606693e-01
   2.31606693e-01 -1.34859912e-02  2.31606693e-01  2.31606693e-01
   2.31606693e-01  2.31606693e-01  2.31606693e-01 -1.34859912e-02
   2.31606693e-01  2.31606693e-01  2.31606693e-01  3.33848194e+00]]
Train validation errors
[[4.8690563666085533e+42, 4.954926669543714e+42], [1.195262719647663e+41, 1.2163041861845681e+41], [2.1291419881235537e+30, 2.748715137149552e+30], [2.5352511605395787e+30, 3.456719146995807e+30], [2.3762204375769685e+30, 3.178184222442753e+30], [9.211304575055693e+30, 1.7718809623765698e+31], [2.133185708464944e+30, 2.7574041971027245e+30], [2.5084654073658286e+30, 3.408110379392408e+30], [2.133185749040313e+30, 2.757404259876744e+30], [2.5271923735523778e+30, 3.442588753434344e+30], [2.129141957635535e+30, 2.748715089691226e+30], [1.5932902523004794e+31, 3.062669232866485e+31], [2.1291419752359725e+30, 2.7487151173788334e+30], [6.889527189939423e+31, 1.3215287436810396e+32], [2.2634850757859201e+30, 2.981374323822812e+30], [3.45026411553764e+43, 3.5110361751682043e+43]]
