Starting all over again with new root population
No of generations: 3
Population size: 10
Mutation coefficient: 0.2
Split point: 7
One offspring per pair
Population:
[[ 0.00000000e+00 -1.45799022e-12 -2.17347038e+00  4.62010753e-11
  -1.75214813e-10 -1.83669770e-15  8.52944060e-16  2.29423303e-05
  -2.04721003e-06 -1.59792834e-08  9.98214034e-10]
 [ 0.00000000e+00 -8.98587638e+00 -4.25719383e+00  4.62010753e-11
  -1.75214813e-10 -1.83669770e-15  8.52944060e-16  2.29423303e-05
  -2.04721003e-06 -1.59792834e-08  9.98214034e-10]
 [ 0.00000000e+00 -1.45799022e-12 -2.17347038e+00  4.62010753e-11
  -1.75214813e-10 -1.83669770e-15  8.52944060e-16  2.29423303e-05
  -2.04721003e-06 -1.59792834e-08  9.98214034e-10]
 [ 0.00000000e+00 -1.45799022e-12 -2.28980078e-13  4.62010753e-11
  -1.75214813e-10 -1.83669770e-15  8.52944060e-16  2.29423303e-05
  -2.04721003e-06 -1.59792834e-08  9.98214034e-10]
 [ 0.00000000e+00 -8.98587638e+00 -4.25719383e+00  4.62010753e-11
  -1.75214813e-10 -1.83669770e-15  8.52944060e-16  2.29423303e-05
  -2.04721003e-06 -1.59792834e-08  9.98214034e-10]
 [ 0.00000000e+00 -1.45799022e-12 -2.28980078e-13  4.62010753e-11
  -1.75214813e-10 -1.83669770e-15  8.52944060e-16  2.29423303e-05
  -2.04721003e-06 -1.59792834e-08  9.98214034e-10]]
Train validation errors
[[13504842102.92983, 368344514440.6409], [1.8699220255774645e+34, 3.537659418191892e+34], [13398896731.091145, 367223115707.8591], [3.391978321909553e+34, 6.417200232288855e+34], [13510723304.19212, 368296592820.6967], [8.320424354405312e+22, 1.6260266947579428e+23], [13309462541.590225, 366141689153.8224], [2.082519731335692e+25, 4.037521704900085e+25], [13510723304.19212, 368296592820.6967], [6.326944721668925e+41, 6.438348517557608e+41]]
Selected parents:
[[ 0.00000000e+00 -1.45799022e-12 -2.17347038e+00  4.62010753e-11
  -1.75214813e-10 -1.83669770e-15  8.52944060e-16  2.29423303e-05
  -2.04721003e-06 -1.59792834e-08  9.98214034e-10]
 [ 0.00000000e+00 -8.98587638e+00 -4.25719383e+00  4.62010753e-11
  -1.75214813e-10 -1.83669770e-15  8.52944060e-16  2.29423303e-05
  -2.04721003e-06 -1.59792834e-08  9.98214034e-10]
 [ 0.00000000e+00 -1.45799022e-12 -2.17347038e+00  4.62010753e-11
  -1.75214813e-10 -1.83669770e-15  8.52944060e-16  2.29423303e-05
  -2.04721003e-06 -1.59792834e-08  9.98214034e-10]
 [ 0.00000000e+00 -1.45799022e-12 -2.28980078e-13  4.62010753e-11
  -1.75214813e-10 -1.83669770e-15  8.52944060e-16  2.29423303e-05
  -2.04721003e-06 -1.59792834e-08  9.98214034e-10]
 [ 0.00000000e+00 -8.98587638e+00 -4.25719383e+00  4.62010753e-11
  -1.75214813e-10 -1.83669770e-15  8.52944060e-16  2.29423303e-05
  -2.04721003e-06 -1.59792834e-08  9.98214034e-10]
 [ 0.00000000e+00 -1.45799022e-12 -2.28980078e-13  4.62010753e-11
  -1.75214813e-10 -1.83669770e-15  8.52944060e-16  2.29423303e-05
  -2.04721003e-06 -1.59792834e-08  9.98214034e-10]]Population:
[[ 0.00000000e+00 -1.45799022e-12  4.50931369e+00 -7.86082958e-01
  -1.75214813e-10 -1.83669770e-15  8.52944060e-16  2.29423303e-05
  -2.04721003e-06 -1.59792834e-08  9.98214034e-10]
 [ 0.00000000e+00 -8.98587638e+00 -4.25719383e+00  4.62010753e-11
  -1.75214813e-10 -1.83669770e-15  8.52944060e-16  2.29423303e-05
  -2.04721003e-06 -1.59792834e-08  9.98214034e-10]
 [ 0.00000000e+00 -1.45799022e-12  4.50931369e+00 -7.86082958e-01
  -1.75214813e-10 -1.83669770e-15  8.52944060e-16  2.29423303e-05
  -2.04721003e-06 -1.59792834e-08  9.98214034e-10]
 [ 0.00000000e+00 -1.45799022e-12 -2.17347038e+00  4.62010753e-11
  -1.75214813e-10 -1.83669770e-15  8.52944060e-16  2.29423303e-05
  -2.04721003e-06 -1.59792834e-08  9.98214034e-10]
 [ 0.00000000e+00 -8.98587638e+00 -4.25719383e+00  4.62010753e-11
  -1.75214813e-10 -1.83669770e-15  8.52944060e-16  2.29423303e-05
  -2.04721003e-06 -1.59792834e-08  9.98214034e-10]
 [ 0.00000000e+00 -6.61726765e+00 -2.17347038e+00 -9.04192680e+00
  -1.75214813e-10 -1.83669770e-15 -5.57147756e+00  2.29423303e-05
  -2.04721003e-06 -1.59792834e-08  9.98214034e-10]]
Train validation errors
[[14685835812.558645, 350593472384.58264], [3.9222022990449067e+34, 7.422537873787603e+34], [2.460045275082182e+24, 4.807573717350855e+24], [4.685871899073679e+22, 9.157403300677295e+22], [13398896731.091145, 367223115707.8591], [13309462541.590225, 366141689153.8224], [3.001049994382267e+32, 5.67761255900047e+32], [153256575833.4746, 369776051670.5074], [14095918988.517899, 372939764308.6349], [2.057285111273587e+43, 2.0935066868187744e+43]]
Selected parents:
[[ 0.00000000e+00 -1.45799022e-12  4.50931369e+00 -7.86082958e-01
  -1.75214813e-10 -1.83669770e-15  8.52944060e-16  2.29423303e-05
  -2.04721003e-06 -1.59792834e-08  9.98214034e-10]
 [ 0.00000000e+00 -8.98587638e+00 -4.25719383e+00  4.62010753e-11
  -1.75214813e-10 -1.83669770e-15  8.52944060e-16  2.29423303e-05
  -2.04721003e-06 -1.59792834e-08  9.98214034e-10]
 [ 0.00000000e+00 -1.45799022e-12  4.50931369e+00 -7.86082958e-01
  -1.75214813e-10 -1.83669770e-15  8.52944060e-16  2.29423303e-05
  -2.04721003e-06 -1.59792834e-08  9.98214034e-10]
 [ 0.00000000e+00 -1.45799022e-12 -2.17347038e+00  4.62010753e-11
  -1.75214813e-10 -1.83669770e-15  8.52944060e-16  2.29423303e-05
  -2.04721003e-06 -1.59792834e-08  9.98214034e-10]
 [ 0.00000000e+00 -8.98587638e+00 -4.25719383e+00  4.62010753e-11
  -1.75214813e-10 -1.83669770e-15  8.52944060e-16  2.29423303e-05
  -2.04721003e-06 -1.59792834e-08  9.98214034e-10]
 [ 0.00000000e+00 -6.61726765e+00 -2.17347038e+00 -9.04192680e+00
  -1.75214813e-10 -1.83669770e-15 -5.57147756e+00  2.29423303e-05
  -2.04721003e-06 -1.59792834e-08  9.98214034e-10]]Population:
[[-2.78409073e+00 -1.45799022e-12  4.50931369e+00 -7.86082958e-01
  -1.75214813e-10 -1.83669770e-15  8.52944060e-16  2.29423303e-05
  -2.04721003e-06 -1.59792834e-08  9.98214034e-10]
 [ 0.00000000e+00 -1.45799022e-12  4.50931369e+00 -7.86082958e-01
  -1.75214813e-10 -1.83669770e-15  8.52944060e-16  2.29423303e-05
  -2.04721003e-06 -1.59792834e-08  9.98214034e-10]
 [-2.78409073e+00 -1.45799022e-12  4.50931369e+00 -7.86082958e-01
  -1.75214813e-10 -1.83669770e-15  8.52944060e-16  2.29423303e-05
  -2.04721003e-06 -1.59792834e-08  9.98214034e-10]
 [ 0.00000000e+00 -1.45799022e-12  4.50931369e+00 -7.86082958e-01
  -1.75214813e-10 -1.83669770e-15  8.52944060e-16  2.29423303e-05
  -2.04721003e-06 -1.59792834e-08  9.98214034e-10]
 [-2.33617593e+00 -8.98587638e+00 -4.25719383e+00  4.62010753e-11
  -1.75214813e-10 -1.83669770e-15  8.52944060e-16  2.29423303e-05
  -2.04721003e-06 -1.59792834e-08  9.98214034e-10]
 [ 0.00000000e+00 -8.98587638e+00 -4.25719383e+00  4.62010753e-11
  -1.75214813e-10 -1.83669770e-15  8.52944060e-16  2.29423303e-05
  -2.04721003e-06 -1.59792834e-08  9.98214034e-10]]
Train validation errors
[[1.087782647520536e+43, 1.1069346848711747e+43], [14685736228.402195, 350593116391.7634], [13398801548.770102, 367223664143.17896], [1.586344143920884e+33, 3.0010345466841014e+33], [1.2185768946974072e+27, 2.3625370537610874e+27], [14685835812.558645, 350593472384.58264], [13309382012.350117, 366141302075.6936], [7.328881439831822e+30, 1.4050066019459906e+31], [13309462541.590225, 366141689153.8224], [1.791184479304224e+24, 3.5004468847628804e+24]]
Selected parents:
[[-2.78409073e+00 -1.45799022e-12  4.50931369e+00 -7.86082958e-01
  -1.75214813e-10 -1.83669770e-15  8.52944060e-16  2.29423303e-05
  -2.04721003e-06 -1.59792834e-08  9.98214034e-10]
 [ 0.00000000e+00 -1.45799022e-12  4.50931369e+00 -7.86082958e-01
  -1.75214813e-10 -1.83669770e-15  8.52944060e-16  2.29423303e-05
  -2.04721003e-06 -1.59792834e-08  9.98214034e-10]
 [-2.78409073e+00 -1.45799022e-12  4.50931369e+00 -7.86082958e-01
  -1.75214813e-10 -1.83669770e-15  8.52944060e-16  2.29423303e-05
  -2.04721003e-06 -1.59792834e-08  9.98214034e-10]
 [ 0.00000000e+00 -1.45799022e-12  4.50931369e+00 -7.86082958e-01
  -1.75214813e-10 -1.83669770e-15  8.52944060e-16  2.29423303e-05
  -2.04721003e-06 -1.59792834e-08  9.98214034e-10]
 [-2.33617593e+00 -8.98587638e+00 -4.25719383e+00  4.62010753e-11
  -1.75214813e-10 -1.83669770e-15  8.52944060e-16  2.29423303e-05
  -2.04721003e-06 -1.59792834e-08  9.98214034e-10]
 [ 0.00000000e+00 -8.98587638e+00 -4.25719383e+00  4.62010753e-11
  -1.75214813e-10 -1.83669770e-15  8.52944060e-16  2.29423303e-05
  -2.04721003e-06 -1.59792834e-08  9.98214034e-10]]