Fitness funtion: -1 * (train_validation_error[:, 1] + train_validation_error[:, 0])
Starting all over again with new root population
No of generations: 4
Population size: 10
Mutation coefficient: 0.2
Split point: 7
Two offspring per pair
Population:
[[ 0.00000000e+00  0.00000000e+00  8.19124373e+00  0.00000000e+00
  -8.83644002e+00  0.00000000e+00  0.00000000e+00 -8.11393969e+00
   0.00000000e+00  0.00000000e+00]
 [-5.53760357e+00 -1.45799022e-12 -1.45799022e-12 -1.45799022e-12
  -1.45799022e-12 -1.45799022e-12 -1.45799022e-12 -1.45799022e-12
  -1.45799022e-12 -1.45799022e-12]
 [-2.28980078e-13 -7.78985847e+00  6.72794527e+00  1.81266269e+00
  -2.66041786e+00 -2.28980078e-13 -2.28980078e-13 -5.69553743e+00
  -2.28980078e-13 -2.28980078e-13]
 [ 4.62010753e-11  4.62010753e-11  4.62010753e-11 -1.49477163e+00
   4.62010753e-11  4.62010753e-11  6.32914624e+00  4.62010753e-11
   4.62010753e-11  5.73624319e+00]
 [-1.75214813e-10 -1.75214813e-10 -1.75214813e-10  7.50053183e+00
   4.68474455e+00 -8.68068527e+00 -9.37338266e+00 -1.75214813e-10
  -1.75214813e-10 -1.75214813e-10]
 [ 7.70093413e+00 -1.04733683e+00 -1.83669770e-15 -1.83669770e-15
   6.16149665e+00  9.65073130e+00 -1.83669770e-15 -1.83669770e-15
  -1.83669770e-15 -1.83669770e-15]
 [ 8.52944060e-16  2.92708945e+00  8.52944060e-16  8.52944060e-16
   7.94381396e+00  8.52944060e-16  8.52944060e-16  8.52944060e-16
   8.52944060e-16  8.52944060e-16]
 [ 3.38590037e+00 -3.56882732e-01 -2.54651510e+00  2.29423303e-05
   2.29423303e-05  2.29423303e-05  2.29423303e-05 -4.45371639e+00
   2.29423303e-05 -6.91401537e+00]
 [ 5.21668070e+00 -2.00677046e+00 -2.04721003e-06 -2.04721003e-06
   5.06978519e+00 -4.16648674e+00  8.11968287e+00 -2.04721003e-06
  -2.04721003e-06 -2.04721003e-06]
 [-1.59792834e-08 -6.93759166e+00 -1.59792834e-08  2.62097254e+00
  -3.80020682e-01 -1.59792834e-08 -1.59792834e-08 -1.59792834e-08
   9.36095667e+00 -3.01171628e+00]
 [-7.15254774e+00  9.98214034e-10  9.98214034e-10 -7.48632143e+00
   9.98214034e-10  2.95731381e+00  9.98214034e-10  9.98214034e-10
   9.98214034e-10  9.98214034e-10]]
Train validation errors
[[2.1740856434507481e+43, 2.2123187673711394e+43], [4.0215383793546245e+41, 4.092356045183441e+41], [2.317754883596782e+23, 4.5294974600527324e+23], [2.5076325210107864e+34, 4.742445685196063e+34], [1.3918361328938907e+43, 1.4163414569639879e+43], [3.4146380714556296e+43, 3.474781131214801e+43], [5.444386529650905e+27, 1.0555398860160642e+28], [7.08951907062452e+23, 1.385477573946397e+24], [1.6900428688833922e+31, 3.2399506108561596e+31], [1.752825658042958e+30, 3.360385000442685e+30]]
Selected parents:
[[ 8.19124373e+00 -1.45799022e-12  6.72794527e+00  4.62010753e-11
  -1.75214813e-10 -1.83669770e-15  8.52944060e-16 -2.54651510e+00
  -2.04721003e-06 -1.59792834e-08  9.98214034e-10]
 [ 0.00000000e+00 -1.45799022e-12  1.81266269e+00 -1.49477163e+00
   7.50053183e+00 -1.83669770e-15  8.52944060e-16  2.29423303e-05
  -2.04721003e-06  2.62097254e+00 -7.48632143e+00]
 [ 0.00000000e+00 -1.45799022e-12 -2.28980078e-13  6.32914624e+00
  -9.37338266e+00 -1.83669770e-15  8.52944060e-16  2.29423303e-05
   8.11968287e+00 -1.59792834e-08  9.98214034e-10]
 [-8.11393969e+00 -1.45799022e-12 -5.69553743e+00  4.62010753e-11
  -1.75214813e-10 -1.83669770e-15  8.52944060e-16 -4.45371639e+00
  -2.04721003e-06 -1.59792834e-08  9.98214034e-10]
 [ 0.00000000e+00 -1.45799022e-12 -2.28980078e-13  4.62010753e-11
  -1.75214813e-10 -1.83669770e-15  8.52944060e-16  2.29423303e-05
  -2.04721003e-06  9.36095667e+00  9.98214034e-10]
 [ 0.00000000e+00 -1.45799022e-12 -2.28980078e-13  5.73624319e+00
  -1.75214813e-10 -1.83669770e-15  8.52944060e-16 -6.91401537e+00
  -2.04721003e-06 -3.01171628e+00  9.98214034e-10]]Population:
[[ 8.19124373e+00 -8.11393969e+00  0.00000000e+00  0.00000000e+00
   0.00000000e+00  0.00000000e+00  8.19124373e+00  7.35202043e+00
   0.00000000e+00  0.00000000e+00]
 [-1.45799022e-12 -1.45799022e-12 -1.45799022e-12 -6.49421304e+00
  -1.45799022e-12 -1.45799022e-12 -1.45799022e-12 -1.45799022e-12
  -1.45799022e-12 -9.90282791e+00]
 [ 6.72794527e+00 -5.69553743e+00 -2.28980078e-13 -7.11389629e+00
  -2.03661021e-02 -2.06484918e+00 -3.67397731e+00  2.72629269e+00
   1.81266269e+00 -2.28980078e-13]
 [ 4.62010753e-11  4.62010753e-11  4.62010753e-11  6.32914624e+00
   6.15015340e+00  5.73624319e+00  5.73624319e+00  4.62010753e-11
  -1.49477163e+00 -6.12757071e+00]
 [-1.75214813e-10 -1.75214813e-10 -1.75214813e-10 -1.75214813e-10
  -9.37338266e+00 -1.75214813e-10 -1.75214813e-10 -1.75214813e-10
   8.53440748e+00  7.50053183e+00]
 [-1.83669770e-15 -1.83669770e-15 -1.83669770e-15 -1.83669770e-15
  -1.83669770e-15 -1.83669770e-15 -1.83669770e-15 -1.83669770e-15
  -1.83669770e-15 -1.83669770e-15]
 [ 8.52944060e-16  8.52944060e-16  8.52944060e-16 -1.07975021e+00
   8.52944060e-16  8.52944060e-16  8.52944060e-16  8.52944060e-16
   8.52944060e-16  5.35297828e+00]
 [-2.54651510e+00 -4.45371639e+00  2.29423303e-05  5.77042344e+00
   2.29423303e-05 -6.91401537e+00 -6.91401537e+00 -6.91401537e+00
   2.29423303e-05  2.29423303e-05]
 [-2.04721003e-06 -2.04721003e-06 -9.35906301e+00  1.59113516e+00
  -4.59972910e+00 -2.04721003e-06 -2.04721003e-06 -2.04721003e-06
  -2.04721003e-06  8.11968287e+00]
 [-1.59792834e-08 -1.59792834e-08 -1.59792834e-08 -1.59792834e-08
  -1.59792834e-08 -3.01171628e+00 -4.54726518e+00 -3.01171628e+00
   2.62097254e+00  5.34537489e+00]
 [ 9.98214034e-10  9.98214034e-10  9.98214034e-10  9.98214034e-10
  -5.06737766e+00 -9.78801271e+00  9.98214034e-10  9.98214034e-10
  -7.48632143e+00 -7.48632143e+00]]
Train validation errors
[[2.317754883596782e+23, 4.5294974600527324e+23], [7.08951907062452e+23, 1.385477573946397e+24], [7.233281009369574e+27, 1.4023648926991914e+28], [2.401883303843321e+26, 4.6899807248671894e+26], [1.1662834202248441e+34, 2.2064855446638586e+34], [4.4024021003428245e+34, 8.331338277142253e+34], [3.993218700370622e+30, 7.655439996108967e+30], [1.752825658582112e+30, 3.360385001497122e+30], [2.5076325209558317e+34, 4.742445685088733e+34], [2.4682726338384717e+34, 4.666183979232098e+34]]
Selected parents:
[[ 8.19124373e+00 -1.45799022e-12  6.72794527e+00  4.62010753e-11
  -1.75214813e-10 -1.83669770e-15  8.52944060e-16 -2.54651510e+00
  -2.04721003e-06 -1.59792834e-08  9.98214034e-10]
 [-8.11393969e+00 -1.45799022e-12 -5.69553743e+00  4.62010753e-11
  -1.75214813e-10 -1.83669770e-15  8.52944060e-16 -4.45371639e+00
  -2.04721003e-06 -1.59792834e-08  9.98214034e-10]
 [ 0.00000000e+00 -1.45799022e-12 -2.28980078e-13  4.62010753e-11
  -1.75214813e-10 -1.83669770e-15  8.52944060e-16  2.29423303e-05
  -9.35906301e+00 -1.59792834e-08  9.98214034e-10]
 [ 0.00000000e+00 -6.49421304e+00 -7.11389629e+00  6.32914624e+00
  -1.75214813e-10 -1.83669770e-15 -1.07975021e+00  5.77042344e+00
   1.59113516e+00 -1.59792834e-08  9.98214034e-10]
 [ 8.19124373e+00 -1.45799022e-12 -3.67397731e+00  5.73624319e+00
  -1.75214813e-10 -1.83669770e-15  8.52944060e-16 -6.91401537e+00
  -2.04721003e-06 -4.54726518e+00  9.98214034e-10]
 [ 7.35202043e+00 -1.45799022e-12  2.72629269e+00  4.62010753e-11
  -1.75214813e-10 -1.83669770e-15  8.52944060e-16 -6.91401537e+00
  -2.04721003e-06 -3.01171628e+00  9.98214034e-10]]Population:
[[ 8.19124373e+00 -8.11393969e+00  7.35202043e+00  0.00000000e+00
   8.19124373e+00 -4.11689044e+00  7.35202043e+00  0.00000000e+00
   4.88620307e+00  0.00000000e+00]
 [-1.45799022e-12 -1.45799022e-12 -1.45799022e-12 -1.45799022e-12
  -1.33639010e+00 -1.45799022e-12 -1.45799022e-12 -3.21189122e-01
  -9.61441307e+00 -1.45799022e-12]
 [ 6.72794527e+00 -5.69553743e+00 -1.61675711e+00 -1.03083629e+00
   5.54023249e+00 -7.78545221e+00  2.72629269e+00 -7.11389629e+00
  -4.74155036e+00 -7.11389629e+00]
 [ 4.62010753e-11  4.62010753e-11  4.62010753e-11  6.32914624e+00
   5.73624319e+00  4.62010753e-11  4.62010753e-11  6.32914624e+00
   4.62010753e-11  5.70225245e+00]
 [-1.75214813e-10 -1.75214813e-10 -1.75214813e-10 -1.75214813e-10
  -1.75214813e-10 -1.75214813e-10 -1.75214813e-10 -1.75214813e-10
  -1.75214813e-10 -1.75214813e-10]
 [-1.83669770e-15 -1.83669770e-15 -7.00910510e+00  7.66771180e+00
  -1.83669770e-15 -1.83669770e-15 -1.83669770e-15 -1.83669770e-15
  -1.83669770e-15 -1.83669770e-15]
 [ 8.52944060e-16  8.52944060e-16  8.52944060e-16 -1.07975021e+00
  -8.50185962e+00 -4.07719423e+00  8.52944060e-16 -6.34456072e+00
  -1.07975021e+00 -1.07975021e+00]
 [-2.54651510e+00 -4.45371639e+00  6.67723969e+00  5.77042344e+00
  -6.91401537e+00 -2.54651510e+00 -1.61487746e+00  5.77042344e+00
  -2.54651510e+00  5.77042344e+00]
 [-2.04721003e-06 -2.04721003e-06 -2.04721003e-06  1.59113516e+00
   2.51282778e+00 -2.04721003e-06 -2.04721003e-06  8.63107266e+00
  -2.04721003e-06 -1.82960797e+00]
 [-1.59792834e-08 -1.59792834e-08  2.02951652e+00  8.27476895e+00
  -1.59792834e-08 -1.59792834e-08  5.17552258e+00 -1.59792834e-08
  -1.59792834e-08 -1.19945505e+00]
 [ 9.98214034e-10  9.98214034e-10 -7.59319773e-01  9.98214034e-10
   9.98214034e-10  9.98214034e-10  9.98214034e-10  9.98214034e-10
   9.98214034e-10  3.66797783e+00]]
Train validation errors
[[2.317754883596782e+23, 4.5294974600527324e+23], [7.08951907062452e+23, 1.385477573946397e+24], [1.8011243490052886e+43, 1.8328399287001007e+43], [2.1554992362672076e+43, 2.1934511059188341e+43], [4.665024533446017e+26, 8.982022293433559e+26], [2.3177549716267347e+23, 4.5294976774687094e+23], [5.164753720157319e+30, 9.90122599621479e+30], [6.315326052844977e+27, 1.2261923196825462e+28], [2.3177549547887755e+23, 4.5294976349218977e+23], [6.0230349320054e+33, 1.1391010276453245e+34]]
Selected parents:
[[ 8.19124373e+00 -1.45799022e-12  6.72794527e+00  4.62010753e-11
  -1.75214813e-10 -1.83669770e-15  8.52944060e-16 -2.54651510e+00
  -2.04721003e-06 -1.59792834e-08  9.98214034e-10]
 [-8.11393969e+00 -1.45799022e-12 -5.69553743e+00  4.62010753e-11
  -1.75214813e-10 -1.83669770e-15  8.52944060e-16 -4.45371639e+00
  -2.04721003e-06 -1.59792834e-08  9.98214034e-10]
 [ 8.19124373e+00 -1.33639010e+00  5.54023249e+00  5.73624319e+00
  -1.75214813e-10 -1.83669770e-15 -8.50185962e+00 -6.91401537e+00
   2.51282778e+00 -1.59792834e-08  9.98214034e-10]
 [-4.11689044e+00 -1.45799022e-12 -7.78545221e+00  4.62010753e-11
  -1.75214813e-10 -1.83669770e-15 -4.07719423e+00 -2.54651510e+00
  -2.04721003e-06 -1.59792834e-08  9.98214034e-10]
 [ 0.00000000e+00 -3.21189122e-01 -7.11389629e+00  6.32914624e+00
  -1.75214813e-10 -1.83669770e-15 -6.34456072e+00  5.77042344e+00
   8.63107266e+00 -1.59792834e-08  9.98214034e-10]
 [ 4.88620307e+00 -9.61441307e+00 -4.74155036e+00  4.62010753e-11
  -1.75214813e-10 -1.83669770e-15 -1.07975021e+00 -2.54651510e+00
  -2.04721003e-06 -1.59792834e-08  9.98214034e-10]]Population:
[[ 8.19124373e+00  4.88620307e+00 -4.11689044e+00  4.88620307e+00
   4.88620307e+00  6.18721665e+00 -4.11689044e+00 -8.11393969e+00
   4.88620307e+00  0.00000000e+00]
 [-1.45799022e-12 -9.61441307e+00  4.47351545e+00 -9.61441307e+00
  -9.61441307e+00 -9.61441307e+00 -1.45799022e-12 -1.45799022e-12
  -9.61441307e+00 -3.21189122e-01]
 [ 6.72794527e+00 -4.74155036e+00  2.79096306e+00 -4.74155036e+00
  -7.11389629e+00 -7.11389629e+00 -7.78545221e+00  7.69503994e+00
  -4.74155036e+00  2.33744003e+00]
 [ 4.62010753e-11  4.62010753e-11 -9.51615871e+00  9.58767852e+00
   4.62010753e-11  6.32914624e+00 -6.88752143e+00  4.62010753e-11
   4.62010753e-11  6.14486380e-02]
 [-1.75214813e-10 -1.75214813e-10  2.33523356e+00 -1.75214813e-10
  -1.75214813e-10 -1.75214813e-10 -1.75214813e-10 -8.07883179e+00
  -1.75214813e-10 -1.42393457e+00]
 [-1.83669770e-15 -1.83669770e-15  3.69978308e-01 -3.32902835e+00
  -1.83669770e-15 -1.83669770e-15 -1.83669770e-15 -1.83669770e-15
  -1.83669770e-15 -1.83669770e-15]
 [ 8.52944060e-16 -1.07975021e+00  4.85613299e+00  8.14090657e-01
  -6.34456072e+00 -6.34456072e+00 -4.07719423e+00  8.52944060e-16
  -1.07975021e+00 -6.34456072e+00]
 [-2.54651510e+00 -2.54651510e+00 -2.54651510e+00 -2.54651510e+00
   5.77042344e+00  5.77042344e+00 -9.53251180e+00 -5.99155344e+00
  -2.54651510e+00 -2.54651510e+00]
 [-2.04721003e-06 -2.04721003e-06 -6.24639809e+00 -2.04721003e-06
  -2.04721003e-06 -2.04721003e-06 -3.76966832e+00 -2.04721003e-06
  -2.38969937e+00 -6.99000929e+00]
 [-1.59792834e-08 -1.59792834e-08 -1.59792834e-08 -1.59792834e-08
  -1.59792834e-08 -1.59792834e-08 -7.78231370e+00 -1.59792834e-08
  -1.59792834e-08 -9.01524298e+00]
 [ 9.98214034e-10  9.98214034e-10  8.83630747e+00  9.98214034e-10
   9.98214034e-10  9.98214034e-10  9.98214034e-10  9.98214034e-10
  -3.39436948e+00  9.98214034e-10]]
Train validation errors
[[2.317754883596782e+23, 4.5294974600527324e+23], [2.3177549547887755e+23, 4.5294976349218977e+23], [5.026123845220341e+40, 5.117284418796631e+40], [4.0630361382295115e+42, 4.134571955467577e+42], [1.190088062230187e+24, 2.3257461535503964e+24], [1.1900885809446114e+24, 2.325747160652606e+24], [1.192139959388747e+31, 2.287050614976697e+31], [1.2830949192184537e+24, 2.5075123076429994e+24], [5.232222153343578e+33, 9.898797470222512e+33], [1.617064793397668e+31, 3.103478771712158e+31]]
Selected parents:
[[ 8.19124373e+00 -1.45799022e-12  6.72794527e+00  4.62010753e-11
  -1.75214813e-10 -1.83669770e-15  8.52944060e-16 -2.54651510e+00
  -2.04721003e-06 -1.59792834e-08  9.98214034e-10]
 [ 4.88620307e+00 -9.61441307e+00 -4.74155036e+00  4.62010753e-11
  -1.75214813e-10 -1.83669770e-15 -1.07975021e+00 -2.54651510e+00
  -2.04721003e-06 -1.59792834e-08  9.98214034e-10]
 [ 4.88620307e+00 -9.61441307e+00 -7.11389629e+00  4.62010753e-11
  -1.75214813e-10 -1.83669770e-15 -6.34456072e+00  5.77042344e+00
  -2.04721003e-06 -1.59792834e-08  9.98214034e-10]
 [ 6.18721665e+00 -9.61441307e+00 -7.11389629e+00  6.32914624e+00
  -1.75214813e-10 -1.83669770e-15 -6.34456072e+00  5.77042344e+00
  -2.04721003e-06 -1.59792834e-08  9.98214034e-10]
 [-4.11689044e+00 -1.45799022e-12 -7.78545221e+00 -6.88752143e+00
  -1.75214813e-10 -1.83669770e-15 -4.07719423e+00 -9.53251180e+00
  -3.76966832e+00 -7.78231370e+00  9.98214034e-10]
 [-8.11393969e+00 -1.45799022e-12  7.69503994e+00  4.62010753e-11
  -8.07883179e+00 -1.83669770e-15  8.52944060e-16 -5.99155344e+00
  -2.04721003e-06 -1.59792834e-08  9.98214034e-10]]Best offspring gen errors:
[[2.31775488e+23 4.52949746e+23]
 [2.31775488e+23 4.52949746e+23]
 [2.31775488e+23 4.52949746e+23]
 [2.31775488e+23 4.52949746e+23]]