Starting all over again with new root population
Initial mutation: 0.1
No of generations: 10
Population size: 10
Mutation coefficient: 0.2
Split point: 7
One offspring per pair
Population:
[[ 0.00000000e+00  0.00000000e+00  0.00000000e+00  0.00000000e+00
   0.00000000e+00  0.00000000e+00  0.00000000e+00  0.00000000e+00
   0.00000000e+00  0.00000000e+00]
 [ 6.27937040e+00 -1.45799022e-12 -1.45799022e-12 -9.75835723e+00
  -1.45799022e-12 -1.45799022e-12 -8.98587638e+00 -1.45799022e-12
  -1.45799022e-12 -1.45799022e-12]
 [-2.28980078e-13 -2.28980078e-13 -2.17347038e+00 -2.28980078e-13
  -2.28980078e-13 -2.28980078e-13 -4.25719383e+00 -2.28980078e-13
  -2.28980078e-13  9.72667176e+00]
 [ 4.62010753e-11  4.62010753e-11  4.62010753e-11  4.62010753e-11
   4.62010753e-11  4.62010753e-11  4.62010753e-11 -4.17136006e+00
   4.62010753e-11  4.62010753e-11]
 [-1.75214813e-10 -1.75214813e-10 -1.75214813e-10 -1.75214813e-10
  -1.75214813e-10 -1.75214813e-10 -1.75214813e-10 -1.75214813e-10
  -1.75214813e-10 -1.75214813e-10]
 [-1.83669770e-15 -1.83669770e-15 -1.83669770e-15 -1.83669770e-15
  -1.83669770e-15 -1.83669770e-15 -1.83669770e-15 -1.83669770e-15
  -1.83669770e-15  1.31367627e+00]
 [ 8.52944060e-16  8.52944060e-16  8.52944060e-16  8.52944060e-16
   8.52944060e-16  8.52944060e-16  8.52944060e-16  8.52944060e-16
   8.52944060e-16  1.38711103e+00]
 [ 2.29423303e-05  2.29423303e-05  2.29423303e-05  2.29423303e-05
   2.29423303e-05 -1.52574735e+00  2.29423303e-05  2.29423303e-05
   2.29423303e-05  2.29423303e-05]
 [-2.04721003e-06 -2.04721003e-06 -2.04721003e-06 -2.04721003e-06
  -2.04721003e-06 -2.04721003e-06 -2.04721003e-06  5.02177686e-01
  -2.04721003e-06 -2.04721003e-06]
 [-1.59792834e-08 -1.59792834e-08 -1.59792834e-08 -1.59792834e-08
  -1.59792834e-08 -1.59792834e-08 -1.59792834e-08 -1.59792834e-08
  -1.59792834e-08  3.78539345e+00]
 [ 9.98214034e-10 -6.41889788e+00  9.98214034e-10  8.64520413e+00
   9.98214034e-10  9.98214034e-10  9.98214034e-10  9.98214034e-10
   9.98214034e-10  9.98214034e-10]]
Train validation errors
[[13504842102.92983, 368344514440.6409], [1.8699220255774645e+34, 3.537659418191892e+34], [13398896731.091145, 367223115707.8591], [3.391978321909553e+34, 6.417200232288855e+34], [13510723304.19212, 368296592820.6967], [8.320424354405312e+22, 1.6260266947579428e+23], [13309462541.590225, 366141689153.8224], [2.082519731335692e+25, 4.037521704900085e+25], [13510723304.19212, 368296592820.6967], [6.326944721668925e+41, 6.438348517557608e+41]]
Population:
[[ 0.00000000e+00  0.00000000e+00  0.00000000e+00  0.00000000e+00
   0.00000000e+00 -4.57220039e+00  0.00000000e+00  0.00000000e+00
   0.00000000e+00  0.00000000e+00]
 [-1.45799022e-12  6.27937040e+00 -1.45799022e-12 -1.45799022e-12
  -1.45799022e-12 -1.45799022e-12 -1.45799022e-12 -1.45799022e-12
  -8.98587638e+00 -7.43870950e+00]
 [-2.28980078e-13 -2.28980078e-13 -2.28980078e-13 -2.28980078e-13
  -2.28980078e-13 -2.28980078e-13 -2.28980078e-13 -6.61726765e+00
  -4.25719383e+00 -2.28980078e-13]
 [ 4.50931369e+00  4.62010753e-11  4.62010753e-11  4.62010753e-11
   4.62010753e-11  4.62010753e-11  4.62010753e-11 -4.17136006e+00
   9.22613994e+00  4.62010753e-11]
 [-7.86082958e-01 -1.75214813e-10 -1.75214813e-10 -1.75214813e-10
  -1.75214813e-10 -1.75214813e-10 -1.75214813e-10 -9.04192680e+00
  -1.75214813e-10 -1.75214813e-10]
 [-1.83669770e-15 -1.83669770e-15 -1.83669770e-15 -1.83669770e-15
  -1.83669770e-15 -1.83669770e-15 -1.83669770e-15 -1.83669770e-15
  -1.83669770e-15  9.42376367e+00]
 [ 8.52944060e-16  8.52944060e-16  8.52944060e-16  8.52944060e-16
   8.52944060e-16  8.52944060e-16  8.52944060e-16  8.52944060e-16
   8.52944060e-16  7.49099302e+00]
 [ 2.29423303e-05  2.29423303e-05 -1.52574735e+00  2.29423303e-05
  -1.52574735e+00  2.29423303e-05  2.29423303e-05 -5.57147756e+00
   2.29423303e-05  2.29423303e-05]
 [-2.04721003e-06 -2.04721003e-06 -8.29634412e+00 -1.14499322e+00
  -2.04721003e-06 -2.04721003e-06  5.02177686e-01 -2.04721003e-06
  -2.04721003e-06 -2.04721003e-06]
 [-1.59792834e-08 -1.59792834e-08 -1.59792834e-08 -1.59792834e-08
  -1.59792834e-08 -1.59792834e-08 -1.59792834e-08 -1.59792834e-08
  -1.59792834e-08 -1.59792834e-08]
 [ 9.98214034e-10  2.79157591e+00  9.98214034e-10  9.98214034e-10
   9.98214034e-10  9.98214034e-10  9.98214034e-10  9.98214034e-10
  -6.41889788e+00  9.98214034e-10]]
Train validation errors
[[1733137111362.4175, 2321731984441.7905], [3.536726258644878e+33, 6.691045288254103e+33], [5.725217653648373e+27, 1.1104430098228922e+28], [1.082617551131079e+26, 2.0989434428684193e+26], [8.320424354405312e+22, 1.6260266947579428e+23], [13510537360.084513, 368295798175.13245], [2.082519851601924e+25, 4.037521977257167e+25], [1.1094889545083212e+24, 2.1682410418450428e+24], [1.8699220255694332e+34, 3.537659418174725e+34], [3.255850621488457e+43, 3.3131747320863636e+43]]
Population:
[[ 3.96611772e+00  0.00000000e+00  0.00000000e+00 -4.57220039e+00
   0.00000000e+00  0.00000000e+00  0.00000000e+00  0.00000000e+00
   0.00000000e+00  5.80311835e+00]
 [-1.45799022e-12 -2.78409073e+00 -1.45799022e-12 -1.45799022e-12
  -1.44615563e+00 -1.20678526e+00 -1.45799022e-12 -1.45799022e-12
   6.27937040e+00 -1.45799022e-12]
 [-2.28980078e-13 -2.28980078e-13 -6.61726765e+00 -2.28980078e-13
  -2.28980078e-13 -6.61726765e+00 -2.33617593e+00 -2.28980078e-13
  -2.28980078e-13 -2.28980078e-13]
 [ 4.62010753e-11  4.62010753e-11 -4.17136006e+00  4.62010753e-11
   4.62010753e-11 -4.17136006e+00 -4.17136006e+00  4.62010753e-11
   4.62010753e-11  4.62010753e-11]
 [-1.75214813e-10 -1.75214813e-10 -9.04192680e+00 -1.75214813e-10
  -1.75214813e-10 -9.04192680e+00 -9.04192680e+00 -1.75214813e-10
  -1.75214813e-10 -1.75214813e-10]
 [-1.83669770e-15 -1.83669770e-15 -1.83669770e-15 -1.83669770e-15
  -1.83669770e-15 -1.83669770e-15 -1.83669770e-15 -1.83669770e-15
  -1.83669770e-15 -1.83669770e-15]
 [ 5.44707323e+00  8.52944060e-16  8.52944060e-16  8.52944060e-16
   8.52944060e-16  8.52944060e-16  8.52944060e-16  1.87406404e+00
   8.52944060e-16  8.52944060e-16]
 [ 2.29423303e-05 -1.52574735e+00 -4.43670024e+00 -5.57147756e+00
  -5.57147756e+00 -1.52574735e+00 -1.52574735e+00 -5.57147756e+00
   2.29423303e-05  2.29423303e-05]
 [-6.19679306e-01 -2.04721003e-06 -2.04721003e-06  3.89121487e+00
  -2.04721003e-06 -2.04721003e-06 -8.29634412e+00 -2.04721003e-06
  -2.04721003e-06 -2.04721003e-06]
 [-1.59792834e-08 -1.59792834e-08 -1.59792834e-08  6.90345244e+00
  -1.59792834e-08 -1.59792834e-08 -1.59792834e-08 -1.59792834e-08
  -1.59792834e-08  7.07926191e+00]
 [ 9.98214034e-10  9.98214034e-10  9.98214034e-10  9.98214034e-10
  -3.84141571e+00  9.98214034e-10  9.98214034e-10  9.98214034e-10
   9.98214034e-10  2.79157591e+00]]
Train validation errors
[[3.171041317201535e+25, 6.147910746893863e+25], [8.320424357250553e+22, 1.626026695294641e+23], [7.035682452248668e+23, 1.3749636315847305e+24], [9.394257381882398e+30, 1.8024000031095971e+31], [6.697240880907366e+33, 1.2670360822720766e+34], [8.321225721257998e+22, 1.6262078854259828e+23], [5.72522004096348e+27, 1.110443478212431e+28], [1.1094596925885933e+24, 2.1681748797355402e+24], [13504842102.92983, 368344514440.6409], [3.9094337548260154e+33, 7.413384579165925e+33]]
Population:
[[ 0.00000000e+00  0.00000000e+00  5.03435544e+00 -4.57220039e+00
   0.00000000e+00  0.00000000e+00  0.00000000e+00  0.00000000e+00
   0.00000000e+00  0.00000000e+00]
 [-1.45799022e-12 -1.45799022e-12 -8.50210018e+00 -1.45799022e-12
   1.07109860e+00 -5.23714582e+00 -1.45799022e-12  6.27937040e+00
  -1.45799022e-12 -1.45799022e-12]
 [-6.61726765e+00 -2.33617593e+00 -2.33617593e+00 -2.28980078e-13
  -2.28980078e-13 -2.28980078e-13 -2.33617593e+00 -2.28980078e-13
  -6.61726765e+00 -2.28980078e-13]
 [-4.17136006e+00 -4.17136006e+00 -4.17136006e+00  4.62010753e-11
   4.62010753e-11  4.62010753e-11 -4.17136006e+00 -5.22172968e+00
  -4.17136006e+00  4.62010753e-11]
 [-9.04192680e+00 -9.04192680e+00 -9.04192680e+00 -1.75214813e-10
  -1.75214813e-10 -1.75214813e-10  8.54498875e+00 -1.75214813e-10
  -9.04192680e+00 -9.15206003e+00]
 [-7.09022101e-01 -1.83669770e-15 -1.83669770e-15 -1.83669770e-15
  -1.83669770e-15 -1.83669770e-15  2.57988510e-02 -1.83669770e-15
  -1.83669770e-15 -1.83669770e-15]
 [ 8.52944060e-16  8.52944060e-16  8.52944060e-16  8.52944060e-16
   8.52944060e-16  8.52944060e-16  8.52944060e-16  8.52944060e-16
   8.52944060e-16  1.87406404e+00]
 [-1.52574735e+00 -4.43670024e+00 -5.57147756e+00 -1.52574735e+00
  -1.52574735e+00  2.29423303e-05  2.29423303e-05 -1.52574735e+00
  -5.57147756e+00 -4.43670024e+00]
 [-8.29634412e+00 -2.04721003e-06  3.89121487e+00 -8.29634412e+00
  -2.04721003e-06 -2.04721003e-06 -2.04721003e-06 -8.29634412e+00
  -2.04721003e-06 -2.04721003e-06]
 [-1.59792834e-08 -1.59792834e-08  6.90345244e+00 -1.59792834e-08
  -1.59792834e-08 -1.59792834e-08 -1.59792834e-08 -1.59792834e-08
  -1.59792834e-08 -1.59792834e-08]
 [ 9.98214034e-10  9.98214034e-10  9.98214034e-10  9.98214034e-10
   9.98214034e-10  9.98214034e-10  9.98214034e-10  5.15629237e+00
   9.98214034e-10  9.98214034e-10]]
Train validation errors
[[1.8430426211858374e+41, 1.8754923487916027e+41], [7.035682407021851e+23, 1.3749636204150797e+24], [9.394257294285662e+30, 1.8023999844370363e+31], [5.725217653648627e+27, 1.1104430098229402e+28], [8.320424353310684e+22, 1.6260266945514636e+23], [13515671973.357687, 368256679993.8694], [2.4401494622253434e+38, 2.4831119362191068e+38], [1.2049841412544397e+34, 2.279637668392139e+34], [1.1094889545083212e+24, 2.1682410418450428e+24], [7.035682559174019e+23, 1.3749637392857632e+24]]
Population:
[[ 6.88781578e+00 -3.42263486e+00  0.00000000e+00  0.00000000e+00
  -4.57220039e+00  5.03435544e+00  0.00000000e+00  0.00000000e+00
   0.00000000e+00  0.00000000e+00]
 [-1.45799022e-12  1.07109860e+00 -5.23714582e+00 -7.44733236e+00
  -1.45799022e-12 -9.85514397e+00  1.07109860e+00  6.27937040e+00
   6.56825539e+00 -1.45799022e-12]
 [-2.33617593e+00 -2.28980078e-13 -2.28980078e-13 -2.33617593e+00
  -2.28980078e-13 -3.32100882e+00 -2.28980078e-13 -2.28980078e-13
  -2.28980078e-13 -2.33617593e+00]
 [-4.17136006e+00  4.62010753e-11  4.62010753e-11 -4.17136006e+00
   4.62010753e-11 -1.13489630e-01  4.62010753e-11 -5.22172968e+00
   4.62010753e-11 -4.17136006e+00]
 [-9.04192680e+00 -1.75214813e-10 -1.75214813e-10 -9.04192680e+00
  -1.75214813e-10 -9.04192680e+00 -1.75214813e-10 -1.75214813e-10
  -1.75214813e-10 -9.04192680e+00]
 [-1.83669770e-15 -1.83669770e-15 -1.83669770e-15 -1.83669770e-15
  -1.83669770e-15 -1.83669770e-15 -1.83669770e-15 -1.83669770e-15
   1.07914099e+00 -1.83669770e-15]
 [ 8.52944060e-16  8.52944060e-16  8.52944060e-16 -7.61647816e+00
   8.52944060e-16  8.52944060e-16  2.76751395e+00  6.90749189e+00
   8.52944060e-16  8.52944060e-16]
 [-1.52574735e+00 -4.43670024e+00 -4.43670024e+00  2.29423303e-05
  -5.57147756e+00 -1.52574735e+00 -1.52574735e+00 -1.52574735e+00
  -4.43670024e+00  2.29423303e-05]
 [-2.04721003e-06 -2.04721003e-06 -2.04721003e-06 -2.04721003e-06
   3.89121487e+00 -8.29634412e+00 -8.29634412e+00 -2.04721003e-06
   7.44944825e+00 -2.04721003e-06]
 [-1.59792834e-08 -1.59792834e-08 -1.59792834e-08 -1.59792834e-08
   6.90345244e+00 -1.59792834e-08 -1.59792834e-08 -1.59792834e-08
  -1.59792834e-08 -1.59792834e-08]
 [ 9.98214034e-10  9.98214034e-10  9.98214034e-10 -8.81721346e+00
   9.98214034e-10  9.98214034e-10  3.62255145e+00  9.98214034e-10
   9.98214034e-10  9.98214034e-10]]
Train validation errors
[[8.321225564380836e+22, 1.6262078467511052e+23], [7.03544943149985e+23, 1.3749109449050468e+24], [7.035449433359745e+23, 1.3749109452545068e+24], [3.528298121019216e+34, 6.675100302239305e+34], [9.394257381882398e+30, 1.8024000031095971e+31], [5.72522002168302e+27, 1.1104434738456481e+28], [5.944054719725551e+33, 1.124511468873823e+34], [8.320435663669488e+22, 1.6260288905276247e+23], [4.269452156540978e+41, 4.344622518868113e+41], [277118172575211.3, 513834243420954.4]]
Population:
[[ 0.00000000e+00  0.00000000e+00  6.88781578e+00  0.00000000e+00
   0.00000000e+00 -3.42263486e+00  6.88781578e+00  0.00000000e+00
   0.00000000e+00  0.00000000e+00]
 [ 3.82895645e+00  1.07109860e+00 -1.45799022e-12 -5.23714582e+00
  -5.23714582e+00  1.07109860e+00 -5.15011694e-01 -1.45799022e-12
   6.27937040e+00  2.26177210e+00]
 [-2.28980078e-13 -2.28980078e-13 -2.33617593e+00 -2.28980078e-13
  -2.28980078e-13 -2.28980078e-13 -2.33617593e+00 -2.33617593e+00
  -2.28980078e-13 -2.33617593e+00]
 [-5.22172968e+00  4.62010753e-11 -4.17136006e+00  4.62010753e-11
   4.62010753e-11  4.62010753e-11 -4.17136006e+00 -4.17136006e+00
  -5.22172968e+00 -4.17136006e+00]
 [-1.75214813e-10 -1.75214813e-10 -9.04192680e+00 -1.75214813e-10
  -1.75214813e-10 -1.75214813e-10 -9.04192680e+00 -9.04192680e+00
  -1.75214813e-10 -9.04192680e+00]
 [-1.83669770e-15 -1.83669770e-15 -1.83669770e-15 -1.83669770e-15
  -1.83669770e-15 -1.83669770e-15 -6.72620256e-01 -1.83669770e-15
  -1.83669770e-15 -1.83669770e-15]
 [ 6.90749189e+00  2.76751395e+00  8.52944060e-16  8.52944060e-16
   8.52944060e-16  8.52944060e-16  8.52944060e-16  8.52944060e-16
   6.90749189e+00  8.52944060e-16]
 [-1.52574735e+00 -1.52574735e+00 -4.43670024e+00 -1.52574735e+00
  -4.43670024e+00 -4.89960875e+00  2.29423303e-05 -1.52574735e+00
   2.29423303e-05 -1.52574735e+00]
 [-8.29634412e+00 -2.04721003e-06 -2.04721003e-06 -2.04721003e-06
  -2.04721003e-06 -2.04721003e-06 -2.04721003e-06 -2.04721003e-06
  -2.04721003e-06 -2.04721003e-06]
 [-1.59792834e-08 -1.59792834e-08  7.12107130e+00 -1.59792834e-08
  -1.59792834e-08 -1.59792834e-08 -1.59792834e-08 -1.59792834e-08
  -5.37404296e+00 -1.59792834e-08]
 [ 3.62255145e+00  9.98214034e-10  6.58161288e+00  9.98214034e-10
   9.98214034e-10  9.98214034e-10  9.98214034e-10  9.98214034e-10
   9.98214034e-10  9.98214034e-10]]
Train validation errors
[[5.944054719699646e+33, 1.1245114688682905e+34], [8.320424353315129e+22, 1.6260266945540288e+23], [2.0529799553129678e+34, 3.8880315341938947e+34], [8.32042435975749e+22, 1.6260266957675238e+23], [7.035449433359745e+23, 1.3749109452545068e+24], [8.58013360508333e+23, 1.67678275970515e+24], [1.6586531673698954e+41, 1.6878562324560131e+41], [8.32122556448289e+22, 1.6262078467798513e+23], [5.570055395174716e+30, 1.0678252430990895e+31], [8.321225562171357e+22, 1.6262078463438148e+23]]
Population:
[[ 0.00000000e+00  0.00000000e+00 -6.62861271e+00  0.00000000e+00
  -3.42263486e+00  0.00000000e+00  0.00000000e+00  0.00000000e+00
   0.00000000e+00  0.00000000e+00]
 [-5.23714582e+00 -5.23714582e+00 -1.45799022e-12 -5.23714582e+00
   1.07109860e+00 -5.23714582e+00  1.07109860e+00  2.26177210e+00
   1.07109860e+00  5.35524040e+00]
 [-2.28980078e-13 -2.28980078e-13 -2.33617593e+00 -2.28980078e-13
  -2.28980078e-13 -8.14879514e+00 -7.58848480e+00 -2.33617593e+00
  -2.28980078e-13 -2.33617593e+00]
 [ 4.62010753e-11  4.62010753e-11  9.22299594e+00  4.62010753e-11
   4.62010753e-11  4.62010753e-11  4.62010753e-11 -4.17136006e+00
   4.62010753e-11 -4.17136006e+00]
 [-1.75214813e-10 -1.75214813e-10  7.63640165e+00 -1.75214813e-10
  -1.75214813e-10 -1.75214813e-10 -1.75214813e-10 -9.04192680e+00
  -1.75214813e-10  3.47911940e+00]
 [-1.83669770e-15 -1.83669770e-15 -1.83669770e-15 -1.83669770e-15
  -1.83669770e-15  8.22689384e+00 -1.83669770e-15 -1.83669770e-15
  -7.76655759e+00 -1.83669770e-15]
 [ 8.52944060e-16  8.52944060e-16  8.52944060e-16  8.52944060e-16
   8.52944060e-16  8.52944060e-16  2.76751395e+00  8.52944060e-16
   2.76751395e+00  3.27890300e+00]
 [-4.43670024e+00 -1.52574735e+00 -4.43670024e+00 -4.43670024e+00
  -1.52574735e+00 -4.89960875e+00 -1.52574735e+00 -1.52574735e+00
  -1.52574735e+00 -1.52574735e+00]
 [-2.04721003e-06 -2.04721003e-06 -4.77299554e+00 -2.04721003e-06
  -2.04721003e-06 -2.04721003e-06 -2.04721003e-06 -1.16649467e+00
  -6.78834445e+00 -2.04721003e-06]
 [-1.59792834e-08 -1.59792834e-08 -1.59792834e-08  7.12107130e+00
  -1.59792834e-08 -1.59792834e-08 -1.59792834e-08 -1.59792834e-08
  -1.59792834e-08 -1.59792834e-08]
 [ 9.98214034e-10  9.98214034e-10  9.98214034e-10  6.58161288e+00
   7.79726985e+00  9.98214034e-10  9.98214034e-10  9.98214034e-10
   9.98214034e-10  2.86113253e+00]]
Train validation errors
[[7.035449433359745e+23, 1.3749109452545068e+24], [8.32042435975749e+22, 1.6260266957675238e+23], [1.9510117302827702e+27, 3.7902036612534514e+27], [2.0529799557510939e+34, 3.888031535052393e+34], [2.7592194546945934e+34, 5.220098441399657e+34], [2.4813469031851377e+43, 2.525034719324704e+43], [8.320424628998545e+22, 1.6260267626400022e+23], [1.1825151779057898e+26, 2.299051623140225e+26], [2.211428196520619e+43, 2.2503637101107446e+43], [3.715134713502649e+33, 7.028568631893212e+33]]
Population:
[[ 0.00000000e+00  0.00000000e+00  0.00000000e+00  0.00000000e+00
   0.00000000e+00  0.00000000e+00  0.00000000e+00 -6.62861271e+00
   0.00000000e+00 -6.62861271e+00]
 [ 5.35524040e+00 -5.23714582e+00 -5.23714582e+00 -5.23714582e+00
  -5.23714582e+00 -5.23714582e+00  1.07109860e+00 -1.45799022e-12
  -5.23714582e+00 -1.45799022e-12]
 [-2.33617593e+00 -2.28980078e-13 -2.28980078e-13 -2.28980078e-13
  -2.28980078e-13 -8.74485669e+00 -7.58848480e+00 -2.33617593e+00
  -8.34598559e-01 -2.33617593e+00]
 [-4.17136006e+00  6.43546951e+00  4.62010753e-11  4.62010753e-11
   4.62010753e-11  4.62010753e-11  4.62010753e-11  9.22299594e+00
   4.62010753e-11  9.22299594e+00]
 [ 3.47911940e+00 -1.75214813e-10 -1.75214813e-10 -1.75214813e-10
  -1.75214813e-10 -1.75214813e-10 -1.75214813e-10  7.63640165e+00
  -1.75214813e-10  7.63640165e+00]
 [-1.83669770e-15 -1.83669770e-15 -1.83669770e-15 -1.83669770e-15
  -1.83669770e-15 -1.83669770e-15 -1.83669770e-15 -1.83669770e-15
   9.69405699e+00 -1.83669770e-15]
 [ 3.27890300e+00 -9.48942868e+00  8.52944060e-16  8.52944060e-16
   8.52944060e-16  8.52944060e-16  2.76751395e+00  8.52944060e-16
  -7.43165184e+00 -1.55452271e+00]
 [-4.43670024e+00 -1.52574735e+00 -4.43670024e+00 -1.52574735e+00
   3.09855344e+00 -4.43670024e+00 -4.43670024e+00 -1.52574735e+00
  -4.43670024e+00 -4.43670024e+00]
 [-2.04721003e-06 -2.04721003e-06 -2.04721003e-06 -2.04721003e-06
  -2.04721003e-06 -2.04721003e-06 -4.77299554e+00 -3.70267827e+00
  -4.77299554e+00 -2.04721003e-06]
 [-1.59792834e-08 -1.59792834e-08  7.12107130e+00 -1.59792834e-08
  -1.59792834e-08  7.12107130e+00 -1.59792834e-08  6.63346431e-01
  -1.59792834e-08  2.71560581e+00]
 [ 9.98214034e-10  2.86113253e+00  6.58161288e+00  9.98214034e-10
   9.98214034e-10  6.58161288e+00  9.98214034e-10  9.98214034e-10
   9.98214034e-10  2.99492682e+00]]
Train validation errors
[[7.035363462455562e+23, 1.3748913918189804e+24], [3.7151347128329113e+33, 7.028568630591914e+33], [2.0529799557510939e+34, 3.888031535052393e+34], [8.32042435975749e+22, 1.6260266957675238e+23], [3.4314584330413e+23, 6.705978236702883e+23], [2.0529799557509092e+34, 3.88803153505203e+34], [1.9510129222252926e+27, 3.7902060092716535e+27], [6.68455451080749e+28, 1.2684056653769958e+29], [3.44529830255214e+43, 3.50595790553799e+43], [4.2214801901950466e+33, 7.993528156501833e+33]]
Population:
[[ 0.00000000e+00 -1.01521951e-01  0.00000000e+00 -6.62861271e+00
   0.00000000e+00  0.00000000e+00  0.00000000e+00 -6.62861271e+00
   0.00000000e+00  0.00000000e+00]
 [-5.23714582e+00  1.07109860e+00 -5.23714582e+00 -1.45799022e-12
   5.35524040e+00 -5.23714582e+00  5.35524040e+00 -1.45799022e-12
  -5.23714582e+00  9.25924570e-01]
 [-2.28980078e-13 -8.09349783e+00 -2.28980078e-13 -2.33617593e+00
  -2.33617593e+00 -2.28980078e-13  7.63729175e+00 -2.33617593e+00
  -2.28980078e-13  2.97786417e+00]
 [ 4.62010753e-11  4.62010753e-11  6.43546951e+00  9.22299594e+00
  -4.17136006e+00  6.43546951e+00 -4.17136006e+00  9.22299594e+00
   6.43546951e+00 -1.99509879e+00]
 [-1.75214813e-10 -1.75214813e-10 -1.75214813e-10  7.63640165e+00
   3.47911940e+00 -1.75214813e-10  3.47911940e+00  7.63640165e+00
  -1.75214813e-10  3.47911940e+00]
 [-1.83669770e-15 -1.83669770e-15 -1.83669770e-15 -1.83669770e-15
  -1.83669770e-15 -1.83669770e-15 -1.83669770e-15 -1.83669770e-15
  -1.83669770e-15 -1.83669770e-15]
 [ 8.52944060e-16  2.76751395e+00 -9.48942868e+00 -1.55452271e+00
   3.27890300e+00 -9.48942868e+00  3.27890300e+00  8.52944060e-16
  -9.48942868e+00  3.27890300e+00]
 [-4.43670024e+00 -1.52574735e+00 -4.43670024e+00  9.43322160e+00
  -1.52574735e+00 -4.43670024e+00 -1.52574735e+00 -4.43670024e+00
  -4.43670024e+00 -1.52574735e+00]
 [-4.77299554e+00 -2.04721003e-06 -2.04721003e-06  7.25442647e-01
  -2.04721003e-06 -2.04721003e-06 -3.70267827e+00 -2.04721003e-06
  -2.04721003e-06 -4.51727882e+00]
 [-9.40986894e+00 -1.59792834e-08 -7.17982437e-01 -1.59792834e-08
  -1.59792834e-08 -1.59792834e-08  6.63346431e-01 -1.59792834e-08
  -1.59792834e-08  1.06836343e+00]
 [ 9.98214034e-10  9.98214034e-10  2.99492682e+00  2.86113253e+00
   2.86113253e+00  9.98214034e-10  9.98214034e-10  9.98214034e-10
   9.98214034e-10  2.86113253e+00]]
Train validation errors
[[1.7433871576649807e+31, 3.3446701331003496e+31], [8.320424647346758e+22, 1.6260267671715417e+23], [4.031250399350815e+33, 7.624768550697338e+33], [3.716178022321565e+33, 7.030585738198364e+33], [3.715134713502649e+33, 7.028568631893212e+33], [7.035445378091927e+23, 1.374910157909154e+24], [6.684554156693807e+28, 1.2684055894312457e+29], [7.035249129560678e+23, 1.374865772373859e+24], [7.035445378091927e+23, 1.374910157909154e+24], [3.7664869441801465e+33, 7.12822335289942e+33]]
Population:
[[ 0.00000000e+00 -1.10832361e+00  3.19484293e+00  0.00000000e+00
   0.00000000e+00  0.00000000e+00  0.00000000e+00 -6.62861271e+00
   0.00000000e+00  0.00000000e+00]
 [-5.23714582e+00 -1.45799022e-12  5.35524040e+00  2.92635207e+00
  -5.23714582e+00 -7.39677026e+00  9.25924570e-01 -1.45799022e-12
  -5.23714582e+00 -2.70976667e+00]
 [-2.28980078e-13 -2.33617593e+00  7.63729175e+00 -2.28980078e-13
  -2.28980078e-13  1.21512337e-01  2.97786417e+00  6.95112820e-01
  -2.28980078e-13 -2.33617593e+00]
 [ 4.62010753e-11  9.22299594e+00 -4.17136006e+00  6.43546951e+00
   6.43546951e+00  6.43546951e+00 -1.99509879e+00  9.22299594e+00
   6.43546951e+00 -4.17136006e+00]
 [-1.75214813e-10  7.63640165e+00  3.47911940e+00 -1.75214813e-10
  -1.75214813e-10 -1.75214813e-10  3.47911940e+00  7.63640165e+00
  -1.75214813e-10  3.47911940e+00]
 [-1.83669770e-15 -1.83669770e-15 -1.83669770e-15 -1.83669770e-15
   3.05229103e+00 -1.83669770e-15 -1.83669770e-15 -1.83669770e-15
  -1.83669770e-15 -1.83669770e-15]
 [ 8.52944060e-16 -1.55452271e+00  3.27890300e+00 -9.48942868e+00
  -9.48942868e+00 -9.48942868e+00  3.27890300e+00  8.52944060e-16
  -9.48942868e+00  3.27890300e+00]
 [-5.46288266e+00 -4.43670024e+00 -4.43670024e+00 -1.52574735e+00
  -4.43670024e+00 -4.43670024e+00 -4.43670024e+00 -1.52574735e+00
  -1.52574735e+00 -4.43670024e+00]
 [ 7.25442647e-01 -4.77299554e+00 -2.04721003e-06 -3.70267827e+00
  -2.04721003e-06 -2.04721003e-06 -2.04721003e-06  6.37250295e+00
  -2.04721003e-06 -2.04721003e-06]
 [-1.59792834e-08  7.67429840e+00 -1.59792834e-08 -1.62384445e+00
  -1.59792834e-08 -1.59792834e-08 -1.59792834e-08  1.06836343e+00
  -1.59792834e-08 -1.59792834e-08]
 [ 2.86113253e+00  9.98214034e-10  9.98214034e-10  9.98214034e-10
   9.98214034e-10  9.98214034e-10  9.98214034e-10  2.86113253e+00
   2.86113253e+00  9.98214034e-10]]
Train validation errors
[[3.715848208407851e+33, 7.029930354101493e+33], [1.1071760271104145e+31, 2.120554699366284e+31], [7.035363357083154e+23, 1.3748913657944188e+24], [5.566473454476479e+29, 1.070433106928648e+30], [3.415604506910157e+42, 3.475741322133362e+42], [7.03544537745005e+23, 1.3749101577131863e+24], [7.035362036286862e+23, 1.3748911119518865e+24], [3.778596918095918e+33, 7.151445499393918e+33], [3.7151347128329113e+33, 7.028568630591914e+33], [7.035363464852252e+23, 1.3748913922710663e+24]]
