No of generations: 14
Population size: 12
Mutation coefficient: 0.1
Split point: 7
One offspring per pair
Population:
[[ 0.00000000e+00 -7.94804524e+00  5.98216267e+00 -3.54120149e+00
  -4.43338848e-01 -3.22566620e+00  1.00159096e+00  2.85243204e+00
   5.75873370e+00  4.03859126e+00  9.63783840e+00  2.41550575e+00]
 [-1.45799022e-12  4.46425789e+00 -8.47684107e+00  8.18107713e+00
  -4.51807826e-01 -6.74043157e+00  6.87070334e+00 -5.15728370e+00
  -5.69014926e+00 -4.66205486e-01  3.72610083e+00  9.19058307e+00]
 [-2.28980078e-13  6.57889334e-01  2.97044741e+00  6.86565903e+00
  -5.00698739e-01  5.48351901e+00  3.10152261e+00 -2.11637801e+00
  -8.72308356e+00  1.29771293e+00 -2.95504586e+00 -6.24518340e+00]
 [ 4.62010753e-11 -5.43785581e+00 -1.41935195e+00 -4.43927408e+00
  -8.30355780e+00  1.80235039e+00  8.53253118e+00 -5.59795299e+00
   4.35847570e+00  4.68024311e+00 -8.40978365e+00  2.07368083e+00]
 [-1.75214813e-10  8.28721589e+00  9.36726187e+00  6.87886111e+00
   9.07130602e+00  6.20185056e-01 -5.30453075e+00 -7.67674968e+00
   8.59011774e+00 -1.56479686e+00 -1.24475616e+00 -5.75280404e+00]
 [-1.83669770e-15  6.89631060e-01 -2.52586118e+00 -3.18529477e-01
  -8.07658148e+00 -4.12460198e+00  8.50077921e+00 -7.32127965e+00
   2.64732076e+00  5.27525142e+00 -1.03392134e-01  3.03541262e+00]
 [ 8.52944060e-16  9.20470741e+00  7.71728027e+00 -6.75417643e+00
  -7.52846124e+00  8.00767149e+00 -8.77043937e+00  5.16911289e+00
  -6.45927875e+00 -6.19269397e+00 -3.41514141e-01  6.65271012e+00]
 [ 2.29423303e-05  3.51199549e+00 -1.71224162e+00  8.71294392e+00
  -6.31327693e+00  7.46405595e+00  3.70213771e-01 -6.47156172e+00
   7.64989431e+00 -6.85840063e+00  9.60800979e-01 -3.60605756e+00]
 [-2.04721003e-06  3.66727710e+00  8.73245448e-01 -3.49756683e+00
   4.50460636e+00  9.35008504e+00 -8.91973700e+00 -4.86189400e+00
  -2.35971933e-01  8.59601261e+00 -1.32147577e+00  8.18500007e+00]
 [-1.59792834e-08 -3.26511259e-01  5.20930871e+00 -4.30047453e+00
   5.48322544e+00  6.34428643e+00  9.43717115e+00  6.00493788e+00
   2.79484054e+00 -8.06312314e+00  2.38085655e+00 -4.08821583e+00]
 [ 9.98214034e-10  2.30461289e+00 -4.16319308e+00 -8.99189328e+00
  -5.09345088e+00 -1.85018087e+00  4.93490975e-01 -6.92655871e-01
  -9.49459978e-01 -3.45955688e+00  3.84015463e+00  2.19837102e+00]]
Train validation errors
[[13510723304.19212, 368296592820.6967], [1.7439828665953387e+41, 1.7748176189468846e+41], [2.3392648829385963e+42, 2.38053463569614e+42], [3.7265663248963607e+40, 3.794540716662462e+40], [2.391597194017405e+43, 2.4337376108410714e+43], [6.23722471009558e+42, 6.347097985156729e+42], [2.6493260143465814e+43, 2.695976117102936e+43], [1.9651326438900084e+43, 1.9997351354947213e+43], [2.5693273199936538e+42, 2.6145449291751435e+42], [1.0201943371314855e+43, 1.0381407897897311e+43], [3.9096924876275616e+39, 3.975255254948446e+39], [3.3780853344773614e+42, 3.437613955500587e+42]]
Population:
[[ 3.37219439e-01  0.00000000e+00  0.00000000e+00  2.85243204e+00
  -7.94804524e+00  4.03859126e+00  9.63783840e+00 -3.22566620e+00
   4.03859126e+00 -7.94804524e+00 -7.94804524e+00  2.85243204e+00]
 [ 3.72610083e+00 -1.45799022e-12  3.22881633e+00 -5.15728370e+00
   4.46425789e+00 -5.52286726e+00  3.72610083e+00 -6.74043157e+00
  -4.66205486e-01  4.46425789e+00  4.46425789e+00 -5.15728370e+00]
 [-2.95504586e+00 -2.28980078e-13 -2.28980078e-13 -2.11637801e+00
   6.57889334e-01  1.29771293e+00 -2.95504586e+00  5.48351901e+00
   1.29771293e+00 -9.60674780e+00  6.57889334e-01 -2.11637801e+00]
 [-8.40978365e+00  4.62010753e-11  4.62010753e-11 -5.59795299e+00
  -5.43785581e+00 -9.38757377e+00 -8.40978365e+00  1.80235039e+00
   4.68024311e+00 -5.43785581e+00 -5.43785581e+00  6.92007683e-01]
 [-1.24475616e+00 -1.75214813e-10 -1.75214813e-10 -7.67674968e+00
   8.28721589e+00 -1.56479686e+00 -1.24475616e+00  6.20185056e-01
  -1.56479686e+00  8.28721589e+00  8.28721589e+00 -7.67674968e+00]
 [-1.03392134e-01 -1.83669770e-15 -4.17136006e+00 -7.32127965e+00
   6.89631060e-01  5.27525142e+00 -1.03392134e-01 -4.12460198e+00
   5.27525142e+00  6.89631060e-01  6.89631060e-01 -7.32127965e+00]
 [-3.41514141e-01  8.52944060e-16  8.52944060e-16  5.16911289e+00
   4.14649896e+00  7.67374069e+00 -5.94750490e+00  8.00767149e+00
  -6.19269397e+00  9.20470741e+00  9.20470741e+00  5.16911289e+00]
 [ 2.29423303e-05  9.60800979e-01 -6.47156172e+00  2.29423303e-05
  -6.85840063e+00  3.51199549e+00  7.46405595e+00  9.60800979e-01
   3.51199549e+00 -6.85840063e+00 -6.47156172e+00  3.51199549e+00]
 [-2.04721003e-06 -1.32147577e+00 -4.86189400e+00 -2.04721003e-06
   8.59601261e+00  3.66727710e+00  9.35008504e+00 -1.32147577e+00
   3.66727710e+00  8.59601261e+00 -4.86189400e+00 -4.94546556e+00]
 [-4.25719383e+00  2.38085655e+00  6.00493788e+00 -1.59792834e-08
  -8.06312314e+00 -3.26511259e-01 -9.35398398e+00  2.38085655e+00
  -3.26511259e-01 -8.06312314e+00  6.00493788e+00 -3.26511259e-01]
 [ 9.98214034e-10  3.81000013e+00 -6.92655871e-01  9.98214034e-10
  -3.45955688e+00  2.30461289e+00 -1.85018087e+00  3.84015463e+00
   2.30461289e+00 -3.45955688e+00 -1.96544045e+00  2.30461289e+00]]
Train validation errors
[[3.919349249887188e+39, 3.988430387231259e+39], [6.753779088520479e+33, 1.278508104354868e+34], [6.379327259576237e+42, 6.491664198572604e+42], [1.9651227797083361e+43, 1.9997216998243279e+43], [1.7430229003738515e+41, 1.7735076375089912e+41], [1.0202677709720967e+43, 1.0382409997499619e+43], [3.924091810894458e+39, 3.9949044564325043e+39], [6.236680976761584e+42, 6.34635624472162e+42], [1.0202677709720967e+43, 1.0382409997499624e+43], [1.7430229003738508e+41, 1.7735076375089912e+41], [1.7433105655563433e+41, 1.7739005821124694e+41], [1.9650832477951463e+43, 1.999667766830531e+43]]
Population:
[[ 0.00000000e+00  4.03859126e+00  9.63783840e+00  2.85243204e+00
   4.03859126e+00  0.00000000e+00  9.67975314e-01  0.00000000e+00
   3.37219439e-01  0.00000000e+00 -7.94804524e+00  0.00000000e+00]
 [-1.45799022e-12 -5.52286726e+00  3.72610083e+00 -5.15728370e+00
  -4.66205486e-01  3.22881633e+00  3.72610083e+00 -3.00222210e+00
   3.72610083e+00 -1.45799022e-12 -4.71919201e+00 -1.45799022e-12]
 [-2.28980078e-13  1.29771293e+00 -2.95504586e+00 -2.11637801e+00
   1.29771293e+00 -2.28980078e-13 -2.95504586e+00  2.46394769e+00
  -2.95504586e+00 -2.28980078e-13  6.57889334e-01 -2.28980078e-13]
 [ 4.62010753e-11 -9.38757377e+00 -8.40978365e+00  6.92007683e-01
   4.68024311e+00  4.62010753e-11 -8.40978365e+00  4.62010753e-11
  -8.40978365e+00  4.62010753e-11  6.12933721e+00  4.62010753e-11]
 [-1.75214813e-10  2.28658695e+00 -1.24475616e+00 -7.67674968e+00
  -1.56479686e+00 -1.75214813e-10 -1.24475616e+00 -7.63335466e+00
  -1.24475616e+00 -1.75214813e-10  8.28721589e+00 -1.75214813e-10]
 [-6.07547265e+00  5.27525142e+00 -1.03392134e-01  3.83667658e+00
  -5.66735397e+00 -4.17136006e+00 -1.03392134e-01 -1.83669770e-15
  -1.03392134e-01 -1.83669770e-15  6.89631060e-01 -1.83669770e-15]
 [ 8.52944060e-16  7.67374069e+00 -5.94750490e+00  5.16911289e+00
   9.81927774e+00  8.52944060e-16 -5.94750490e+00  8.52944060e-16
  -3.41514141e-01  8.52944060e-16 -8.21945973e+00  8.52944060e-16]
 [ 3.51199549e+00  9.60800979e-01  3.51199549e+00  7.46405595e+00
  -6.47156172e+00  3.51199549e+00  9.60800979e-01  7.46405595e+00
   9.60800979e-01  6.35172050e+00  9.60800979e-01 -6.47156172e+00]
 [ 3.66727710e+00 -1.32147577e+00 -4.94546556e+00  9.35008504e+00
  -4.86189400e+00  3.66727710e+00 -1.32147577e+00  9.35008504e+00
  -1.32147577e+00 -2.04721003e-06 -1.32147577e+00 -4.86189400e+00]
 [-6.67477080e+00  2.38085655e+00 -3.26511259e-01 -9.35398398e+00
   6.00493788e+00 -3.26511259e-01  2.38085655e+00 -9.35398398e+00
   2.38085655e+00 -4.25719383e+00  2.38085655e+00  6.00493788e+00]
 [ 2.30461289e+00  3.81000013e+00  2.30461289e+00 -1.85018087e+00
  -6.92655871e-01  2.30461289e+00  3.81000013e+00 -1.85018087e+00
   2.34357300e+00  9.98214034e-10  3.81000013e+00 -1.96544045e+00]]
Train validation errors
[[1.3532121389954497e+43, 1.3770267255596926e+43], [1.0202871031049997e+43, 1.0382673826564465e+43], [3.9135588706360216e+39, 3.9805295300283054e+39], [5.396488997970343e+42, 5.491438363301138e+42], [1.177549550689367e+43, 1.1982846986305173e+43], [6.379045474485263e+42, 6.491279879686679e+42], [3.9097657036277035e+39, 3.975355090823422e+39], [1.88091394507724e+33, 3.5735067049719566e+33], [3.913327227138517e+39, 3.980212039312538e+39], [3.490993533649077e+30, 6.692423755328012e+30], [1.7442356324776653e+41, 1.7751625930770157e+41], [1.546857802761379e+33, 2.916577618743144e+33]]
Population:
[[-4.78626742e+00 -7.94804524e+00  0.00000000e+00  9.67975314e-01
   3.37219439e-01  2.85243204e+00  7.17908453e+00  0.00000000e+00
   0.00000000e+00  9.67975314e-01  0.00000000e+00  4.03859126e+00]
 [-3.00222210e+00 -4.71919201e+00 -1.45799022e-12  3.72610083e+00
   3.72610083e+00 -5.15728370e+00 -3.00222210e+00 -1.45799022e-12
  -1.45799022e-12  3.72610083e+00 -1.45799022e-12 -4.66205486e-01]
 [ 2.46394769e+00  6.57889334e-01 -2.28980078e-13 -2.95504586e+00
  -2.95504586e+00 -2.11637801e+00  2.46394769e+00 -2.28980078e-13
  -3.84141571e+00 -2.95504586e+00  8.07216716e+00  1.29771293e+00]
 [ 4.62010753e-11  6.12933721e+00  4.62010753e-11 -8.40978365e+00
  -8.40978365e+00  6.92007683e-01  4.62010753e-11  4.62010753e-11
   4.62010753e-11 -8.40978365e+00  4.62010753e-11  4.68024311e+00]
 [-7.63335466e+00  8.28721589e+00 -1.75214813e-10 -1.24475616e+00
  -1.24475616e+00 -7.67674968e+00 -7.63335466e+00 -1.75214813e-10
   9.82199549e+00 -1.24475616e+00 -1.75214813e-10 -1.56479686e+00]
 [ 1.79707732e+00  6.89631060e-01 -1.83669770e-15 -1.03392134e-01
  -1.03392134e-01  3.83667658e+00 -1.83669770e-15 -1.83669770e-15
  -1.83669770e-15 -1.03392134e-01 -1.83669770e-15 -5.66735397e+00]
 [-5.42317711e+00 -8.21945973e+00  8.52944060e-16 -5.94750490e+00
  -3.41514141e-01  5.16911289e+00  8.52944060e-16  4.91753506e+00
   8.52944060e-16 -5.94750490e+00  8.52944060e-16  9.81927774e+00]
 [ 9.60800979e-01 -6.25893875e+00  9.60800979e-01 -6.47156172e+00
   7.46405595e+00  9.60800979e-01  6.35172050e+00  7.46405595e+00
   9.60800979e-01 -6.47156172e+00 -6.47156172e+00  7.03971124e+00]
 [-1.32147577e+00 -5.00895060e+00 -9.65549414e+00 -4.86189400e+00
   9.35008504e+00 -9.82495730e+00 -2.04721003e-06  9.35008504e+00
  -1.32147577e+00 -4.86189400e+00 -4.86189400e+00 -4.86189400e+00]
 [ 2.38085655e+00 -9.35398398e+00  2.38085655e+00  6.00493788e+00
  -9.35398398e+00  2.38085655e+00  2.84355565e+00 -9.35398398e+00
   2.38085655e+00  5.70231916e+00  6.00493788e+00  6.00493788e+00]
 [ 3.81000013e+00 -1.85018087e+00  3.81000013e+00  6.42792197e+00
  -1.85018087e+00  6.70630426e+00  9.98214034e-10 -1.85018087e+00
   3.81000013e+00 -1.96544045e+00 -6.92655871e-01 -1.96544045e+00]]
Train validation errors
[[1.1841562985558655e+42, 1.2050616984978095e+42], [1.743278722892655e+41, 1.7738565787064538e+41], [6.741385043825838e+33, 1.2761310051042032e+34], [3.903237751589389e+39, 3.966453540415523e+39], [3.924091810894458e+39, 3.9949044564325043e+39], [5.3972818280654854e+42, 5.492520289011619e+42], [1.5624676715604815e+30, 2.9954432435051e+30], [1.8809139439722117e+33, 3.573506702794696e+33], [6.753779091226666e+33, 1.2785081048843097e+34], [3.9236436108632494e+39, 3.9942848456275127e+39], [1.4938862001008387e+32, 2.7924062223793627e+32], [1.177566513389381e+43, 1.198307841620844e+43]]
Population:
[[ 7.17908453e+00  0.00000000e+00  3.37219439e-01  7.17908453e+00
  -7.94804524e+00  7.17908453e+00  7.17908453e+00  0.00000000e+00
   0.00000000e+00  9.67975314e-01  0.00000000e+00  0.00000000e+00]
 [-3.00222210e+00  9.21205301e+00  3.72610083e+00 -3.00222210e+00
  -4.71919201e+00 -3.00222210e+00 -3.00222210e+00 -1.45799022e-12
  -1.45799022e-12  3.72610083e+00 -1.45799022e-12 -1.45799022e-12]
 [ 4.66763292e+00  9.30094416e+00 -2.95504586e+00  2.46394769e+00
   6.57889334e-01  2.46394769e+00  2.46394769e+00 -2.28980078e-13
  -3.84141571e+00 -2.95504586e+00  8.07216716e+00 -2.28980078e-13]
 [ 4.62010753e-11  4.62010753e-11 -8.40978365e+00 -3.84418177e+00
   6.12933721e+00  4.62010753e-11  4.62010753e-11  4.62010753e-11
   4.62010753e-11 -8.40978365e+00  4.62010753e-11  4.62010753e-11]
 [-7.63335466e+00 -1.75214813e-10 -1.24475616e+00 -7.63335466e+00
   8.28721589e+00 -7.63335466e+00 -7.63335466e+00 -1.75214813e-10
   9.82199549e+00 -1.24475616e+00 -1.75214813e-10 -1.75214813e-10]
 [-1.83669770e-15 -1.83669770e-15 -1.03392134e-01 -1.83669770e-15
   6.89631060e-01 -1.83669770e-15 -1.83669770e-15 -1.83669770e-15
  -1.83669770e-15 -1.03392134e-01 -1.83669770e-15 -1.83669770e-15]
 [ 9.00231628e+00  8.52944060e-16 -3.41514141e-01  8.52944060e-16
  -8.21945973e+00  8.52944060e-16  8.52944060e-16  4.91753506e+00
   8.52944060e-16 -5.94750490e+00  8.52944060e-16  8.52944060e-16]
 [-6.47156172e+00  6.35172050e+00  6.35172050e+00  7.46405595e+00
   6.35172050e+00 -8.38584374e-01  7.46405595e+00  6.35172050e+00
  -6.47156172e+00  9.60800979e-01  9.60800979e-01 -6.47156172e+00]
 [-4.86189400e+00 -2.04721003e-06 -2.04721003e-06  9.35008504e+00
  -2.04721003e-06 -5.00895060e+00  9.35008504e+00 -2.04721003e-06
  -4.86189400e+00 -1.32147577e+00 -9.65549414e+00 -4.86189400e+00]
 [ 6.00493788e+00  2.84355565e+00  2.84355565e+00 -9.35398398e+00
   2.84355565e+00 -9.35398398e+00 -9.35398398e+00  2.84355565e+00
   6.00493788e+00  2.38085655e+00  2.38085655e+00  9.24142998e+00]
 [-6.92655871e-01  9.98214034e-10  9.98214034e-10 -1.85018087e+00
   9.98214034e-10 -1.85018087e+00 -1.85018087e+00  9.98214034e-10
  -9.30578020e+00 -4.12278018e+00  3.81000013e+00 -6.92655871e-01]]
Train validation errors
[[1.4938862032643404e+32, 2.7924062284477164e+32], [1.5624677013642165e+30, 2.995443307163054e+30], [3.9189988808556355e+39, 3.987948469912004e+39], [1.8809139450881028e+33, 3.573506704994952e+33], [1.7436192567227295e+41, 1.774321627567745e+41], [1.8923272472459216e+33, 3.59546819929895e+33], [1.88091394507724e+33, 3.573506704971956e+33], [1.5624677013486447e+30, 2.995443307127907e+30], [3.8299502545332755e+34, 7.241051136371463e+34], [3.929055392038613e+39, 4.0016732698445396e+39], [6.741385043826815e+33, 1.276131005104395e+34], [1.1759800011526455e+32, 2.1739875610695062e+32]]
Population:
[[ 3.37219439e-01  7.17908453e+00 -2.56130910e+00  0.00000000e+00
   0.00000000e+00  0.00000000e+00  7.17908453e+00  7.17908453e+00
   3.37219439e-01  7.01927081e+00  7.17908453e+00 -7.94804524e+00]
 [ 3.72610083e+00 -3.00222210e+00 -1.42392865e-01 -1.45799022e-12
  -1.45799022e-12 -1.45799022e-12 -3.00222210e+00 -3.00222210e+00
   3.72610083e+00 -3.00222210e+00 -3.00222210e+00  5.09808352e+00]
 [-2.95504586e+00  2.46394769e+00 -2.28980078e-13 -2.28980078e-13
   8.07216716e+00 -3.84141571e+00  4.66763292e+00  2.46394769e+00
  -2.95504586e+00  2.46394769e+00  2.46394769e+00  6.57889334e-01]
 [-8.40978365e+00  4.62010753e-11  4.62010753e-11  4.62010753e-11
  -8.48496898e+00  4.62010753e-11  4.62010753e-11  4.62010753e-11
  -8.40978365e+00  4.62010753e-11 -3.84418177e+00  6.12933721e+00]
 [-1.24475616e+00 -7.63335466e+00 -1.75214813e-10 -1.75214813e-10
  -1.75214813e-10  9.82199549e+00 -7.63335466e+00 -7.63335466e+00
  -1.24475616e+00 -7.63335466e+00 -7.63335466e+00  8.28721589e+00]
 [-1.03392134e-01 -1.83669770e-15 -1.83669770e-15 -1.83669770e-15
  -1.83669770e-15 -1.83669770e-15 -3.17996821e+00 -1.83669770e-15
  -1.03392134e-01 -1.83669770e-15 -6.76283818e-01  6.89631060e-01]
 [ 7.81427095e+00  8.52944060e-16  4.91753506e+00  8.52944060e-16
   8.52944060e-16  8.52944060e-16  9.00231628e+00  8.52944060e-16
  -3.41514141e-01  8.52944060e-16  8.52944060e-16 -8.21945973e+00]
 [-8.38584374e-01 -9.46799721e+00 -6.47156172e+00  6.35172050e+00
  -6.47156172e+00  7.78927487e+00  7.46405595e+00 -6.47156172e+00
   7.46405595e+00  6.35172050e+00  6.35172050e+00  7.46405595e+00]
 [-5.00895060e+00 -2.04721003e-06 -4.86189400e+00 -2.04721003e-06
  -4.86189400e+00 -9.65549414e+00  9.35008504e+00 -4.86189400e+00
   9.35008504e+00 -1.01600926e+00 -2.04721003e-06  9.35008504e+00]
 [-9.35398398e+00  2.84355565e+00  9.24142998e+00  2.84355565e+00
   6.00493788e+00  2.38085655e+00 -9.35398398e+00  6.00493788e+00
  -9.35398398e+00  2.84355565e+00  2.84355565e+00 -9.35398398e+00]
 [-1.85018087e+00  9.98214034e-10 -6.92655871e-01  9.98214034e-10
  -9.30578020e+00  3.81000013e+00 -1.85018087e+00 -6.92655871e-01
  -1.85018087e+00  9.98214034e-10 -9.33720294e+00 -1.85018087e+00]]
Train validation errors
[[3.9241063588753427e+39, 3.994924638085435e+39], [1.555039905277329e+30, 2.981042560111115e+30], [1.1759800011526455e+32, 2.1739875610695073e+32], [1.5624677013486447e+30, 2.9954433071279095e+30], [3.8299502551890218e+34, 7.241051137653465e+34], [6.741588824322504e+33, 1.2761714845319802e+34], [3.707482361254693e+42, 3.772811071358921e+42], [1.4938862032647455e+32, 2.7924062284484875e+32], [3.924091810894458e+39, 3.9949044564325043e+39], [1.540177348597509e+30, 2.9511441168369444e+30], [1.6782470070877132e+41, 1.7083070290345415e+41], [1.743279699714191e+41, 1.7738579334089194e+41]]
Population:
[[ 7.01927081e+00  7.17908453e+00  7.17908453e+00  3.37219439e-01
  -8.92517901e+00 -2.56130910e+00  7.01927081e+00 -7.94804524e+00
   7.17908453e+00  7.17908453e+00  7.17908453e+00  3.37219439e-01]
 [-3.00222210e+00 -3.00222210e+00 -3.00222210e+00  3.72610083e+00
  -1.45799022e-12 -9.38163182e+00 -3.00222210e+00  5.09808352e+00
  -3.00222210e+00 -3.00222210e+00 -3.00222210e+00  3.72610083e+00]
 [ 2.46394769e+00  2.46394769e+00  2.46394769e+00 -2.95504586e+00
   9.77509202e-01 -2.28980078e-13  2.46394769e+00  6.57889334e-01
   2.46394769e+00  2.46394769e+00  2.46394769e+00 -2.95504586e+00]
 [ 4.62010753e-11 -3.84418177e+00  4.62010753e-11 -8.40978365e+00
   4.62010753e-11  4.62010753e-11  4.62010753e-11  6.12933721e+00
   4.62010753e-11  4.62010753e-11  4.62010753e-11 -8.40978365e+00]
 [-7.63335466e+00 -7.63335466e+00 -7.63335466e+00 -1.24475616e+00
   9.82199549e+00 -1.75214813e-10 -7.63335466e+00  8.28721589e+00
  -3.32100882e+00 -7.63335466e+00 -7.63335466e+00 -1.24475616e+00]
 [-1.83669770e-15 -6.76283818e-01 -1.83669770e-15 -1.03392134e-01
   5.63671550e+00 -7.52935544e+00 -1.83669770e-15  6.89631060e-01
  -1.83669770e-15 -1.83669770e-15 -1.83669770e-15 -1.03392134e-01]
 [ 8.52944060e-16  8.52944060e-16  8.52944060e-16  7.81427095e+00
   8.52944060e-16  4.91753506e+00  8.52944060e-16 -8.21945973e+00
   8.52944060e-16  8.52944060e-16  8.52944060e-16  1.46525984e+00]
 [ 6.35172050e+00  6.35172050e+00 -8.38584374e-01 -9.46799721e+00
  -6.47156172e+00  7.78927487e+00  7.46405595e+00  6.35172050e+00
  -6.47156172e+00 -9.46799721e+00 -8.38584374e-01 -9.46799721e+00]
 [-2.04721003e-06 -1.01600926e+00 -5.00895060e+00 -2.04721003e-06
  -4.86189400e+00 -1.92415741e+00  9.35008504e+00 -8.13918614e+00
  -4.86189400e+00 -2.04721003e-06 -5.00895060e+00 -2.04721003e-06]
 [ 9.03796725e+00  2.84355565e+00 -9.35398398e+00  2.84355565e+00
   6.40166701e-01 -4.65616156e+00 -3.41942476e+00  5.91494833e+00
  -2.72540221e+00 -1.77426344e+00 -9.35398398e+00  2.84355565e+00]
 [-9.33720294e+00  9.98214034e-10 -1.85018087e+00  9.98214034e-10
  -6.92655871e-01  3.81000013e+00  7.33423210e+00  9.98214034e-10
  -6.92655871e-01  9.98214034e-10 -1.85018087e+00  2.62834047e+00]]
Train validation errors
[[3.803231365132754e+34, 7.188024491687593e+34], [1.6767616349383879e+41, 1.7062802651377073e+41], [1.8923272472459216e+33, 3.59546819929895e+33], [3.9189992020072304e+39, 3.9879489189080696e+39], [1.164835399167779e+43, 1.1853409330622643e+43], [2.0783445736681226e+43, 2.1149141436153817e+43], [2.3980655127859563e+34, 4.534760384127087e+34], [1.743628818255137e+41, 1.774334772845389e+41], [2.552925160045136e+32, 4.8468573518998945e+32], [6.099241122058617e+29, 1.1693347693851843e+30], [1.8923272472459216e+33, 3.59546819929895e+33], [3.912611548501436e+39, 3.9792356910459514e+39]]
Population:
[[ 7.17908453e+00 -2.56130910e+00  7.17908453e+00  3.37219439e-01
   7.17908453e+00  7.17908453e+00  7.17908453e+00  3.37219439e-01
   3.37219439e-01  7.17908453e+00  7.17908453e+00  7.17908453e+00]
 [-3.00222210e+00 -9.38163182e+00 -3.00222210e+00  3.72610083e+00
  -2.01479033e+00 -3.00222210e+00 -3.00222210e+00  3.72610083e+00
   3.72610083e+00 -3.00222210e+00 -3.00222210e+00 -3.00222210e+00]
 [ 2.46394769e+00  5.47601908e+00  2.46394769e+00 -2.95504586e+00
   2.46394769e+00  2.46394769e+00  2.46394769e+00 -2.95504586e+00
  -8.89736056e+00  2.46394769e+00  2.46394769e+00  2.46394769e+00]
 [ 4.62010753e-11  4.62010753e-11  4.62010753e-11 -8.40978365e+00
   4.62010753e-11  4.62010753e-11 -3.84418177e+00 -8.40978365e+00
  -8.40978365e+00  4.62010753e-11 -3.84418177e+00  4.62010753e-11]
 [-7.63335466e+00  4.80877384e+00 -7.63335466e+00 -1.24475616e+00
  -7.63335466e+00 -3.32100882e+00 -7.63335466e+00 -1.24475616e+00
  -1.24475616e+00 -7.63335466e+00 -7.63335466e+00 -7.63335466e+00]
 [-1.83669770e-15 -7.52935544e+00 -1.83669770e-15  7.81375663e+00
  -1.83669770e-15  3.52441552e+00 -6.76283818e-01 -3.02058550e+00
  -1.03392134e-01 -1.83669770e-15  3.78329144e+00 -1.83669770e-15]
 [ 8.52944060e-16  4.91753506e+00  8.52944060e-16 -3.26683395e+00
   8.52944060e-16 -1.29467043e+00  8.52944060e-16  7.81427095e+00
   1.46525984e+00  8.52944060e-16  8.52944060e-16  8.52944060e-16]
 [ 7.78927487e+00 -9.46799721e+00 -9.46799721e+00 -8.38584374e-01
  -6.47156172e+00 -9.46799721e+00 -9.46799721e+00  6.35172050e+00
  -8.38584374e-01 -9.46799721e+00 -9.46799721e+00  6.35172050e+00]
 [-1.92415741e+00 -2.04721003e-06 -2.04721003e-06 -5.00895060e+00
  -4.86189400e+00 -2.04721003e-06 -2.04721003e-06 -1.01600926e+00
  -5.00895060e+00 -2.04721003e-06 -2.04721003e-06 -1.01600926e+00]
 [-4.65616156e+00 -1.77426344e+00  2.84355565e+00 -2.80452129e+00
  -2.72540221e+00 -1.77426344e+00  2.84355565e+00  2.84355565e+00
  -9.35398398e+00  2.84355565e+00 -5.59796424e+00  2.84355565e+00]
 [ 8.62833020e+00  1.07914099e+00  2.62834047e+00 -1.85018087e+00
  -6.92655871e-01  9.98214034e-10  7.39545301e+00  9.98214034e-10
  -1.85018087e+00  2.62834047e+00  9.98214034e-10  9.98214034e-10]]
Train validation errors
[[3.304783233155043e+34, 6.2487861976635955e+34], [2.0783918826139558e+43, 2.114978677298673e+43], [3.2738639903445847e+33, 6.200184822246395e+33], [2.2383533831250617e+43, 2.2777507591048704e+43], [2.552925162348197e+32, 4.846857356430003e+32], [4.55396430533781e+42, 4.6341425752098536e+42], [1.6755856218659383e+41, 1.7046759104439586e+41], [3.345010127208706e+42, 3.403902567271788e+42], [3.9241063588753427e+39, 3.994924638085436e+39], [3.2738639903445847e+33, 6.200184822246395e+33], [5.2475242897108694e+42, 5.339911170361611e+42], [1.540177348597509e+30, 2.9511441168369444e+30]]
Population:
[[ 7.17908453e+00  7.17908453e+00  7.17908453e+00 -6.88658613e+00
   7.17908453e+00  3.37219439e-01  7.17908453e+00  7.17908453e+00
   7.17908453e+00  3.37219439e-01  7.17908453e+00  7.17908453e+00]
 [-3.00222210e+00 -3.00222210e+00 -3.00222210e+00 -2.01479033e+00
  -3.00222210e+00  3.72610083e+00 -3.00222210e+00  4.27267130e+00
   6.97762187e+00  3.72610083e+00 -3.00222210e+00 -2.01479033e+00]
 [ 2.46394769e+00  2.46394769e+00  2.46394769e+00  2.46394769e+00
   2.46394769e+00 -8.89736056e+00  2.46394769e+00  2.46394769e+00
   2.46394769e+00 -2.95504586e+00  2.46394769e+00  2.46394769e+00]
 [ 4.62010753e-11  4.62010753e-11  4.62010753e-11  4.62010753e-11
   4.62010753e-11 -8.40978365e+00  4.62010753e-11  4.62010753e-11
   4.62010753e-11 -8.40978365e+00  4.62010753e-11  4.62010753e-11]
 [-7.63335466e+00 -7.63335466e+00 -7.63335466e+00 -7.63335466e+00
  -7.63335466e+00 -1.24475616e+00 -7.63335466e+00 -7.63335466e+00
  -7.63335466e+00 -1.24475616e+00 -3.32100882e+00 -7.63335466e+00]
 [-1.83669770e-15  5.61183602e+00 -1.83669770e-15 -1.83669770e-15
  -1.83669770e-15 -1.03392134e-01 -1.83669770e-15 -1.83669770e-15
  -1.83669770e-15  7.81375663e+00  3.52441552e+00  5.05282270e+00]
 [ 8.52944060e-16  8.52944060e-16  8.01104310e+00  8.52944060e-16
   8.52944060e-16  1.46525984e+00  8.52944060e-16  8.52944060e-16
   8.52944060e-16 -3.26683395e+00 -1.29467043e+00  8.52944060e-16]
 [ 7.78927487e+00  6.35172050e+00 -6.47156172e+00  7.78927487e+00
  -8.38584374e-01  6.35172050e+00  6.35172050e+00 -9.46799721e+00
  -8.38584374e-01 -9.46799721e+00 -6.47156172e+00 -9.46799721e+00]
 [-1.92415741e+00 -1.01600926e+00  5.30555914e+00 -1.92415741e+00
  -5.00895060e+00 -1.01600926e+00 -1.01600926e+00 -2.04721003e-06
  -5.00895060e+00 -2.04721003e-06 -4.86189400e+00 -2.04721003e-06]
 [-4.65616156e+00  2.84355565e+00 -2.72540221e+00 -4.65616156e+00
  -9.35398398e+00  2.84355565e+00  2.84355565e+00  2.84355565e+00
  -2.80452129e+00  2.84355565e+00 -2.72540221e+00 -1.77426344e+00]
 [ 8.62833020e+00  9.98214034e-10 -6.92655871e-01  8.62833020e+00
  -1.85018087e+00  9.98214034e-10  9.98214034e-10  2.62834047e+00
  -1.85018087e+00  2.62834047e+00 -6.92655871e-01  9.98214034e-10]]
Train validation errors
[[3.304783233155043e+34, 6.2487861976635955e+34], [1.1545850424878004e+43, 1.1749135063925635e+43], [2.523617166358651e+32, 4.7905211399532676e+32], [3.3047832331550435e+34, 6.248786197663597e+34], [1.8923272472459216e+33, 3.59546819929895e+33], [3.9189998974758485e+39, 3.987949879639688e+39], [1.540177348597509e+30, 2.9511441168369444e+30], [3.2738639903445957e+33, 6.200184822246419e+33], [1.654107074569066e+33, 3.133962602272264e+33], [2.2384378232113687e+43, 2.277865988738168e+43], [4.5539051310800825e+42, 4.6340618198792676e+42], [9.360167456032387e+42, 9.524965643168004e+42]]
Population:
[[ 7.17908453e+00 -6.88658613e+00  7.17908453e+00  7.17908453e+00
   7.17908453e+00  7.17908453e+00  7.17908453e+00  7.17908453e+00
   7.17908453e+00  7.17908453e+00 -8.81084971e+00  7.17908453e+00]
 [-3.00222210e+00 -2.01479033e+00 -6.47063988e+00  6.97762187e+00
  -3.00222210e+00  4.27267130e+00 -3.00222210e+00 -6.26119083e+00
   6.97762187e+00 -3.00222210e+00 -7.10560479e+00 -3.00222210e+00]
 [ 2.46394769e+00  2.46394769e+00  2.46394769e+00  2.46394769e+00
   2.46394769e+00  2.46394769e+00  2.46394769e+00  2.46394769e+00
   2.46394769e+00  2.46394769e+00  2.46394769e+00  2.46394769e+00]
 [ 4.62010753e-11  4.62010753e-11  4.62010753e-11  4.62010753e-11
   3.76556877e+00  4.62010753e-11  4.62010753e-11 -2.71425488e+00
   4.62010753e-11  4.62010753e-11  4.62010753e-11  4.62010753e-11]
 [-7.63335466e+00 -7.63335466e+00 -7.63335466e+00 -7.63335466e+00
  -7.63335466e+00 -7.63335466e+00 -7.63335466e+00 -7.63335466e+00
  -7.63335466e+00 -3.32100882e+00 -7.63335466e+00 -7.63335466e+00]
 [-1.83669770e-15 -1.83669770e-15 -1.83669770e-15 -1.83669770e-15
  -1.83669770e-15 -1.83669770e-15 -1.83669770e-15 -1.83669770e-15
   7.96822660e+00  3.52441552e+00 -1.83669770e-15 -1.83669770e-15]
 [ 8.01104310e+00  8.52944060e-16  8.52944060e-16  8.52944060e-16
   8.52944060e-16  8.52944060e-16  8.52944060e-16  8.52944060e-16
   8.52944060e-16 -1.29467043e+00  8.52944060e-16  8.52944060e-16]
 [ 7.78927487e+00 -6.47156172e+00 -8.38584374e-01 -9.46799721e+00
  -9.46799721e+00  6.35172050e+00 -8.38584374e-01  7.78927487e+00
  -6.47156172e+00 -8.38584374e-01 -8.38584374e-01  6.35172050e+00]
 [-1.92415741e+00 -2.82072097e+00 -5.00895060e+00 -2.04721003e-06
  -2.04721003e-06 -1.01600926e+00 -5.00895060e+00 -1.92415741e+00
   9.02347817e+00 -5.00895060e+00 -5.00895060e+00 -1.01600926e+00]
 [-4.65616156e+00 -2.72540221e+00 -2.80452129e+00  2.84355565e+00
   2.84355565e+00  2.84355565e+00 -2.80452129e+00 -4.65616156e+00
  -2.72540221e+00 -2.80452129e+00  9.75277436e-01  2.84355565e+00]
 [ 5.57532162e+00 -9.48417155e+00 -4.77299554e+00  2.62834047e+00
   2.62834047e+00  9.98214034e-10 -1.85018087e+00  5.00631170e+00
  -6.92655871e-01 -1.85018087e+00 -1.85018087e+00  9.98214034e-10]]
Train validation errors
[[1.3630805675933034e+34, 2.5765520749983196e+34], [4.1309798051990515e+34, 7.817554508525062e+34], [1.059593190575032e+34, 2.0057967732395825e+34], [3.2738639903446e+33, 6.20018482224643e+33], [3.2738639903584924e+33, 6.200184822276038e+33], [1.5401773485978018e+30, 2.951144116837512e+30], [1.654107074569077e+33, 3.133962602272289e+33], [1.0947270377458971e+34, 2.0690890134865328e+34], [2.327750604789362e+43, 2.368729283048682e+43], [4.5538090555893995e+42, 4.633930739086845e+42], [1.5241564410154493e+33, 2.88205604160015e+33], [1.540177348597509e+30, 2.9511441168369444e+30]]
Population:
[[ 7.17908453e+00  5.34998548e+00 -3.30000261e+00  7.17908453e+00
   7.17908453e+00  7.17908453e+00 -8.81084971e+00  7.17908453e+00
   7.17908453e+00  7.17908453e+00 -8.81084971e+00  7.17908453e+00]
 [ 6.97762187e+00 -3.00222210e+00 -3.00222210e+00  2.86113253e+00
  -3.00222210e+00  4.27267130e+00  9.31862326e+00 -3.00222210e+00
  -3.00222210e+00  4.27267130e+00 -7.10560479e+00  4.27267130e+00]
 [ 2.46394769e+00  2.46394769e+00  2.46394769e+00  2.46394769e+00
   5.89334120e+00  2.46394769e+00  4.41703249e+00  2.46394769e+00
   2.46394769e+00  2.46394769e+00  2.46394769e+00  2.46394769e+00]
 [ 4.62010753e-11  4.62010753e-11 -1.29226687e+00  8.45323232e-01
   4.62010753e-11 -2.22698353e+00  4.62010753e-11  4.62010753e-11
   4.62010753e-11  4.62010753e-11  4.62010753e-11  4.62010753e-11]
 [-7.63335466e+00 -7.63335466e+00 -7.63335466e+00 -7.63335466e+00
  -7.63335466e+00 -7.63335466e+00 -7.63335466e+00 -7.63335466e+00
  -7.63335466e+00 -7.63335466e+00 -7.63335466e+00 -7.63335466e+00]
 [-6.35926328e+00 -1.83669770e-15 -1.83669770e-15 -1.83669770e-15
  -1.83669770e-15  4.44163925e+00 -1.83669770e-15 -1.83669770e-15
  -1.83669770e-15 -1.83669770e-15 -1.83669770e-15 -1.83669770e-15]
 [ 8.52944060e-16  8.52944060e-16  8.01104310e+00  8.52944060e-16
   8.52944060e-16  8.52944060e-16  8.52944060e-16  8.52944060e-16
   8.52944060e-16  8.52944060e-16  8.52944060e-16  7.65723414e+00]
 [-7.65680776e+00 -9.46799721e+00  6.35172050e+00  7.78927487e+00
   6.35172050e+00  6.35172050e+00  6.35172050e+00 -8.38584374e-01
   6.35172050e+00  6.35172050e+00  6.35172050e+00 -8.38584374e-01]
 [-1.01600926e+00 -2.04721003e-06 -1.01600926e+00 -1.92415741e+00
  -1.01600926e+00 -1.01600926e+00 -1.01600926e+00 -9.70108238e+00
  -1.01600926e+00 -1.01600926e+00 -1.01600926e+00 -5.00895060e+00]
 [ 2.84355565e+00  4.74319810e+00  2.84355565e+00 -4.65616156e+00
   2.84355565e+00 -3.10806353e+00  2.84355565e+00  9.75277436e-01
   2.84355565e+00  2.84355565e+00  2.84355565e+00  9.75277436e-01]
 [ 9.98214034e-10  2.62834047e+00  9.98214034e-10  5.57532162e+00
   9.98214034e-10  9.98214034e-10  9.98214034e-10 -1.85018087e+00
   9.98214034e-10  9.98214034e-10  2.28785369e+00 -1.85018087e+00]]
Train validation errors
[[1.4826172874042773e+43, 1.5087206720116064e+43], [3.3683624642466366e+33, 6.383323926488708e+33], [1.540177348482574e+30, 2.9511441166120796e+30], [1.3630805675939389e+34, 2.5765520749996796e+34], [1.5401773486030634e+30, 2.95114411684954e+30], [7.232723545693413e+42, 7.360064070242945e+42], [1.5401773486011567e+30, 2.951144116845051e+30], [1.527475409697824e+33, 2.888416421550451e+33], [1.540177348597509e+30, 2.9511441168369444e+30], [1.5401773485978018e+30, 2.951144116837512e+30], [2.49578935181776e+33, 4.727337390213934e+33], [1.524156441015437e+33, 2.8820560416001226e+33]]
Population:
[[ 7.17908453e+00 -3.94393611e+00  7.17908453e+00  7.17908453e+00
  -8.81084971e+00  7.17908453e+00 -8.81084971e+00  7.17908453e+00
  -1.55452271e+00  7.17908453e+00  9.95117050e+00  7.17908453e+00]
 [ 8.14646876e+00 -3.00222210e+00  4.27267130e+00 -3.00222210e+00
  -9.16119904e+00 -3.00222210e+00 -8.34598559e-01  2.86113253e+00
  -3.00222210e+00 -3.00222210e+00 -1.87814676e+00 -9.55499135e+00]
 [ 2.46394769e+00  2.46394769e+00  2.46394769e+00  2.46394769e+00
   4.41703249e+00  2.46394769e+00  2.46394769e+00  2.46394769e+00
   2.46394769e+00  5.89334120e+00  8.46324781e+00  2.46394769e+00]
 [ 4.62010753e-11  4.62010753e-11  4.62010753e-11  4.62010753e-11
   4.62010753e-11 -2.84523089e+00  4.62010753e-11  8.45323232e-01
   4.62010753e-11  4.62010753e-11  4.62010753e-11  4.62010753e-11]
 [-7.63335466e+00  3.27466692e+00 -7.63335466e+00 -7.63335466e+00
  -7.63335466e+00 -7.63335466e+00 -7.63335466e+00 -7.63335466e+00
  -7.63335466e+00 -7.63335466e+00 -7.63335466e+00 -7.63335466e+00]
 [-1.83669770e-15 -1.83669770e-15 -1.83669770e-15 -1.83669770e-15
  -1.83669770e-15 -1.83669770e-15 -1.83669770e-15 -2.86557198e+00
  -1.83669770e-15 -5.03288336e+00 -1.83669770e-15 -1.83669770e-15]
 [ 7.65723414e+00  8.52944060e-16  8.52944060e-16  8.52944060e-16
   8.52944060e-16  1.04257082e+00  8.52944060e-16  8.52944060e-16
   8.52944060e-16  8.24889792e+00  8.52944060e-16  8.52944060e-16]
 [ 6.35172050e+00 -8.38584374e-01  2.56041575e+00  6.35172050e+00
   6.35172050e+00  6.35172050e+00  7.78927487e+00 -8.44731331e+00
   6.35172050e+00  6.35172050e+00  6.35172050e+00  6.35172050e+00]
 [-1.01600926e+00 -5.00895060e+00 -1.01600926e+00 -1.01600926e+00
  -1.01600926e+00 -8.35109019e+00 -1.92415741e+00 -1.01600926e+00
  -1.01600926e+00 -1.01600926e+00 -1.01600926e+00 -1.01600926e+00]
 [ 2.84355565e+00  9.75277436e-01  2.84355565e+00  2.84355565e+00
   2.84355565e+00  2.84355565e+00 -4.65616156e+00  2.84355565e+00
   2.84355565e+00  2.84355565e+00  2.84355565e+00  2.84355565e+00]
 [ 9.98214034e-10 -1.85018087e+00  9.98214034e-10  9.98214034e-10
   9.98214034e-10  9.98214034e-10  5.57532162e+00  2.28785369e+00
   9.98214034e-10  4.27532295e+00  9.98214034e-10  9.98214034e-10]]
Train validation errors
[[1.540177348597956e+30, 2.951144116837809e+30], [1.5241564395856712e+33, 2.8820560388086264e+33], [1.5384081603253292e+30, 2.9477154424864995e+30], [1.540177348597509e+30, 2.9511441168369444e+30], [1.5401773486004145e+30, 2.9511441168436114e+30], [1.3843104562513862e+30, 2.6411330218700345e+30], [1.363080567593304e+34, 2.576552074998321e+34], [3.0103399716026314e+42, 3.063286663244429e+42], [1.540177348597503e+30, 2.95114411683693e+30], [9.285930862890672e+42, 9.44924565666399e+42], [1.540177348607273e+30, 2.9511441168590717e+30], [1.540177348597246e+30, 2.9511441168364343e+30]]
Population:
[[-8.81084971e+00  9.95117050e+00 -8.81084971e+00  7.17908453e+00
   7.17908453e+00  7.17908453e+00 -8.81084971e+00  1.17115405e+00
   7.17908453e+00  7.17908453e+00  7.17908453e+00  7.17908453e+00]
 [-9.16119904e+00 -1.87814676e+00 -9.97026683e+00 -3.00222210e+00
  -9.55499135e+00  4.27267130e+00  6.18130956e+00 -9.55499135e+00
  -9.55499135e+00  2.86113253e+00  4.27267130e+00 -9.55499135e+00]
 [ 4.41703249e+00  8.46324781e+00  4.41703249e+00  2.46394769e+00
   2.46394769e+00  2.46394769e+00  4.41703249e+00  2.46394769e+00
   2.46394769e+00  2.46394769e+00  2.46394769e+00  2.46394769e+00]
 [ 4.62010753e-11  4.62010753e-11  4.62010753e-11 -9.93179075e+00
   4.62010753e-11  4.62010753e-11 -9.33572236e+00  4.62010753e-11
   4.62010753e-11  8.45323232e-01  4.62010753e-11  4.62010753e-11]
 [-7.63335466e+00 -7.63335466e+00 -7.63335466e+00  1.22841850e-01
  -7.63335466e+00 -7.63335466e+00  2.84136253e+00 -7.63335466e+00
  -7.63335466e+00 -7.63335466e+00 -7.63335466e+00 -7.63335466e+00]
 [-1.83669770e-15 -1.83669770e-15 -1.83669770e-15 -1.83669770e-15
  -1.83669770e-15 -1.83669770e-15 -1.83669770e-15 -1.83669770e-15
  -1.83669770e-15 -2.86557198e+00 -1.12479627e+00 -1.83669770e-15]
 [ 8.52944060e-16  8.52944060e-16  8.52944060e-16  1.04257082e+00
   8.52944060e-16  8.52944060e-16  8.52944060e-16  8.52944060e-16
   8.52944060e-16  8.52944060e-16  8.52944060e-16  8.52944060e-16]
 [ 4.66080357e+00  6.35172050e+00  6.35172050e+00  6.35172050e+00
   2.56041575e+00  6.35172050e+00  6.35172050e+00  6.35172050e+00
  -8.44731331e+00  6.35172050e+00  6.35172050e+00  2.56041575e+00]
 [-1.01600926e+00 -1.01600926e+00 -8.35109019e+00 -1.01600926e+00
  -1.01600926e+00 -1.01600926e+00  7.62421489e+00 -1.01600926e+00
  -1.01600926e+00 -1.01600926e+00 -1.01600926e+00 -1.01600926e+00]
 [-3.28841973e-01  2.84355565e+00  2.84355565e+00  2.84355565e+00
   2.84355565e+00  2.84355565e+00  2.84355565e+00  2.84355565e+00
   2.84355565e+00  2.84355565e+00  2.84355565e+00  2.84355565e+00]
 [ 9.98214034e-10  9.98214034e-10  9.98214034e-10  9.98214034e-10
   9.98214034e-10  9.98214034e-10  9.98214034e-10  9.98214034e-10
   2.28785369e+00  9.98214034e-10  9.98214034e-10  9.98214034e-10]]
Train validation errors
[[2.325866951204313e+28, 4.476419961209649e+28], [1.540177348607273e+30, 2.9511441168590717e+30], [1.3843104564951258e+30, 2.6411330223441886e+30], [1.5401773777379106e+30, 2.9511441792792485e+30], [1.5384081603247738e+30, 2.9477154424854226e+30], [1.5401773485978018e+30, 2.951144116837512e+30], [1.7351763677463478e+30, 3.338414993838078e+30], [1.5401773485972417e+30, 2.951144116836424e+30], [2.495520471470943e+33, 4.726803430029373e+33], [3.010494142977088e+42, 3.0634970045230064e+42], [4.638333945554001e+41, 4.719993314348104e+41], [1.5384081603247738e+30, 2.9477154424854226e+30]]
Population:
[[ 7.17908453e+00  7.17908453e+00 -8.81084971e+00 -8.81084971e+00
   7.17908453e+00  7.17908453e+00  7.17908453e+00 -8.81084971e+00
   2.92635207e+00  9.95117050e+00  9.95117050e+00  7.17908453e+00]
 [-3.00222210e+00  4.27267130e+00 -9.16119904e+00 -4.44796180e-01
  -3.00222210e+00  2.86113253e+00  4.27267130e+00 -9.97026683e+00
  -9.16119904e+00 -1.87814676e+00 -1.87814676e+00 -9.55499135e+00]
 [ 2.46394769e+00  2.46394769e+00  4.41703249e+00  4.41703249e+00
   2.46394769e+00  7.67429840e+00  2.46394769e+00  4.41703249e+00
   4.41703249e+00  8.46324781e+00  8.46324781e+00  2.46394769e+00]
 [-9.93179075e+00  4.62010753e-11  4.62010753e-11  4.62010753e-11
  -9.93179075e+00  8.45323232e-01  4.62010753e-11  4.62010753e-11
  -8.88471766e+00  4.62010753e-11  4.62010753e-11  4.62010753e-11]
 [-9.64909120e+00 -7.63335466e+00 -7.63335466e+00 -7.63335466e+00
  -2.59517585e+00 -7.63335466e+00 -7.63335466e+00 -7.28424715e+00
  -7.63335466e+00 -7.63335466e+00 -7.63335466e+00 -7.63335466e+00]
 [-4.85211484e+00 -1.83669770e-15 -1.83669770e-15 -1.83669770e-15
  -1.83669770e-15 -2.86557198e+00 -1.83669770e-15 -1.83669770e-15
  -1.83669770e-15 -5.81593753e+00 -1.83669770e-15 -1.83669770e-15]
 [ 1.04257082e+00  8.52944060e-16  8.52944060e-16  8.52944060e-16
   1.04257082e+00 -3.33346572e+00  8.52944060e-16  8.52944060e-16
   8.52944060e-16  8.52944060e-16  8.52944060e-16  8.52944060e-16]
 [ 6.35172050e+00  6.35172050e+00  5.91991193e+00  4.66080357e+00
   6.35172050e+00  6.35172050e+00  6.35172050e+00  6.35172050e+00
   6.35172050e+00  4.66080357e+00  2.56041575e+00  6.35172050e+00]
 [-1.01600926e+00 -1.01600926e+00 -8.35109019e+00 -1.01600926e+00
  -1.01600926e+00 -1.01600926e+00 -8.35109019e+00 -1.01600926e+00
  -1.01600926e+00 -1.01600926e+00 -1.01600926e+00 -1.01600926e+00]
 [-8.90629233e+00  2.84355565e+00  2.84355565e+00  9.61546879e+00
   2.84355565e+00  2.84355565e+00  2.84355565e+00  2.84355565e+00
   2.84355565e+00 -3.28841973e-01 -9.92043619e+00  2.84355565e+00]
 [ 9.98214034e-10  9.98214034e-10  9.98214034e-10  9.98214034e-10
   9.98214034e-10  9.98214034e-10  9.98214034e-10  9.98214034e-10
   9.98214034e-10  9.98214034e-10  9.98214034e-10  9.98214034e-10]]
Train validation errors
[[8.631353048456929e+42, 8.783328296393677e+42], [1.5401773485978018e+30, 2.951144116837512e+30], [1.384119229239517e+30, 2.640763574393506e+30], [1.7763803272193128e+31, 3.4049531422094587e+31], [1.5401773672166588e+30, 2.9511441567919165e+30], [3.010494142977088e+42, 3.0634970045230064e+42], [1.3843104564927228e+30, 2.6411330223384826e+30], [1.5401773499517513e+30, 2.9511441197318655e+30], [1.540177347810265e+30, 2.9511441152977626e+30], [1.2400956908701757e+43, 1.2619294613074235e+43], [1.9054857925282493e+31, 3.6535095935402323e+31], [1.540177348597246e+30, 2.9511441168364343e+30]]
